1880.0437              273.0976257324218750
1880.1257              273.2881774902343750
1880.2076              272.9403381347656250
1880.2924              272.3478393554687500
1880.3743              271.6351013183593750
1880.4590              271.3098754882812500
1880.5410              271.2887878417968750
1880.6257              271.2857360839843750
1880.7103              271.2998657226562500
1880.7924              271.3056640625000000
1880.8771              271.3403930664062500
1880.9590              271.7733154296875000
1881.0438              272.6034545898437500
1881.1260              272.8269653320312500
1881.2054              272.6484680175781250
1881.2904              271.8566284179687500
1881.3726              271.3541870117187500
1881.4575              271.2891540527343750
1881.5397              271.2878112792968750
1881.6246              271.2993774414062500
1881.7096              271.2919921875000000
1881.7917              271.3063964843750000
1881.8767              271.3503723144531250
1881.9589              271.7845458984375000
1882.0438              272.7546081542968750
1882.1260              272.9288940429687500
1882.2054              272.6009521484375000
1882.2904              271.8306884765625000
1882.3726              271.2904663085937500
1882.4575              271.2880554199218750
1882.5397              271.2907104492187500
1882.6246              271.3041687011718750
1882.7096              271.3082580566406250
1882.7917              271.3079223632812500
1882.8767              271.3278503417968750
1882.9589              271.7121276855468750
1883.0438              272.7633666992187500
1883.1260              272.9128112792968750
1883.2054              272.5045471191406250
1883.2904              271.8900756835937500
1883.3726              271.3109130859375000
1883.4575              271.2841796875000000
1883.5397              271.2832336425781250
1883.6246              271.2889709472656250
1883.7096              271.2854614257812500
1883.7917              271.2924499511718750
1883.8767              271.3343505859375000
1883.9589              271.6934509277343750
1884.0437              272.6463317871093750
1884.1257              272.7937316894531250
1884.2076              272.3313598632812500
1884.2924              271.5902404785156250
1884.3743              271.2919616699218750
1884.4590              271.2869873046875000
1884.5410              271.2860717773437500
1884.6257              271.2873535156250000
1884.7103              271.2992858886718750
1884.7924              271.3082275390625000
1884.8771              271.3405151367187500
1884.9590              271.6274719238281250
1885.0438              272.4714965820312500
1885.1260              272.6332702636718750
1885.2054              272.3244323730468750
1885.2904              271.7708435058593750
1885.3726              271.3217163085937500
1885.4575              271.2909240722656250
1885.5397              271.2904357910156250
1885.6246              271.2885437011718750
1885.7096              271.2979736328125000
1885.7917              271.2994384765625000
1885.8767              271.3293151855468750
1885.9589              271.8788146972656250
1886.0438              273.0176696777343750
1886.1260              273.2743530273437500
1886.2054              272.7127685546875000
1886.2904              272.0877685546875000
1886.3726              271.4322509765625000
1886.4575              271.3047180175781250
1886.5397              271.2904357910156250
1886.6246              271.2850646972656250
1886.7096              271.2845153808593750
1886.7917              271.2919616699218750
1886.8767              271.3317565917968750
1886.9589              271.5233764648437500
1887.0438              272.2929687500000000
1887.1260              272.7780761718750000
1887.2054              272.3971252441406250
1887.2904              271.7494506835937500
1887.3726              271.2993469238281250
1887.4575              271.2898559570312500
1887.5397              271.3032531738281250
1887.6246              271.2971801757812500
1887.7096              271.3150634765625000
1887.7917              271.3404846191406250
1887.8767              271.3789672851562500
1887.9589              272.1313171386718750
1888.0437              273.1352844238281250
1888.1257              273.2562561035156250
1888.2076              272.5424804687500000
1888.2924              271.8845520019531250
1888.3743              271.3090515136718750
1888.4590              271.2922058105468750
1888.5410              271.2933044433593750
1888.6257              271.3151855468750000
1888.7103              271.3236694335937500
1888.7924              271.3109741210937500
1888.8771              271.3616943359375000
1888.9590              271.6744689941406250
1889.0438              272.5623474121093750
1889.1260              272.6782226562500000
1889.2054              272.4323730468750000
1889.2904              271.8717956542968750
1889.3726              271.3036804199218750
1889.4575              271.2883911132812500
1889.5397              271.2887878417968750
1889.6246              271.3052673339843750
1889.7096              271.3027954101562500
1889.7917              271.3134460449218750
1889.8767              271.3457336425781250
1889.9589              271.8855895996093750
1890.0438              272.9526062011718750
1890.1260              273.2570800781250000
1890.2054              272.8074951171875000
1890.2904              272.1875610351562500
1890.3726              271.5134887695312500
1890.4575              271.3021240234375000
1890.5397              271.2952270507812500
1890.6246              271.2938232421875000
1890.7096              271.2933349609375000
1890.7917              271.2947387695312500
1890.8767              271.3968505859375000
1890.9589              272.0101623535156250
1891.0438              272.8573913574218750
1891.1260              273.1306457519531250
1891.2054              272.7242736816406250
1891.2904              271.8564758300781250
1891.3726              271.3061218261718750
1891.4575              271.2913818359375000
1891.5397              271.3019409179687500
1891.6246              271.3048095703125000
1891.7096              271.2990417480468750
1891.7917              271.3162841796875000
1891.8767              271.4765625000000000
1891.9589              272.0222167968750000
1892.0437              272.8858642578125000
1892.1257              273.1402893066406250
1892.2076              272.9501647949218750
1892.2924              272.2814636230468750
1892.3743              271.4557495117187500
1892.4590              271.2971191406250000
1892.5410              271.2947082519531250
1892.6257              271.2933959960937500
1892.7103              271.3302612304687500
1892.7924              271.3209533691406250
1892.8771              271.3777160644531250
1892.9590              271.9555053710937500
1893.0438              272.6375427246093750
1893.1260              272.8283691406250000
1893.2054              272.5563354492187500
1893.2904              271.9294738769531250
1893.3726              271.3230895996093750
1893.4575              271.2940979003906250
1893.5397              271.3024291992187500
1893.6246              271.3078308105468750
1893.7096              271.3015747070312500
1893.7917              271.3197326660156250
1893.8767              271.3548889160156250
1893.9589              271.6077575683593750
1894.0438              272.4930114746093750
1894.1260              272.8614807128906250
1894.2054              272.4830017089843750
1894.2904              271.8494567871093750
1894.3726              271.3021240234375000
1894.4575              271.2893676757812500
1894.5397              271.2872314453125000
1894.6246              271.2887573242187500
1894.7096              271.2925415039062500
1894.7917              271.3117980957031250
1894.8767              271.3478698730468750
1894.9589              271.6307373046875000
1895.0438              272.7432556152343750
1895.1260              273.2461242675781250
1895.2054              272.8158569335937500
1895.2904              272.2215881347656250
1895.3726              271.3680419921875000
1895.4575              271.2890625000000000
1895.5397              271.2859497070312500
1895.6246              271.2987060546875000
1895.7096              271.3043823242187500
1895.7917              271.3074645996093750
1895.8767              271.4543457031250000
1895.9589              272.2396545410156250
1896.0437              273.1802978515625000
1896.1257              273.2293701171875000
1896.2076              273.0168151855468750
1896.2924              272.4253540039062500
1896.3743              271.7193298339843750
1896.4590              271.3112487792968750
1896.5410              271.2922058105468750
1896.6257              271.2882995605468750
1896.7103              271.3072509765625000
1896.7924              271.3194274902343750
1896.8771              271.3367614746093750
1896.9590              271.4851989746093750
1897.0438              272.1836547851562500
1897.1260              272.5945739746093750
1897.2054              272.2210388183593750
1897.2904              271.6510620117187500
1897.3726              271.3110961914062500
1897.4575              271.2875976562500000
1897.5397              271.2870178222656250
1897.6246              271.2963256835937500
1897.7096              271.3039245605468750
1897.7917              271.3082275390625000
1897.8767              271.3409729003906250
1897.9589              272.0562438964843750
1898.0438              273.0755004882812500
1898.1260              273.3217773437500000
1898.2054              272.7408447265625000
1898.2904              271.7788085937500000
1898.3726              271.2972717285156250
1898.4575              271.2875061035156250
1898.5397              271.2850952148437500
1898.6246              271.3023681640625000
1898.7096              271.3010253906250000
1898.7917              271.3061828613281250
1898.8767              271.3341369628906250
1898.9589              271.6733093261718750
1899.0438              272.5136718750000000
1899.1260              272.9033203125000000
1899.2054              272.5621032714843750
1899.2904              271.9353332519531250
1899.3726              271.3578796386718750
1899.4575              271.2901611328125000
1899.5397              271.2888183593750000
1899.6246              271.2963867187500000
1899.7096              271.3434143066406250
1899.7917              271.3353576660156250
1899.8767              271.3435058593750000
1899.9589              271.7442321777343750
1900.0438              272.6662902832031250
1900.1260              272.9419860839843750
1900.2054              272.8131408691406250
1900.2904              272.2307434082031250
1900.3726              271.4981994628906250
1900.4575              271.2906799316406250
1900.5397              271.2846984863281250
1900.6246              271.2832946777343750
1900.7096              271.3021240234375000
1900.7917              271.3191223144531250
1900.8767              271.4314880371093750
1900.9589              272.1875000000000000
1901.0438              273.3399963378906250
1901.1260              273.4142761230468750
1901.2054              272.9880676269531250
1901.2904              272.1871032714843750
1901.3726              271.4452514648437500
1901.4575              271.2909545898437500
1901.5397              271.2857360839843750
1901.6246              271.2943420410156250
1901.7096              271.2914733886718750
1901.7917              271.2971801757812500
1901.8767              271.3345336914062500
1901.9589              271.9207153320312500
1902.0438              272.5665893554687500
1902.1260              272.9492187500000000
1902.2054              272.6797485351562500
1902.2904              272.1147766113281250
1902.3726              271.4483032226562500
1902.4575              271.2908325195312500
1902.5397              271.2867736816406250
1902.6246              271.2940368652343750
1902.7096              271.2894287109375000
1902.7917              271.2902221679687500
1902.8767              271.3513793945312500
1902.9589              271.9473266601562500
1903.0438              272.8207092285156250
1903.1260              273.0283203125000000
1903.2054              272.6882934570312500
1903.2904              271.8995971679687500
1903.3726              271.3011169433593750
1903.4575              271.2875061035156250
1903.5397              271.3213500976562500
1903.6246              271.3218688964843750
1903.7096              271.3233642578125000
1903.7917              271.3539428710937500
1903.8767              271.4693603515625000
1903.9589              272.2487487792968750
1904.0437              273.0370788574218750
1904.1257              273.0766601562500000
1904.2076              272.6741333007812500
1904.2924              272.0403137207031250
1904.3743              271.3987121582031250
1904.4590              271.2923278808593750
1904.5410              271.2973022460937500
1904.6257              271.3303222656250000
1904.7103              271.3527526855468750
1904.7924              271.3575744628906250
1904.8771              271.3612365722656250
1904.9590              271.9214782714843750
1905.0438              272.8615417480468750
1905.1260              273.0195312500000000
1905.2054              272.7926940917968750
1905.2904              272.1664123535156250
1905.3726              271.4151306152343750
1905.4575              271.2936401367187500
1905.5397              271.2889709472656250
1905.6246              271.2875061035156250
1905.7096              271.2868652343750000
1905.7917              271.2901000976562500
1905.8767              271.3114318847656250
1905.9589              271.5271301269531250
1906.0438              272.3274841308593750
1906.1260              272.5173339843750000
1906.2054              272.4446105957031250
1906.2904              271.9309997558593750
1906.3726              271.3547058105468750
1906.4575              271.2939147949218750
1906.5397              271.2897033691406250
1906.6246              271.2887573242187500
1906.7096              271.2984008789062500
1906.7917              271.2954711914062500
1906.8767              271.3183593750000000
1906.9589              271.6741333007812500
1907.0438              272.6746826171875000
1907.1260              273.0802612304687500
1907.2054              272.8009338378906250
1907.2904              271.8963623046875000
1907.3726              271.3145751953125000
1907.4575              271.2932128906250000
1907.5397              271.2887573242187500
1907.6246              271.3144531250000000
1907.7096              271.3253479003906250
1907.7917              271.3170471191406250
1907.8767              271.4477233886718750
1907.9589              271.9158630371093750
1908.0437              272.8190002441406250
1908.1257              273.0639953613281250
1908.2076              272.5214843750000000
1908.2924              271.9562988281250000
1908.3743              271.3584899902343750
1908.4590              271.2990722656250000
1908.5410              271.2934265136718750
1908.6257              271.3042297363281250
1908.7103              271.3096618652343750
1908.7924              271.3368530273437500
1908.8771              271.4086303710937500
1908.9590              272.0557861328125000
1909.0438              272.9501647949218750
1909.1260              273.3355102539062500
1909.2054              272.7742309570312500
1909.2904              272.0459594726562500
1909.3726              271.3894042968750000
1909.4575              271.3056335449218750
1909.5397              271.2972106933593750
1909.6246              271.2994689941406250
1909.7096              271.3026123046875000
1909.7917              271.3292846679687500
1909.8767              271.3353271484375000
1909.9589              271.8507995605468750
1910.0438              273.1849670410156250
1910.1260              273.3331298828125000
1910.2054              272.9342041015625000
1910.2904              272.1262207031250000
1910.3726              271.4165039062500000
1910.4575              271.2907104492187500
1910.5397              271.2883300781250000
1910.6246              271.2880859375000000
1910.7096              271.2917175292968750
1910.7917              271.2963256835937500
1910.8767              271.3595581054687500
1910.9589              271.8513183593750000
1911.0438              273.0063476562500000
1911.1260              273.1501770019531250
1911.2054              272.8164062500000000
1911.2904              272.1034545898437500
1911.3726              271.5024414062500000
1911.4575              271.2941894531250000
1911.5397              271.2894592285156250
1911.6246              271.2864685058593750
1911.7096              271.2994995117187500
1911.7917              271.3060913085937500
1911.8767              271.4149475097656250
1911.9589              271.9754333496093750
1912.0437              273.0682067871093750
1912.1257              273.4250488281250000
1912.2076              273.0216674804687500
1912.2924              271.9830932617187500
1912.3743              271.4643859863281250
1912.4590              271.2946472167968750
1912.5410              271.2927551269531250
1912.6257              271.3041687011718750
1912.7103              271.2919616699218750
1912.7924              271.3536987304687500
1912.8771              271.4470520019531250
1912.9590              271.9950866699218750
1913.0438              272.8161010742187500
1913.1260              273.1494140625000000
1913.2054              272.7892456054687500
1913.2904              272.1496276855468750
1913.3726              271.4283142089843750
1913.4575              271.2935180664062500
1913.5397              271.2907409667968750
1913.6246              271.2901611328125000
1913.7096              271.3099975585937500
1913.7917              271.3025512695312500
1913.8767              271.3990783691406250
1913.9589              271.9810180664062500
1914.0438              272.9035644531250000
1914.1260              273.0156555175781250
1914.2054              272.7282409667968750
1914.2904              271.8941040039062500
1914.3726              271.3150634765625000
1914.4575              271.2905578613281250
1914.5397              271.2885131835937500
1914.6246              271.3144836425781250
1914.7096              271.3156127929687500
1914.7917              271.3255920410156250
1914.8767              271.3312377929687500
1914.9589              271.6530151367187500
1915.0438              272.5594177246093750
1915.1260              272.8603210449218750
1915.2054              272.8745117187500000
1915.2904              272.2144470214843750
1915.3726              271.4888610839843750
1915.4575              271.2902526855468750
1915.5397              271.2887573242187500
1915.6246              271.2893676757812500
1915.7096              271.3083190917968750
1915.7917              271.3309936523437500
1915.8767              271.4038696289062500
1915.9589              271.7450561523437500
1916.0437              272.7395935058593750
1916.1257              272.9981079101562500
1916.2076              272.7077331542968750
1916.2924              272.2839660644531250
1916.3743              271.6407775878906250
1916.4590              271.3053894042968750
1916.5410              271.2988891601562500
1916.6257              271.2953796386718750
1916.7103              271.3006896972656250
1916.7924              271.3280944824218750
1916.8771              271.5935363769531250
1916.9590              272.3244323730468750
1917.0438              273.0450134277343750
1917.1260              273.4293212890625000
1917.2054              272.9973754882812500
1917.2904              272.1253356933593750
1917.3726              271.3553161621093750
1917.4575              271.2902526855468750
1917.5397              271.2853698730468750
1917.6246              271.2924804687500000
1917.7096              271.2896728515625000
1917.7917              271.2979736328125000
1917.8767              271.3235168457031250
1917.9589              271.7842712402343750
1918.0438              272.9698181152343750
1918.1260              273.0943298339843750
1918.2054              272.8714294433593750
1918.2904              272.3274230957031250
1918.3726              271.7336425781250000
1918.4575              271.2955017089843750
1918.5397              271.2855529785156250
1918.6246              271.2868957519531250
1918.7096              271.2932128906250000
1918.7917              271.3103332519531250
1918.8767              271.4000854492187500
1918.9589              271.8887634277343750
1919.0438              272.9335327148437500
1919.1260              273.1209411621093750
1919.2054              272.5932006835937500
1919.2904              271.8992309570312500
1919.3726              271.3066406250000000
1919.4575              271.2918395996093750
1919.5397              271.2870788574218750
1919.6246              271.3052978515625000
1919.7096              271.2983703613281250
1919.7917              271.3138122558593750
1919.8767              271.3456726074218750
1919.9589              271.7768859863281250
1920.0437              272.6954956054687500
1920.1257              272.9520263671875000
1920.2076              272.6831054687500000
1920.2924              271.9318847656250000
1920.3743              271.3091735839843750
1920.4590              271.2839660644531250
1920.5410              271.2919311523437500
1920.6257              271.3082275390625000
1920.7103              271.3082885742187500
1920.7924              271.3303527832031250
1920.8771              271.3392944335937500
1920.9590              271.6211547851562500
1921.0438              272.6239318847656250
1921.1260              272.9083251953125000
1921.2054              272.5457153320312500
1921.2904              272.0317687988281250
1921.3726              271.3131408691406250
1921.4575              271.2890930175781250
1921.5397              271.2885131835937500
1921.6246              271.2970275878906250
1921.7096              271.3222656250000000
1921.7917              271.3067932128906250
1921.8767              271.3782958984375000
1921.9589              271.9202575683593750
1922.0438              272.7760009765625000
1922.1260              273.2395324707031250
1922.2054              272.8337707519531250
1922.2904              272.0199279785156250
1922.3726              271.4228820800781250
1922.4575              271.2891235351562500
1922.5397              271.2851867675781250
1922.6246              271.2909240722656250
1922.7096              271.2843627929687500
1922.7917              271.2888488769531250
1922.8767              271.4034729003906250
1922.9589              271.8990478515625000
1923.0438              272.7111511230468750
1923.1260              273.0090942382812500
1923.2054              272.7998046875000000
1923.2904              272.0642089843750000
1923.3726              271.4411621093750000
1923.4575              271.2925720214843750
1923.5397              271.2910766601562500
1923.6246              271.2960205078125000
1923.7096              271.3035888671875000
1923.7917              271.3182983398437500
1923.8767              271.3812561035156250
1923.9589              271.8216857910156250
1924.0437              272.7861328125000000
1924.1257              273.1525573730468750
1924.2076              272.7312927246093750
1924.2924              271.9907836914062500
1924.3743              271.3380126953125000
1924.4590              271.2961425781250000
1924.5410              271.2997436523437500
1924.6257              271.3028259277343750
1924.7103              271.3053283691406250
1924.7924              271.3381042480468750
1924.8771              271.4058837890625000
1924.9590              271.9693603515625000
1925.0438              272.7768554687500000
1925.1260              272.9219970703125000
1925.2054              272.8836669921875000
1925.2904              272.2170715332031250
1925.3726              271.3754272460937500
1925.4575              271.2926330566406250
1925.5397              271.2966613769531250
1925.6246              271.3163452148437500
1925.7096              271.3297119140625000
1925.7917              271.3442077636718750
1925.8767              271.3409423828125000
1925.9589              271.6849365234375000
1926.0438              272.7515869140625000
1926.1260              273.0877685546875000
1926.2054              272.8142089843750000
1926.2904              272.1340637207031250
1926.3726              271.3511047363281250
1926.4575              271.2976379394531250
1926.5397              271.2839050292968750
1926.6246              271.2908020019531250
1926.7096              271.3271789550781250
1926.7917              271.3342590332031250
1926.8767              271.3449096679687500
1926.9589              271.9092102050781250
1927.0438              273.0054321289062500
1927.1260              273.1449584960937500
1927.2054              272.9162597656250000
1927.2904              272.2132873535156250
1927.3726              271.4506225585937500
1927.4575              271.2873229980468750
1927.5397              271.2890014648437500
1927.6246              271.3009033203125000
1927.7096              271.2966003417968750
1927.7917              271.3046569824218750
1927.8767              271.3500671386718750
1927.9589              271.7997131347656250
1928.0437              272.7556152343750000
1928.1257              272.9672546386718750
1928.2076              272.7215270996093750
1928.2924              271.9717712402343750
1928.3743              271.3260803222656250
1928.4590              271.2879028320312500
1928.5410              271.2844848632812500
1928.6257              271.2937011718750000
1928.7103              271.3060607910156250
1928.7924              271.3127441406250000
1928.8771              271.3287353515625000
1928.9590              271.7639160156250000
1929.0438              272.7578125000000000
1929.1260              273.1188049316406250
1929.2054              272.8469848632812500
1929.2904              272.1069030761718750
1929.3726              271.4264526367187500
1929.4575              271.2955932617187500
1929.5397              271.2892761230468750
1929.6246              271.3043823242187500
1929.7096              271.3104858398437500
1929.7917              271.3121032714843750
1929.8767              271.3330688476562500
1929.9589              271.6248474121093750
1930.0438              272.4207763671875000
1930.1260              272.6176757812500000
1930.2054              272.3376464843750000
1930.2904              271.7231750488281250
1930.3726              271.2989807128906250
1930.4575              271.2886962890625000
1930.5397              271.2921447753906250
1930.6246              271.3057250976562500
1930.7096              271.3434143066406250
1930.7917              271.3484802246093750
1930.8767              271.3686218261718750
1930.9589              271.6228942871093750
1931.0438              272.4653320312500000
1931.1260              272.8602600097656250
1931.2054              272.6575012207031250
1931.2904              271.9730834960937500
1931.3726              271.3739318847656250
1931.4575              271.3003845214843750
1931.5397              271.2952270507812500
1931.6246              271.2875671386718750
1931.7096              271.2940979003906250
1931.7917              271.3055114746093750
1931.8767              271.3980712890625000
1931.9589              272.0266723632812500
1932.0437              273.0258483886718750
1932.1257              273.2188720703125000
1932.2076              273.0073852539062500
1932.2924              272.2333068847656250
1932.3743              271.3937072753906250
1932.4590              271.2972412109375000
1932.5410              271.2902526855468750
1932.6257              271.2919311523437500
1932.7103              271.3023681640625000
1932.7924              271.3135986328125000
1932.8771              271.3754882812500000
1932.9590              271.8424072265625000
1933.0438              272.8783569335937500
1933.1260              273.1345214843750000
1933.2054              272.8314819335937500
1933.2904              272.2808532714843750
1933.3726              271.6092529296875000
1933.4575              271.3009948730468750
1933.5397              271.2892456054687500
1933.6246              271.2879333496093750
1933.7096              271.2874145507812500
1933.7917              271.3064270019531250
1933.8767              271.4697265625000000
1933.9589              272.5151367187500000
1934.0438              273.6692810058593750
1934.1260              273.5275573730468750
1934.2054              272.9148559570312500
1934.2904              272.2545166015625000
1934.3726              271.4561157226562500
1934.4575              271.2899475097656250
1934.5397              271.2873535156250000
1934.6246              271.3106079101562500
1934.7096              271.2991027832031250
1934.7917              271.3058776855468750
1934.8767              271.3472290039062500
1934.9589              271.8906250000000000
1935.0438              272.9451599121093750
1935.1260              273.1963195800781250
1935.2054              272.8793334960937500
1935.2904              271.8799438476562500
1935.3726              271.3141174316406250
1935.4575              271.2897949218750000
1935.5397              271.2900390625000000
1935.6246              271.3047485351562500
1935.7096              271.3237915039062500
1935.7917              271.3330383300781250
1935.8767              271.3407592773437500
1935.9589              271.5193786621093750
1936.0437              272.3037109375000000
1936.1257              272.7050781250000000
1936.2076              272.3449401855468750
1936.2924              271.8394165039062500
1936.3743              271.3352661132812500
1936.4590              271.2923889160156250
1936.5410              271.2877807617187500
1936.6257              271.2892456054687500
1936.7103              271.3118286132812500
1936.7924              271.3331298828125000
1936.8771              271.3577575683593750
1936.9590              271.9689636230468750
1937.0438              273.1995544433593750
1937.1260              273.4533996582031250
1937.2054              273.1758422851562500
1937.2904              272.4893798828125000
1937.3726              271.5333862304687500
1937.4575              271.2879028320312500
1937.5397              271.2850036621093750
1937.6246              271.2838439941406250
1937.7096              271.2877807617187500
1937.7917              271.3001403808593750
1937.8767              271.4051818847656250
1937.9589              272.0316772460937500
1938.0438              273.0147705078125000
1938.1260              273.1241760253906250
1938.2054              272.8422546386718750
1938.2904              272.1230163574218750
1938.3726              271.3355102539062500
1938.4575              271.2934265136718750
1938.5397              271.2890014648437500
1938.6246              271.2864379882812500
1938.7096              271.2867736816406250
1938.7917              271.2923583984375000
1938.8767              271.3513183593750000
1938.9589              271.7331542968750000
1939.0438              272.6313781738281250
1939.1260              272.9514770507812500
1939.2054              272.7584838867187500
1939.2904              272.0355529785156250
1939.3726              271.3896789550781250
1939.4575              271.2942810058593750
1939.5397              271.2900390625000000
1939.6246              271.3088378906250000
1939.7096              271.3112182617187500
1939.7917              271.3008728027343750
1939.8767              271.4362792968750000
1939.9589              272.0885314941406250
1940.0437              272.8307495117187500
1940.1257              273.0107116699218750
1940.2076              272.6607055664062500
1940.2924              271.8084716796875000
1940.3743              271.2894897460937500
1940.4590              271.2850036621093750
1940.5410              271.2975158691406250
1940.6257              271.3074951171875000
1940.7103              271.3056945800781250
1940.7924              271.3068237304687500
1940.8771              271.3623046875000000
1940.9590              271.6701965332031250
1941.0438              272.4723205566406250
1941.1260              272.9249877929687500
1941.2054              272.5945739746093750
1941.2904              271.8865051269531250
1941.3726              271.3529968261718750
1941.4575              271.2873229980468750
1941.5397              271.2858276367187500
1941.6246              271.2907409667968750
1941.7096              271.2991943359375000
1941.7917              271.3282165527343750
1941.8767              271.3324584960937500
1941.9589              271.5230407714843750
1942.0438              272.4404602050781250
1942.1260              272.7268981933593750
1942.2054              272.4609069824218750
1942.2904              271.9477233886718750
1942.3726              271.3139648437500000
1942.4575              271.2904663085937500
1942.5397              271.2923278808593750
1942.6246              271.3058166503906250
1942.7096              271.3007812500000000
1942.7917              271.3139038085937500
1942.8767              271.4389343261718750
1942.9589              272.0879516601562500
1943.0438              273.1836853027343750
1943.1260              273.3189392089843750
1943.2054              272.9651489257812500
1943.2904              272.3750915527343750
1943.3726              271.5723571777343750
1943.4575              271.2949829101562500
1943.5397              271.2905578613281250
1943.6246              271.2889709472656250
1943.7096              271.2893676757812500
1943.7917              271.3000488281250000
1943.8767              271.3858337402343750
1943.9589              272.1151123046875000
1944.0437              272.9177551269531250
1944.1257              272.9858093261718750
1944.2076              272.5639038085937500
1944.2924              272.0153808593750000
1944.3743              271.3429260253906250
1944.4590              271.2891845703125000
1944.5410              271.2862854003906250
1944.6257              271.3023071289062500
1944.7103              271.2993469238281250
1944.7924              271.3046875000000000
1944.8771              271.3153991699218750
1944.9590              271.6349487304687500
1945.0438              272.4929199218750000
1945.1260              272.9722595214843750
1945.2054              272.4177551269531250
1945.2904              271.7892456054687500
1945.3726              271.3181457519531250
1945.4575              271.2892761230468750
1945.5397              271.2872924804687500
1945.6246              271.3002624511718750
1945.7096              271.3351745605468750
1945.7917              271.3396606445312500
1945.8767              271.3755187988281250
1945.9589              271.8988037109375000
1946.0438              272.8005981445312500
1946.1260              272.8542480468750000
1946.2054              272.6693420410156250
1946.2904              272.1539611816406250
1946.3726              271.4570312500000000
1946.4575              271.2908325195312500
1946.5397              271.2901611328125000
1946.6246              271.2919311523437500
1946.7096              271.3212890625000000
1946.7917              271.3240661621093750
1946.8767              271.4460754394531250
1946.9589              272.0704650878906250
1947.0438              272.7667846679687500
1947.1260              273.0457153320312500
1947.2054              272.7542724609375000
1947.2904              271.9736022949218750
1947.3726              271.3597717285156250
1947.4575              271.2995605468750000
1947.5397              271.2922973632812500
1947.6246              271.2871398925781250
1947.7096              271.3033142089843750
1947.7917              271.3267517089843750
1947.8767              271.6083374023437500
1947.9589              272.5419311523437500
1948.0437              273.3382263183593750
1948.1257              273.6377563476562500
1948.2076              273.1997070312500000
1948.2924              272.5814819335937500
1948.3743              271.7645568847656250
1948.4590              271.3016357421875000
1948.5410              271.2926025390625000
1948.6257              271.2875671386718750
1948.7103              271.2862854003906250
1948.7924              271.2908325195312500
1948.8771              271.3478698730468750
1948.9590              271.8035583496093750
1949.0438              272.8177795410156250
1949.1260              272.9652709960937500
1949.2054              272.3168640136718750
1949.2904              271.6292419433593750
1949.3726              271.3006286621093750
1949.4575              271.2901916503906250
1949.5397              271.2968750000000000
1949.6246              271.3060913085937500
1949.7096              271.2995300292968750
1949.7917              271.3061523437500000
1949.8767              271.3990478515625000
1949.9589              272.0850219726562500
1950.0438              273.1275024414062500
1950.1260              273.2571411132812500
1950.2054              272.6341552734375000
1950.2904              272.0060729980468750
1950.3726              271.3501586914062500
1950.4575              271.2903747558593750
1950.5397              271.2887878417968750
1950.6246              271.2938537597656250
1950.7096              271.3255004882812500
1950.7917              271.3231506347656250
1950.8767              271.3476562500000000
1950.9589              271.8094482421875000
1951.0438              272.5785522460937500
1951.1260              272.9322814941406250
1951.2054              272.5350341796875000
1951.2904              271.8515319824218750
1951.3726              271.2960205078125000
1951.4575              271.2918090820312500
1951.5397              271.2899475097656250
1951.6246              271.2999267578125000
1951.7096              271.2997436523437500
1951.7917              271.3075561523437500
1951.8767              271.5003051757812500
1951.9589              272.1419677734375000
1952.0437              273.2260742187500000
1952.1257              273.2636108398437500
1952.2076              272.8504943847656250
1952.2924              272.2636718750000000
1952.3743              271.6431579589843750
1952.4590              271.2990112304687500
1952.5410              271.2937316894531250
1952.6257              271.2918701171875000
1952.7103              271.2935485839843750
1952.7924              271.2952880859375000
1952.8771              271.3970031738281250
1952.9590              271.9310302734375000
1953.0438              273.0666809082031250
1953.1260              273.1646118164062500
1953.2054              272.7239074707031250
1953.2904              271.9541625976562500
1953.3726              271.3128662109375000
1953.4575              271.2979431152343750
1953.5397              271.2869567871093750
1953.6246              271.3384399414062500
1953.7096              271.2966003417968750
1953.7917              271.3373413085937500
1953.8767              271.3894348144531250
1953.9589              271.8588867187500000
1954.0438              272.8320007324218750
1954.1260              273.1572570800781250
1954.2054              272.7207031250000000
1954.2904              271.9473266601562500
1954.3726              271.3642272949218750
1954.4575              271.2881469726562500
1954.5397              271.3002014160156250
1954.6246              271.3354797363281250
1954.7096              271.3158874511718750
1954.7917              271.3200073242187500
1954.8767              271.3392333984375000
1954.9589              271.5419311523437500
1955.0438              272.3911743164062500
1955.1260              272.8151550292968750
1955.2054              272.5976562500000000
1955.2904              271.9290466308593750
1955.3726              271.4007873535156250
1955.4575              271.2882385253906250
1955.5397              271.2863769531250000
1955.6246              271.2994384765625000
1955.7096              271.3023071289062500
1955.7917              271.3180541992187500
1955.8767              271.3665771484375000
1955.9589              271.9615478515625000
1956.0437              272.7606811523437500
1956.1257              272.9128112792968750
1956.2076              272.5901489257812500
1956.2924              272.1780700683593750
1956.3743              271.4859313964843750
1956.4590              271.2975158691406250
1956.5410              271.2916564941406250
1956.6257              271.2906188964843750
1956.7103              271.2948913574218750
1956.7924              271.3073425292968750
1956.8771              271.4132690429687500
1956.9590              272.1091308593750000
1957.0438              272.9994506835937500
1957.1260              273.2453918457031250
1957.2054              273.0422668457031250
1957.2904              272.4042358398437500
1957.3726              271.4261169433593750
1957.4575              271.2931213378906250
1957.5397              271.2904663085937500
1957.6246              271.2937622070312500
1957.7096              271.2922668457031250
1957.7917              271.3031311035156250
1957.8767              271.3813171386718750
1957.9589              271.9460449218750000
1958.0438              272.8185424804687500
1958.1260              273.0984497070312500
1958.2054              272.7856445312500000
1958.2904              272.0214843750000000
1958.3726              271.4849243164062500
1958.4575              271.2949829101562500
1958.5397              271.2886352539062500
1958.6246              271.2883300781250000
1958.7096              271.3031311035156250
1958.7917              271.3146667480468750
1958.8767              271.3379516601562500
1958.9589              271.8741455078125000
1959.0438              272.8364868164062500
1959.1260              273.0330810546875000
1959.2054              272.6559143066406250
1959.2904              272.1035461425781250
1959.3726              271.4298400878906250
1959.4575              271.2946166992187500
1959.5397              271.3040466308593750
1959.6246              271.3240356445312500
1959.7096              271.3136596679687500
1959.7917              271.3197631835937500
1959.8767              271.3753051757812500
1959.9589              271.9688415527343750
1960.0437              272.8436584472656250
1960.1257              272.9835815429687500
1960.2076              272.7265319824218750
1960.2924              272.1478881835937500
1960.3743              271.4465332031250000
1960.4590              271.2932128906250000
1960.5410              271.2891235351562500
1960.6257              271.2911987304687500
1960.7103              271.2936706542968750
1960.7924              271.2908630371093750
1960.8771              271.3590393066406250
1960.9590              271.9576721191406250
1961.0438              272.9271545410156250
1961.1260              273.1026306152343750
1961.2054              272.8253173828125000
1961.2904              272.2818298339843750
1961.3726              271.4611206054687500
1961.4575              271.2983093261718750
1961.5397              271.2925109863281250
1961.6246              271.2898559570312500
1961.7096              271.2924194335937500
1961.7917              271.3004150390625000
1961.8767              271.3995361328125000
1961.9589              271.8983154296875000
1962.0438              272.8090209960937500
1962.1260              273.0628662109375000
1962.2054              272.6159362792968750
1962.2904              271.7432250976562500
1962.3726              271.3202514648437500
1962.4575              271.2951965332031250
1962.5397              271.2951049804687500
1962.6246              271.3179626464843750
1962.7096              271.3042297363281250
1962.7917              271.3066406250000000
1962.8767              271.3282470703125000
1962.9589              271.6781921386718750
1963.0438              272.8636474609375000
1963.1260              272.8540954589843750
1963.2054              272.6046447753906250
1963.2904              272.0437927246093750
1963.3726              271.3905944824218750
1963.4575              271.2969055175781250
1963.5397              271.2932434082031250
1963.6246              271.3000793457031250
1963.7096              271.2979736328125000
1963.7917              271.3164672851562500
1963.8767              271.3938903808593750
1963.9589              272.1154174804687500
1964.0437              272.9598388671875000
1964.1257              273.0851440429687500
1964.2076              272.8406372070312500
1964.2924              272.1284179687500000
1964.3743              271.3884582519531250
1964.4590              271.2943725585937500
1964.5410              271.2963562011718750
1964.6257              271.2938232421875000
1964.7103              271.3027648925781250
1964.7924              271.3262329101562500
1964.8771              271.4154052734375000
1964.9590              271.9075012207031250
1965.0438              272.6647644042968750
1965.1260              272.9043579101562500
1965.2054              272.4458923339843750
1965.2904              271.9072875976562500
1965.3726              271.3336181640625000
1965.4575              271.2920227050781250
1965.5397              271.2921752929687500
1965.6246              271.3059997558593750
1965.7096              271.3167724609375000
1965.7917              271.3271179199218750
1965.8767              271.3838195800781250
1965.9589              271.9757690429687500
1966.0438              272.8107299804687500
1966.1260              273.0869140625000000
1966.2054              272.7727966308593750
1966.2904              272.1703186035156250
1966.3726              271.3934020996093750
1966.4575              271.2964782714843750
1966.5397              271.2927246093750000
1966.6246              271.2905883789062500
1966.7096              271.2972106933593750
1966.7917              271.3036804199218750
1966.8767              271.4086303710937500
1966.9589              271.9788818359375000
1967.0438              272.9075927734375000
1967.1260              273.0374755859375000
1967.2054              272.7412414550781250
1967.2904              271.8868408203125000
1967.3726              271.3094482421875000
1967.4575              271.2903747558593750
1967.5397              271.3059082031250000
1967.6246              271.2915649414062500
1967.7096              271.2960815429687500
1967.7917              271.3166503906250000
1967.8767              271.3640136718750000
1967.9589              271.8212280273437500
1968.0437              272.7077636718750000
1968.1257              273.0787963867187500
1968.2076              272.7239990234375000
1968.2924              271.9742431640625000
1968.3743              271.3728027343750000
1968.4590              271.2905883789062500
1968.5410              271.2872619628906250
1968.6257              271.2972412109375000
1968.7103              271.3045043945312500
1968.7924              271.3094787597656250
1968.8771              271.3395080566406250
1968.9590              271.8526000976562500
1969.0438              272.7399597167968750
1969.1260              272.8095092773437500
1969.2054              272.5328063964843750
1969.2904              271.8518371582031250
1969.3726              271.3133544921875000
1969.4575              271.2879943847656250
1969.5397              271.2890625000000000
1969.6246              271.3019714355468750
1969.7096              271.2945861816406250
1969.7917              271.3085327148437500
1969.8767              271.3485107421875000
1969.9589              271.8473205566406250
1970.0438              272.8746643066406250
1970.1260              273.1098327636718750
1970.2054              272.6231994628906250
1970.2904              272.0045166015625000
1970.3726              271.3636169433593750
1970.4575              271.2905578613281250
1970.5397              271.2872009277343750
1970.6246              271.2913513183593750
1970.7096              271.2934570312500000
1970.7917              271.2915039062500000
1970.8767              271.4126281738281250
1970.9589              272.3035278320312500
1971.0438              273.2254333496093750
1971.1260              273.1670227050781250
1971.2054              272.8440856933593750
1971.2904              272.2574462890625000
1971.3726              271.5827636718750000
1971.4575              271.2973022460937500
1971.5397              271.2934265136718750
1971.6246              271.2907104492187500
1971.7096              271.3040466308593750
1971.7917              271.3306884765625000
1971.8767              271.5118713378906250
1971.9589              272.2825012207031250
1972.0437              273.1847534179687500
1972.1257              273.2050476074218750
1972.2076              272.9718322753906250
1972.2924              272.3366088867187500
1972.3743              271.5256958007812500
1972.4590              271.2979125976562500
1972.5410              271.2945251464843750
1972.6257              271.2948303222656250
1972.7103              271.2933654785156250
1972.7924              271.3062438964843750
1972.8771              271.4114379882812500
1972.9590              271.9993591308593750
1973.0438              272.8656311035156250
1973.1260              273.0604858398437500
1973.2054              272.5663146972656250
1973.2904              272.0303649902343750
1973.3726              271.3231506347656250
1973.4575              271.2922668457031250
1973.5397              271.2875061035156250
1973.6246              271.2920837402343750
1973.7096              271.2992248535156250
1973.7917              271.2922668457031250
1973.8767              271.3482666015625000
1973.9589              271.9316101074218750
1974.0438              273.0128173828125000
1974.1260              273.2463684082031250
1974.2054              272.6407775878906250
1974.2904              271.8802795410156250
1974.3726              271.3135070800781250
1974.4575              271.2908020019531250
1974.5397              271.2933654785156250
1974.6246              271.3096618652343750
1974.7096              271.3068847656250000
1974.7917              271.3225097656250000
1974.8767              271.3538513183593750
1974.9589              271.6677551269531250
1975.0438              272.3984985351562500
1975.1260              272.6393432617187500
1975.2054              272.3506164550781250
1975.2904              271.7313537597656250
1975.3726              271.3013916015625000
1975.4575              271.2981262207031250
1975.5397              271.3012390136718750
1975.6246              271.3029174804687500
1975.7096              271.3346252441406250
1975.7917              271.3515930175781250
1975.8767              271.3768005371093750
1975.9589              271.8617858886718750
1976.0437              272.7818908691406250
1976.1257              273.0789489746093750
1976.2076              272.9670104980468750
1976.2924              272.4864501953125000
1976.3743              271.5633544921875000
1976.4590              271.2979736328125000
1976.5410              271.2895507812500000
1976.6257              271.2869873046875000
1976.7103              271.2858886718750000
1976.7924              271.2907409667968750
1976.8771              271.3388366699218750
1976.9590              271.9513549804687500
1977.0438              272.9682617187500000
1977.1260              273.2599792480468750
1977.2054              272.5968017578125000
1977.2904              272.0162353515625000
1977.3726              271.3485717773437500
1977.4575              271.2901611328125000
1977.5397              271.2879333496093750
1977.6246              271.2950134277343750
1977.7096              271.3150939941406250
1977.7917              271.3094177246093750
1977.8767              271.3495788574218750
1977.9589              271.8289489746093750
1978.0438              272.7880859375000000
1978.1260              273.1582946777343750
1978.2054              272.9472961425781250
1978.2904              272.3207092285156250
1978.3726              271.4572143554687500
1978.4575              271.2931518554687500
1978.5397              271.2911376953125000
1978.6246              271.2903137207031250
1978.7096              271.2924804687500000
1978.7917              271.3038024902343750
1978.8767              271.3612670898437500
1978.9589              271.6390075683593750
1979.0438              272.5490112304687500
1979.1260              272.7154541015625000
1979.2054              272.4286193847656250
1979.2904              271.8936767578125000
1979.3726              271.3332214355468750
1979.4575              271.2936096191406250
1979.5397              271.2928771972656250
1979.6246              271.2928771972656250
1979.7096              271.3142700195312500
1979.7917              271.3301086425781250
1979.8767              271.3727111816406250
1979.9589              271.7785949707031250
1980.0437              272.5515747070312500
1980.1257              272.9067687988281250
1980.2076              272.7060546875000000
1980.2924              272.0149536132812500
1980.3743              271.3898620605468750
1980.4590              271.2994995117187500
1980.5410              271.2951354980468750
1980.6257              271.2957153320312500
1980.7103              271.2935180664062500
1980.7924              271.3091735839843750
1980.8771              271.3365783691406250
1980.9590              271.5950622558593750
1981.0438              272.3837585449218750
1981.1260              272.6896667480468750
1981.2054              272.5414428710937500
1981.2904              271.9765319824218750
1981.3726              271.3735961914062500
1981.4575              271.2905273437500000
1981.5397              271.2945861816406250
1981.6246              271.3022766113281250
1981.7096              271.3241577148437500
1981.7917              271.3217163085937500
1981.8767              271.5155029296875000
1981.9589              272.3581237792968750
1982.0438              273.0698242187500000
1982.1260              273.1491088867187500
1982.2054              272.8063659667968750
1982.2904              272.2133178710937500
1982.3726              271.4130249023437500
1982.4575              271.2904052734375000
1982.5397              271.2873840332031250
1982.6246              271.2868347167968750
1982.7096              271.3082580566406250
1982.7917              271.3023681640625000
1982.8767              271.3744201660156250
1982.9589              271.9495544433593750
1983.0438              272.9122009277343750
1983.1260              273.0369262695312500
1983.2054              272.8038940429687500
1983.2904              272.0499267578125000
1983.3726              271.4147033691406250
1983.4575              271.2926330566406250
1983.5397              271.2906799316406250
1983.6246              271.3031311035156250
1983.7096              271.3142089843750000
1983.7917              271.3238830566406250
1983.8767              271.3690185546875000
1983.9589              271.6638793945312500
1984.0437              272.6215515136718750
1984.1257              272.7716674804687500
1984.2076              272.6371459960937500
1984.2924              272.1327209472656250
1984.3743              271.5301208496093750
1984.4590              271.2944335937500000
1984.5410              271.2944641113281250
1984.6257              271.2941894531250000
1984.7103              271.3299255371093750
1984.7924              271.3386535644531250
1984.8771              271.3851928710937500
1984.9590              271.7503356933593750
1985.0438              272.6052551269531250
1985.1260              272.9537048339843750
1985.2054              272.4709472656250000
1985.2904              272.0094299316406250
1985.3726              271.4082946777343750
1985.4575              271.2911987304687500
1985.5397              271.2917480468750000
1985.6246              271.2937316894531250
1985.7096              271.3085327148437500
1985.7917              271.3184814453125000
1985.8767              271.5114746093750000
1985.9589              272.1867370605468750
1986.0438              272.9931030273437500
1986.1260              272.9328002929687500
1986.2054              272.6856994628906250
1986.2904              272.0423889160156250
1986.3726              271.3767700195312500
1986.4575              271.2983398437500000
1986.5397              271.2931518554687500
1986.6246              271.2909545898437500
1986.7096              271.2959289550781250
1986.7917              271.3067321777343750
1986.8767              271.5231933593750000
1986.9589              272.2675781250000000
1987.0438              273.1939086914062500
1987.1260              273.3659667968750000
1987.2054              272.8152160644531250
1987.2904              272.0968933105468750
1987.3726              271.4725036621093750
1987.4575              271.2977600097656250
1987.5397              271.2917175292968750
1987.6246              271.3102416992187500
1987.7096              271.3119201660156250
1987.7917              271.3070068359375000
1987.8767              271.4227905273437500
1987.9589              272.0925292968750000
1988.0437              272.8768615722656250
1988.1257              273.1300354003906250
1988.2076              272.7400817871093750
1988.2924              271.9486694335937500
1988.3743              271.3035278320312500
1988.4590              271.2965087890625000
1988.5410              271.3333435058593750
1988.6257              271.3107910156250000
1988.7103              271.3138732910156250
1988.7924              271.3433837890625000
1988.8771              271.3825683593750000
1988.9590              271.8678894042968750
1989.0438              272.8457336425781250
1989.1260              273.1102905273437500
1989.2054              272.7498474121093750
1989.2904              272.1111755371093750
1989.3726              271.4137878417968750
1989.4575              271.2910156250000000
1989.5397              271.2990722656250000
1989.6246              271.2994995117187500
1989.7096              271.3092956542968750
1989.7917              271.3337402343750000
1989.8767              271.4154052734375000
1989.9589              272.1495056152343750
1990.0438              273.3215026855468750
1990.1260              273.6186523437500000
1990.2054              273.0288085937500000
1990.2904              272.3330688476562500
1990.3726              271.6188964843750000
1990.4575              271.2888183593750000
1990.5397              271.2890930175781250
1990.6246              271.2947998046875000
1990.7096              271.3024597167968750
1990.7917              271.3239746093750000
1990.8767              271.4043273925781250
1990.9589              272.1145935058593750
1991.0438              272.7731018066406250
1991.1260              272.9772338867187500
1991.2054              272.7718505859375000
1991.2904              272.2412414550781250
1991.3726              271.6195678710937500
1991.4575              271.3014831542968750
1991.5397              271.2905578613281250
1991.6246              271.2884826660156250
1991.7096              271.2945861816406250
1991.7917              271.2958679199218750
1991.8767              271.4279785156250000
1991.9589              272.0142822265625000
1992.0437              272.9076232910156250
1992.1257              273.0493774414062500
1992.2076              272.6960144042968750
1992.2924              272.0379638671875000
1992.3743              271.3370666503906250
1992.4590              271.2912902832031250
1992.5410              271.2904357910156250
1992.6257              271.3008728027343750
1992.7103              271.2897338867187500
1992.7924              271.2926025390625000
1992.8771              271.3781433105468750
1992.9590              272.0272216796875000
1993.0438              272.7545471191406250
1993.1260              272.9054260253906250
1993.2054              272.5147705078125000
1993.2904              271.8176269531250000
1993.3726              271.3423461914062500
1993.4575              271.2994079589843750
1993.5397              271.3041076660156250
1993.6246              271.3049926757812500
1993.7096              271.3121337890625000
1993.7917              271.3289184570312500
1993.8767              271.4721069335937500
1993.9589              272.2618713378906250
1994.0438              272.9434509277343750
1994.1260              273.0859680175781250
1994.2054              272.7609558105468750
1994.2904              271.9115905761718750
1994.3726              271.2990112304687500
1994.4575              271.3082885742187500
1994.5397              271.3225402832031250
1994.6246              271.3360290527343750
1994.7096              271.3123779296875000
1994.7917              271.3350830078125000
1994.8767              271.3667907714843750
1994.9589              271.6658325195312500
1995.0438              272.6035156250000000
1995.1260              272.8374328613281250
1995.2054              272.5692443847656250
1995.2904              271.9024353027343750
1995.3726              271.3576049804687500
1995.4575              271.2920532226562500
1995.5397              271.2903442382812500
1995.6246              271.3021545410156250
1995.7096              271.3181152343750000
1995.7917              271.3255615234375000
1995.8767              271.3220520019531250
1995.9589              271.5460510253906250
1996.0437              272.4978027343750000
1996.1257              272.7891235351562500
1996.2076              272.5422973632812500
1996.2924              272.0527954101562500
1996.3743              271.4409179687500000
1996.4590              271.2937316894531250
1996.5410              271.2878112792968750
1996.6257              271.2873229980468750
1996.7103              271.3042907714843750
1996.7924              271.3195495605468750
1996.8771              271.4820251464843750
1996.9590              272.0704040527343750
1997.0438              272.9779357910156250
1997.1260              273.1104431152343750
1997.2054              272.8881225585937500
1997.2904              272.3963623046875000
1997.3726              271.7766113281250000
1997.4575              271.3135070800781250
1997.5397              271.2929687500000000
1997.6246              271.2899780273437500
1997.7096              271.3146972656250000
1997.7917              271.3326721191406250
1997.8767              271.4362792968750000
1997.9589              272.1264648437500000
1998.0438              273.0447082519531250
1998.1260              273.2865295410156250
1998.2054              273.1029663085937500
1998.2904              272.5184936523437500
1998.3726              271.7142028808593750
1998.4575              271.3027954101562500
1998.5397              271.2927856445312500
1998.6246              271.2994689941406250
1998.7096              271.3043518066406250
1998.7917              271.3062744140625000
1998.8767              271.3843688964843750
1998.9589              271.8172607421875000
1999.0438              272.7470703125000000
1999.1260              272.9977111816406250
1999.2054              272.8087463378906250
1999.2904              272.1098022460937500
1999.3726              271.4162902832031250
1999.4575              271.2965698242187500
1999.5397              271.2935791015625000
1999.6246              271.2915039062500000
1999.7096              271.3094787597656250
1999.7917              271.3360595703125000
1999.8767              271.3999938964843750
1999.9589              271.7158508300781250
2000.0437              272.6118774414062500
2000.1257              272.8494873046875000
2000.2076              272.5815734863281250
2000.2924              271.9468383789062500
2000.3743              271.3482666015625000
2000.4590              271.2949218750000000
2000.5410              271.2931823730468750
2000.6257              271.2915954589843750
2000.7103              271.2926025390625000
2000.7924              271.2936096191406250
2000.8771              271.3310852050781250
2000.9590              272.0614929199218750
2001.0438              272.9685668945312500
2001.1260              273.0072021484375000
2001.2054              272.8499145507812500
2001.2904              272.1512451171875000
2001.3726              271.4452209472656250
2001.4575              271.2993164062500000
2001.5397              271.2961425781250000
2001.6246              271.2944946289062500
2001.7096              271.2913818359375000
2001.7917              271.2980957031250000
2001.8767              271.4008483886718750
2001.9589              271.8697509765625000
2002.0438              272.7662658691406250
2002.1260              273.0550842285156250
2002.2054              272.9201049804687500
2002.2904              272.3535766601562500
2002.3726              271.5652160644531250
2002.4575              271.3028259277343750
2002.5397              271.2975769042968750
2002.6246              271.2921752929687500
2002.7096              271.2988586425781250
2002.7917              271.3115234375000000
2002.8767              271.3839111328125000
2002.9589              271.8078308105468750
2003.0438              272.6586914062500000
2003.1260              272.9610900878906250
2003.2054              272.7249450683593750
2003.2904              272.0868225097656250
2003.3726              271.3385314941406250
2003.4575              271.2904357910156250
2003.5397              271.2913818359375000
2003.6246              271.2914428710937500
2003.7096              271.3421630859375000
2003.7917              271.3446044921875000
2003.8767              271.3415527343750000
2003.9589              271.6924743652343750
