1850.0438              271.4313049316406250
1850.1260              271.4046630859375000
1850.2054              271.4013671875000000
1850.2904              271.3106994628906250
1850.3726              271.2810668945312500
1850.4575              271.2960510253906250
1850.5397              271.3204345703125000
1850.6246              271.3310241699218750
1850.7096              271.2905578613281250
1850.7917              271.3085021972656250
1850.8767              271.3372802734375000
1850.9589              271.3609008789062500
1851.0438              271.3746948242187500
1851.1260              271.3776245117187500
1851.2054              271.3689575195312500
1851.2904              271.3577880859375000
1851.3726              271.3021240234375000
1851.4575              271.2768859863281250
1851.5397              271.2339782714843750
1851.6246              271.2607421875000000
1851.7096              271.2706604003906250
1851.7917              271.2966613769531250
1851.8767              271.3233642578125000
1851.9589              271.3397216796875000
1852.0437              271.3646240234375000
1852.1257              271.3789367675781250
1852.2076              271.3818359375000000
1852.2924              271.3673095703125000
1852.3743              271.3353271484375000
1852.4590              271.2863159179687500
1852.5410              271.3049316406250000
1852.6257              271.3140258789062500
1852.7103              271.3348083496093750
1852.7924              271.3558654785156250
1852.8771              271.3725280761718750
1852.9590              271.3582458496093750
1853.0438              271.3492736816406250
1853.1260              271.3452453613281250
1853.2054              271.3463439941406250
1853.2904              271.3334045410156250
1853.3726              271.2281494140625000
1853.4575              271.3695068359375000
1853.5397              271.3776855468750000
1853.6246              271.4633178710937500
1853.7096              271.5411682128906250
1853.7917              271.6137084960937500
1853.8767              271.6527404785156250
1853.9589              271.6454162597656250
1854.0438              271.6294250488281250
1854.1260              272.0639953613281250
1854.2054              272.1456909179687500
1854.2904              271.7069702148437500
1854.3726              271.6594238281250000
1854.4575              271.4688110351562500
1854.5397              271.3568115234375000
1854.6246              271.4363708496093750
1854.7096              271.5229492187500000
1854.7917              271.5461730957031250
1854.8767              271.5116882324218750
1854.9589              271.4969482421875000
1855.0438              271.4688720703125000
1855.1260              271.4461364746093750
1855.2054              271.4282531738281250
1855.2904              271.4316101074218750
1855.3726              271.4108581542968750
1855.4575              271.3384704589843750
1855.5397              271.3316040039062500
1855.6246              271.3682861328125000
1855.7096              271.3767089843750000
1855.7917              271.3770751953125000
1855.8767              271.3486022949218750
1855.9589              271.3341674804687500
1856.0437              271.3330993652343750
1856.1257              271.3236694335937500
1856.2076              271.3263244628906250
1856.2924              271.3171386718750000
1856.3743              271.2057800292968750
1856.4590              271.2557373046875000
1856.5410              271.2119445800781250
1856.6257              271.2609252929687500
1856.7103              271.3264770507812500
1856.7924              271.3106689453125000
1856.8771              271.3063354492187500
1856.9590              271.3009948730468750
1857.0438              271.3064270019531250
1857.1260              271.3043212890625000
1857.2054              271.2979125976562500
1857.2904              271.2436523437500000
1857.3726              271.2288208007812500
1857.4575              271.2146301269531250
1857.5397              271.2509155273437500
1857.6246              271.2664794921875000
1857.7096              271.2858581542968750
1857.7917              271.2963562011718750
1857.8767              271.3014526367187500
1857.9589              271.3072509765625000
1858.0438              271.2965393066406250
1858.1260              271.3023986816406250
1858.2054              271.2991943359375000
1858.2904              271.2990112304687500
1858.3726              271.3047790527343750
1858.4575              271.3113403320312500
1858.5397              271.3207397460937500
1858.6246              271.3165283203125000
1858.7096              271.2664794921875000
1858.7917              271.2825622558593750
1858.8767              271.2778320312500000
1858.9589              271.2716674804687500
1859.0438              271.2849731445312500
1859.1260              271.2901306152343750
1859.2054              271.2951049804687500
1859.2904              271.2303771972656250
1859.3726              271.2456054687500000
1859.4575              271.2649536132812500
1859.5397              271.2520141601562500
1859.6246              271.2439880371093750
1859.7096              271.2476806640625000
1859.7917              271.2315063476562500
1859.8767              271.2700500488281250
1859.9589              271.2726135253906250
1860.0437              271.2773742675781250
1860.1257              271.2784423828125000
1860.2076              271.2838134765625000
1860.2924              271.2875366210937500
1860.3743              271.2547607421875000
1860.4590              271.2728881835937500
1860.5410              271.2720642089843750
1860.6257              271.2764282226562500
1860.7103              271.2837524414062500
1860.7924              271.2890014648437500
1860.8771              271.2903747558593750
1860.9590              271.2886657714843750
1861.0438              271.2928771972656250
1861.1260              271.2926330566406250
1861.2054              271.2945556640625000
1861.2904              271.2711181640625000
1861.3726              271.2269897460937500
1861.4575              271.2565612792968750
1861.5397              271.2250976562500000
1861.6246              271.2239685058593750
1861.7096              271.2670898437500000
1861.7917              271.3056945800781250
1861.8767              271.3323364257812500
1861.9589              271.3375244140625000
1862.0438              271.3442993164062500
1862.1260              271.3411865234375000
1862.2054              271.3403015136718750
1862.2904              271.3297119140625000
1862.3726              271.2604675292968750
1862.4575              271.2856750488281250
1862.5397              271.2817382812500000
1862.6246              271.2614440917968750
1862.7096              271.3001098632812500
1862.7917              271.3301696777343750
1862.8767              271.3460083007812500
1862.9589              271.3492431640625000
1863.0438              271.3566894531250000
1863.1260              271.3565673828125000
1863.2054              271.3413696289062500
1863.2904              271.3438415527343750
1863.3726              271.3037414550781250
1863.4575              271.2713928222656250
1863.5397              271.3170166015625000
1863.6246              271.3482971191406250
1863.7096              271.3506164550781250
1863.7917              271.3410339355468750
1863.8767              271.3826904296875000
1863.9589              271.4008789062500000
1864.0437              271.3931579589843750
1864.1257              271.3747253417968750
1864.2076              271.3642883300781250
1864.2924              271.3569030761718750
1864.3743              271.2661132812500000
1864.4590              271.3395080566406250
1864.5410              271.3758239746093750
1864.6257              271.3855590820312500
1864.7103              271.3966064453125000
1864.7924              271.4176025390625000
1864.8771              271.4410400390625000
1864.9590              271.4481506347656250
1865.0438              271.4631347656250000
1865.1260              271.4536132812500000
1865.2054              271.4388427734375000
1865.2904              271.4385986328125000
1865.3726              271.4373474121093750
1865.4575              271.4236145019531250
1865.5397              271.4019470214843750
1865.6246              271.3676452636718750
1865.7096              271.3803100585937500
1865.7917              271.3909301757812500
1865.8767              271.3595581054687500
1865.9589              271.3480529785156250
1866.0438              271.3441162109375000
1866.1260              271.3427429199218750
1866.2054              271.3138732910156250
1866.2904              271.2257080078125000
1866.3726              271.2552490234375000
1866.4575              271.2882690429687500
1866.5397              271.3035888671875000
1866.6246              271.2722473144531250
1866.7096              271.2648315429687500
1866.7917              271.2494201660156250
1866.8767              271.2457275390625000
1866.9589              271.2458801269531250
1867.0438              271.2537231445312500
1867.1260              271.2624816894531250
1867.2054              271.2637023925781250
1867.2904              271.2115478515625000
1867.3726              271.2430725097656250
1867.4575              271.2528381347656250
1867.5397              271.2367858886718750
1867.6246              271.2020263671875000
1867.7096              271.2077331542968750
1867.7917              271.2191467285156250
1867.8767              271.2304687500000000
1867.9589              271.2346191406250000
1868.0437              271.2441711425781250
1868.1257              271.2504577636718750
1868.2076              271.2527160644531250
1868.2924              271.2582397460937500
1868.3743              271.2086181640625000
1868.4590              271.2113037109375000
1868.5410              271.2363281250000000
1868.6257              271.2461853027343750
1868.7103              271.2645568847656250
1868.7924              271.2661132812500000
1868.8771              271.2785034179687500
1868.9590              271.2945251464843750
1869.0438              271.3043212890625000
1869.1260              271.3148803710937500
1869.2054              271.3210144042968750
1869.2904              271.3286437988281250
1869.3726              271.2813415527343750
1869.4575              271.2405700683593750
1869.5397              271.2347106933593750
1869.6246              271.2503662109375000
1869.7096              271.2803649902343750
1869.7917              271.3720092773437500
1869.8767              271.3840332031250000
1869.9589              271.3916015625000000
1870.0438              271.4042358398437500
1870.1260              271.4127807617187500
1870.2054              271.4258117675781250
1870.2904              271.4192810058593750
1870.3726              271.2924194335937500
1870.4575              271.2386779785156250
1870.5397              271.3291320800781250
1870.6246              271.3710021972656250
1870.7096              271.3981018066406250
1870.7917              271.4053039550781250
1870.8767              271.4026489257812500
1870.9589              271.3963623046875000
1871.0438              271.3907775878906250
1871.1260              271.4976196289062500
1871.2054              271.4723510742187500
1871.2904              271.4122924804687500
1871.3726              271.4255981445312500
1871.4575              271.4000549316406250
1871.5397              271.3843688964843750
1871.6246              271.3856506347656250
1871.7096              271.4053039550781250
1871.7917              271.3672180175781250
1871.8767              271.3329162597656250
1871.9589              271.3076782226562500
1872.0437              271.2974853515625000
1872.1257              271.2934265136718750
1872.2076              271.2819519042968750
1872.2924              271.2797851562500000
1872.3743              271.2413940429687500
1872.4590              271.2037658691406250
1872.5410              271.2041931152343750
1872.6257              271.2243347167968750
1872.7103              271.2666625976562500
1872.7924              271.2932128906250000
1872.8771              271.2910766601562500
1872.9590              271.2846069335937500
1873.0438              271.2845764160156250
1873.1260              271.2789001464843750
1873.2054              271.2847290039062500
1873.2904              271.2974853515625000
1873.3726              271.2185058593750000
1873.4575              271.2154846191406250
1873.5397              271.2415161132812500
1873.6246              271.2416687011718750
1873.7096              271.2438659667968750
1873.7917              271.2454223632812500
1873.8767              271.2471618652343750
1873.9589              271.2470397949218750
1874.0438              271.2551269531250000
1874.1260              271.2611389160156250
1874.2054              271.2687377929687500
1874.2904              271.2617797851562500
1874.3726              271.2303466796875000
1874.4575              271.2483215332031250
1874.5397              271.2527160644531250
1874.6246              271.2081298828125000
1874.7096              271.2325744628906250
1874.7917              271.2669677734375000
1874.8767              271.2757873535156250
1874.9589              271.2880249023437500
1875.0438              271.2921752929687500
1875.1260              271.3037719726562500
1875.2054              271.3124389648437500
1875.2904              271.2678222656250000
1875.3726              271.2340087890625000
1875.4575              271.2914123535156250
1875.5397              271.3077392578125000
1875.6246              271.2924499511718750
1875.7096              271.2841186523437500
1875.7917              271.2672424316406250
1875.8767              271.2588500976562500
1875.9589              271.2488403320312500
1876.0437              271.2525634765625000
1876.1257              271.2606811523437500
1876.2076              271.2633972167968750
1876.2924              271.2458801269531250
1876.3743              271.2070007324218750
1876.4590              271.2050476074218750
1876.5410              271.2180175781250000
1876.6257              271.2208862304687500
1876.7103              271.2625732421875000
1876.7924              271.2626953125000000
1876.8771              271.2530212402343750
1876.9590              271.2601928710937500
1877.0438              271.2669677734375000
1877.1260              271.2622375488281250
1877.2054              271.2791137695312500
1877.2904              271.2766113281250000
1877.3726              271.2086181640625000
1877.4575              271.2244567871093750
1877.5397              271.2230224609375000
1877.6246              271.2114868164062500
1877.7096              271.2628173828125000
1877.7917              271.2931518554687500
1877.8767              271.3439331054687500
1877.9589              271.3372802734375000
1878.0438              271.3350219726562500
1878.1260              271.5986328125000000
1878.2054              271.5771789550781250
1878.2904              271.3547668457031250
1878.3726              271.3051452636718750
1878.4575              271.2615356445312500
1878.5397              271.2550659179687500
1878.6246              271.2577819824218750
1878.7096              271.2490234375000000
1878.7917              271.2731018066406250
1878.8767              271.3091125488281250
1878.9589              271.3288879394531250
1879.0438              271.3170166015625000
1879.1260              271.3133239746093750
1879.2054              271.3187866210937500
1879.2904              271.2753295898437500
1879.3726              271.2966003417968750
1879.4575              271.3204040527343750
1879.5397              271.4436950683593750
1879.6246              271.4122924804687500
1879.7096              271.3529663085937500
1879.7917              271.3983459472656250
1879.8767              271.4015808105468750
1879.9589              271.3920898437500000
1880.0437              271.3894653320312500
1880.1257              271.4566955566406250
1880.2076              271.5346374511718750
1880.2924              271.4127197265625000
1880.3743              271.3770141601562500
1880.4590              271.2290344238281250
1880.5410              271.2319335937500000
1880.6257              271.2270202636718750
1880.7103              271.2574157714843750
1880.7924              271.3064880371093750
1880.8771              271.3292846679687500
1880.9590              271.3349304199218750
1881.0438              271.3311767578125000
1881.1260              271.3149108886718750
1881.2054              271.3144836425781250
1881.2904              271.3223571777343750
1881.3726              271.2788391113281250
1881.4575              271.2409362792968750
1881.5397              271.2510375976562500
1881.6246              271.2697143554687500
1881.7096              271.3230590820312500
1881.7917              271.3488769531250000
1881.8767              271.3532714843750000
1881.9589              271.3537292480468750
1882.0438              271.3482971191406250
1882.1260              271.3458251953125000
1882.2054              271.3515319824218750
1882.2904              271.2996520996093750
1882.3726              271.2276611328125000
1882.4575              271.2868347167968750
1882.5397              271.3396911621093750
1882.6246              271.3792419433593750
1882.7096              271.4147949218750000
1882.7917              271.4613037109375000
1882.8767              271.4622497558593750
1882.9589              271.4534606933593750
1883.0438              271.4436340332031250
1883.1260              271.4415283203125000
1883.2054              271.4300842285156250
1883.2904              271.3733215332031250
1883.3726              271.2885131835937500
1883.4575              271.2952880859375000
1883.5397              271.3543701171875000
1883.6246              271.4018859863281250
1883.7096              271.4179077148437500
1883.7917              271.4433593750000000
1883.8767              271.4833374023437500
1883.9589              271.4785766601562500
1884.0437              271.4888916015625000
1884.1257              271.4862670898437500
1884.2076              271.4692993164062500
1884.2924              271.4465332031250000
1884.3743              271.3908081054687500
1884.4590              271.3181152343750000
1884.5410              271.3419494628906250
1884.6257              271.3331909179687500
1884.7103              271.3285522460937500
1884.7924              271.3837585449218750
1884.8771              271.4248352050781250
1884.9590              271.4445190429687500
1885.0438              271.4530029296875000
1885.1260              271.4429016113281250
1885.2054              271.4404602050781250
1885.2904              271.4410705566406250
1885.3726              271.3750000000000000
1885.4575              271.2525329589843750
1885.5397              271.3245849609375000
1885.6246              271.4066162109375000
1885.7096              271.3866882324218750
1885.7917              271.4822998046875000
1885.8767              271.5438842773437500
1885.9589              271.5775146484375000
1886.0438              271.5603027343750000
1886.1260              271.6350097656250000
1886.2054              271.5282287597656250
1886.2904              271.5256652832031250
1886.3726              271.4374389648437500
1886.4575              271.3620605468750000
1886.5397              271.3772277832031250
1886.6246              271.3840637207031250
1886.7096              271.3751525878906250
1886.7917              271.3396606445312500
1886.8767              271.3665466308593750
1886.9589              271.3849487304687500
1887.0438              271.4094543457031250
1887.1260              271.4190979003906250
1887.2054              271.4034423828125000
1887.2904              271.4019165039062500
1887.3726              271.2945861816406250
1887.4575              271.2739257812500000
1887.5397              271.3170166015625000
1887.6246              271.3583679199218750
1887.7096              271.3797607421875000
1887.7917              271.3860168457031250
1887.8767              271.3856506347656250
1887.9589              271.3741455078125000
1888.0437              271.3677978515625000
1888.1257              271.3508605957031250
1888.2076              271.3538513183593750
1888.2924              271.3626098632812500
1888.3743              271.2650756835937500
1888.4590              271.2588195800781250
1888.5410              271.2880859375000000
1888.6257              271.2314147949218750
1888.7103              271.2282104492187500
1888.7924              271.2819824218750000
1888.8771              271.3027648925781250
1888.9590              271.3141784667968750
1889.0438              271.3334960937500000
1889.1260              271.3408508300781250
1889.2054              271.3452758789062500
1889.2904              271.3546752929687500
1889.3726              271.3552856445312500
1889.4575              271.3603210449218750
1889.5397              271.3358459472656250
1889.6246              271.3184814453125000
1889.7096              271.3171997070312500
1889.7917              271.3168029785156250
1889.8767              271.2914733886718750
1889.9589              271.2813720703125000
1890.0438              271.2844543457031250
1890.1260              271.2898254394531250
1890.2054              271.2863769531250000
1890.2904              271.2493896484375000
1890.3726              271.2128295898437500
1890.4575              271.2223510742187500
1890.5397              271.2238464355468750
1890.6246              271.2350769042968750
1890.7096              271.2355651855468750
1890.7917              271.2983093261718750
1890.8767              271.3271179199218750
1890.9589              271.3338928222656250
1891.0438              271.3434753417968750
1891.1260              271.3518676757812500
1891.2054              271.3536071777343750
1891.2904              271.3052368164062500
1891.3726              271.2392883300781250
1891.4575              271.2941589355468750
1891.5397              271.3934020996093750
1891.6246              271.4415283203125000
1891.7096              271.4599304199218750
1891.7917              271.4764099121093750
1891.8767              271.4878540039062500
1891.9589              271.4927978515625000
1892.0437              271.4833679199218750
1892.1257              271.4692687988281250
1892.2076              271.4707031250000000
1892.2924              271.4343872070312500
1892.3743              271.3646240234375000
1892.4590              271.3912353515625000
1892.5410              271.4041137695312500
1892.6257              271.4093017578125000
1892.7103              271.4216613769531250
1892.7924              271.4757385253906250
1892.8771              271.5022277832031250
1892.9590              271.5087280273437500
1893.0438              271.5052795410156250
1893.1260              271.4980468750000000
1893.2054              271.4841613769531250
1893.2904              271.4830932617187500
1893.3726              271.4650268554687500
1893.4575              271.4731140136718750
1893.5397              271.4608154296875000
1893.6246              271.4573059082031250
1893.7096              271.4342956542968750
1893.7917              271.3713989257812500
1893.8767              271.3814697265625000
1893.9589              271.3896484375000000
1894.0438              271.3986511230468750
1894.1260              271.3968505859375000
1894.2054              271.4433288574218750
1894.2904              271.4078063964843750
1894.3726              271.3030395507812500
1894.4575              271.2209167480468750
1894.5397              271.2497253417968750
1894.6246              271.2512207031250000
1894.7096              271.2983703613281250
1894.7917              271.3011169433593750
1894.8767              271.3122863769531250
1894.9589              271.3170471191406250
1895.0438              271.3272705078125000
1895.1260              271.3323364257812500
1895.2054              271.3397521972656250
1895.2904              271.2574157714843750
1895.3726              271.2354431152343750
1895.4575              271.2369384765625000
1895.5397              271.2505798339843750
1895.6246              271.2960510253906250
1895.7096              271.3562622070312500
1895.7917              271.3973388671875000
1895.8767              271.4016723632812500
1895.9589              271.3839416503906250
1896.0437              271.3912353515625000
1896.1257              271.3852844238281250
1896.2076              271.3874816894531250
1896.2924              271.3217468261718750
1896.3743              271.3380126953125000
1896.4590              271.3121337890625000
1896.5410              271.3517150878906250
1896.6257              271.5102844238281250
1896.7103              271.5563354492187500
1896.7924              271.5476684570312500
1896.8771              271.5426330566406250
1896.9590              271.6446533203125000
1897.0438              271.6571960449218750
1897.1260              271.5901184082031250
1897.2054              271.5475769042968750
1897.2904              271.5210266113281250
1897.3726              271.4640808105468750
1897.4575              271.3312988281250000
1897.5397              271.2833557128906250
1897.6246              271.3542175292968750
1897.7096              271.4053039550781250
1897.7917              271.4439086914062500
1897.8767              271.4470520019531250
1897.9589              271.4346923828125000
1898.0438              271.4466247558593750
1898.1260              271.4470214843750000
1898.2054              271.4565429687500000
1898.2904              271.4395141601562500
1898.3726              271.4344177246093750
1898.4575              271.4288940429687500
1898.5397              271.4471435546875000
1898.6246              271.4664611816406250
1898.7096              271.4423828125000000
1898.7917              271.3783264160156250
1898.8767              271.3841857910156250
1898.9589              271.3815002441406250
1899.0438              271.3786010742187500
1899.1260              271.3740539550781250
1899.2054              271.3705139160156250
1899.2904              271.3697509765625000
1899.3726              271.2239685058593750
1899.4575              271.2715148925781250
1899.5397              271.3152770996093750
1899.6246              271.3130798339843750
1899.7096              271.3127746582031250
1899.7917              271.3045043945312500
1899.8767              271.2974853515625000
1899.9589              271.3248291015625000
1900.0438              271.3485717773437500
1900.1260              271.4881896972656250
1900.2054              271.4822082519531250
1900.2904              271.3907775878906250
1900.3726              271.3174133300781250
1900.4575              271.2974853515625000
1900.5397              271.3617858886718750
1900.6246              271.4042358398437500
1900.7096              271.4230041503906250
1900.7917              271.4373779296875000
1900.8767              271.4852294921875000
1900.9589              271.4938964843750000
1901.0438              271.4964599609375000
1901.1260              271.6108093261718750
1901.2054              271.6961364746093750
1901.2904              271.5194091796875000
1901.3726              271.5393676757812500
1901.4575              271.4014892578125000
1901.5397              271.2587890625000000
1901.6246              271.2748718261718750
1901.7096              271.3478393554687500
1901.7917              271.3026733398437500
1901.8767              271.3373413085937500
1901.9589              271.3396911621093750
1902.0438              271.3263244628906250
1902.1260              271.3312683105468750
1902.2054              271.3336486816406250
1902.2904              271.3637695312500000
1902.3726              271.3089294433593750
1902.4575              271.2496032714843750
1902.5397              271.2585754394531250
1902.6246              271.2554016113281250
1902.7096              271.2566223144531250
1902.7917              271.3015136718750000
1902.8767              271.3214721679687500
1902.9589              271.3351440429687500
1903.0438              271.3466186523437500
1903.1260              271.3589477539062500
1903.2054              271.3551025390625000
1903.2904              271.2256469726562500
1903.3726              271.3335876464843750
1903.4575              271.3889465332031250
1903.5397              271.4221801757812500
1903.6246              271.4427795410156250
1903.7096              271.4420776367187500
1903.7917              271.4680175781250000
1903.8767              271.5130615234375000
1903.9589              271.5286865234375000
1904.0437              271.5144653320312500
1904.1257              271.4974060058593750
1904.2076              271.4820251464843750
1904.2924              271.4959716796875000
1904.3743              271.3286743164062500
1904.4590              271.3132019042968750
1904.5410              271.3360290527343750
1904.6257              271.3032531738281250
1904.7103              271.3382568359375000
1904.7924              271.3604125976562500
1904.8771              271.4102478027343750
1904.9590              271.4367675781250000
1905.0438              271.4621276855468750
1905.1260              271.7519836425781250
1905.2054              271.7125854492187500
1905.2904              271.5443420410156250
1905.3726              271.5564880371093750
1905.4575              271.4141235351562500
1905.5397              271.2803039550781250
1905.6246              271.2839050292968750
1905.7096              271.2830200195312500
1905.7917              271.3016357421875000
1905.8767              271.3466796875000000
1905.9589              271.3517456054687500
1906.0438              271.3617553710937500
1906.1260              271.3486633300781250
1906.2054              271.3272399902343750
1906.2904              271.2633361816406250
1906.3726              271.2562866210937500
1906.4575              271.2633972167968750
1906.5397              271.2607421875000000
1906.6246              271.2855224609375000
1906.7096              271.2739257812500000
1906.7917              271.2698059082031250
1906.8767              271.3250122070312500
1906.9589              271.3633117675781250
1907.0438              271.3726196289062500
1907.1260              271.3753356933593750
1907.2054              271.3630371093750000
1907.2904              271.3288574218750000
1907.3726              271.2339782714843750
1907.4575              271.2480773925781250
1907.5397              271.3089599609375000
1907.6246              271.3007812500000000
1907.7096              271.3406982421875000
1907.7917              271.3106994628906250
1907.8767              271.3348693847656250
1907.9589              271.3668212890625000
1908.0437              271.5358276367187500
1908.1257              272.0538330078125000
1908.2076              272.1704101562500000
1908.2924              271.5763854980468750
1908.3743              271.5525817871093750
1908.4590              271.2943420410156250
1908.5410              271.3364257812500000
1908.6257              271.4102172851562500
1908.7103              271.4191589355468750
1908.7924              271.3692626953125000
1908.8771              271.3685302734375000
1908.9590              271.3702087402343750
1909.0438              271.3482971191406250
1909.1260              271.5962524414062500
1909.2054              271.7220764160156250
1909.2904              271.4074096679687500
1909.3726              271.3188171386718750
1909.4575              271.2406311035156250
1909.5397              271.2706298828125000
1909.6246              271.2435913085937500
1909.7096              271.2678527832031250
1909.7917              271.2845153808593750
1909.8767              271.2987670898437500
1909.9589              271.3190307617187500
1910.0438              271.3334045410156250
1910.1260              271.3355407714843750
1910.2054              271.3370666503906250
1910.2904              271.3601379394531250
1910.3726              271.3506774902343750
1910.4575              271.2164001464843750
1910.5397              271.2283020019531250
1910.6246              271.2917480468750000
1910.7096              271.3381958007812500
1910.7917              271.3750000000000000
1910.8767              271.4024658203125000
1910.9589              271.3930969238281250
1911.0438              271.3856506347656250
1911.1260              271.4724731445312500
1911.2054              271.5626525878906250
1911.2904              271.4050903320312500
1911.3726              271.2510681152343750
1911.4575              271.2102050781250000
1911.5397              271.2177429199218750
1911.6246              271.2606811523437500
1911.7096              271.2847595214843750
1911.7917              271.2669982910156250
1911.8767              271.3111267089843750
1911.9589              271.3291625976562500
1912.0437              271.3263244628906250
1912.1257              271.3126831054687500
1912.2076              271.2976684570312500
1912.2924              271.2421569824218750
1912.3743              271.2459716796875000
1912.4590              271.2722778320312500
1912.5410              271.2976989746093750
1912.6257              271.3283996582031250
1912.7103              271.3063659667968750
1912.7924              271.3038635253906250
1912.8771              271.2922973632812500
1912.9590              271.2828063964843750
1913.0438              271.2731933593750000
1913.1260              271.2689819335937500
1913.2054              271.2132568359375000
1913.2904              271.2518310546875000
1913.3726              271.2415466308593750
1913.4575              271.2460937500000000
1913.5397              271.2498168945312500
1913.6246              271.2295532226562500
1913.7096              271.2453613281250000
1913.7917              271.2318725585937500
1913.8767              271.2221374511718750
1913.9589              271.2345581054687500
1914.0438              271.2471923828125000
1914.1260              271.2553100585937500
1914.2054              271.2660827636718750
1914.2904              271.2581787109375000
1914.3726              271.2620544433593750
1914.4575              271.2561035156250000
1914.5397              271.2537841796875000
1914.6246              271.2471923828125000
1914.7096              271.2427062988281250
1914.7917              271.2256774902343750
1914.8767              271.2268066406250000
1914.9589              271.2386779785156250
1915.0438              271.2453002929687500
1915.1260              271.2570190429687500
1915.2054              271.2746276855468750
1915.2904              271.2648010253906250
1915.3726              271.2474060058593750
1915.4575              271.2685852050781250
1915.5397              271.2265014648437500
1915.6246              271.2458190917968750
1915.7096              271.2821655273437500
1915.7917              271.2994995117187500
1915.8767              271.2977294921875000
1915.9589              271.3087463378906250
1916.0437              271.3166503906250000
1916.1257              271.3213500976562500
1916.2076              271.3204650878906250
1916.2924              271.3056030273437500
1916.3743              271.2886962890625000
1916.4590              271.2666015625000000
1916.5410              271.2720947265625000
1916.6257              271.2699584960937500
1916.7103              271.2177734375000000
1916.7924              271.2623901367187500
1916.8771              271.3043518066406250
1916.9590              271.3077392578125000
1917.0438              271.3142089843750000
1917.1260              271.3169555664062500
1917.2054              271.3268737792968750
1917.2904              271.2873229980468750
1917.3726              271.2355346679687500
1917.4575              271.2266845703125000
1917.5397              271.3092041015625000
1917.6246              271.3362121582031250
1917.7096              271.3607788085937500
1917.7917              271.4259338378906250
1917.8767              271.4603881835937500
1917.9589              271.4822692871093750
1918.0438              271.4682617187500000
1918.1260              271.6950378417968750
1918.2054              271.7826538085937500
1918.2904              271.4665222167968750
1918.3726              271.4738464355468750
1918.4575              271.3876647949218750
1918.5397              271.3021850585937500
1918.6246              271.2973327636718750
1918.7096              271.2976989746093750
1918.7917              271.3274230957031250
1918.8767              271.3455810546875000
1918.9589              271.3542785644531250
1919.0438              271.3493652343750000
1919.1260              271.3297119140625000
1919.2054              271.3086242675781250
1919.2904              271.2586059570312500
1919.3726              271.2354125976562500
1919.4575              271.2595520019531250
1919.5397              271.2966918945312500
1919.6246              271.3100280761718750
1919.7096              271.2813720703125000
1919.7917              271.2514953613281250
1919.8767              271.2498168945312500
1919.9589              271.2637634277343750
1920.0437              271.2696533203125000
1920.1257              271.2646789550781250
1920.2076              271.2709045410156250
1920.2924              271.2397155761718750
1920.3743              271.3278503417968750
1920.4590              271.3499145507812500
1920.5410              271.3571472167968750
1920.6257              271.3100891113281250
1920.7103              271.3375549316406250
1920.7924              271.3537292480468750
1920.8771              271.3847351074218750
1920.9590              271.3939819335937500
1921.0438              271.3821716308593750
1921.1260              271.3761291503906250
1921.2054              271.3875732421875000
1921.2904              271.3739318847656250
1921.3726              271.2986755371093750
1921.4575              271.3073425292968750
1921.5397              271.3180236816406250
1921.6246              271.3571472167968750
1921.7096              271.4100036621093750
1921.7917              271.5185241699218750
1921.8767              271.5670776367187500
1921.9589              271.5618896484375000
1922.0438              271.5578308105468750
1922.1260              271.5423278808593750
1922.2054              271.5396728515625000
1922.2904              271.5342102050781250
1922.3726              271.3268127441406250
1922.4575              271.2638854980468750
1922.5397              271.3375244140625000
1922.6246              271.3830871582031250
1922.7096              271.4002380371093750
1922.7917              271.4145507812500000
1922.8767              271.4210205078125000
1922.9589              271.4250488281250000
1923.0438              271.4121704101562500
1923.1260              271.3920288085937500
1923.2054              271.3697814941406250
1923.2904              271.3778686523437500
1923.3726              271.3122863769531250
1923.4575              271.2215576171875000
1923.5397              271.2163391113281250
1923.6246              271.2389526367187500
1923.7096              271.2944946289062500
1923.7917              271.3304443359375000
1923.8767              271.3674011230468750
1923.9589              271.3970642089843750
1924.0437              271.4051818847656250
1924.1257              271.3824768066406250
1924.2076              271.3727111816406250
1924.2924              271.3652954101562500
1924.3743              271.2211608886718750
1924.4590              271.2555541992187500
1924.5410              271.2967834472656250
1924.6257              271.2941589355468750
1924.7103              271.3107910156250000
1924.7924              271.4041748046875000
1924.8771              271.3889160156250000
1924.9590              271.4022827148437500
1925.0438              271.4593200683593750
1925.1260              271.9625244140625000
1925.2054              272.0638122558593750
1925.2904              271.5061950683593750
1925.3726              271.4209289550781250
1925.4575              271.3718261718750000
1925.5397              271.3210449218750000
1925.6246              271.3401794433593750
1925.7096              271.3240966796875000
1925.7917              271.2915649414062500
1925.8767              271.2825927734375000
1925.9589              271.2815246582031250
1926.0438              271.2901000976562500
1926.1260              271.2954711914062500
1926.2054              271.2979736328125000
1926.2904              271.2662048339843750
1926.3726              271.2138671875000000
1926.4575              271.2250366210937500
1926.5397              271.2203063964843750
1926.6246              271.2318420410156250
1926.7096              271.2103881835937500
1926.7917              271.2207946777343750
1926.8767              271.2440490722656250
1926.9589              271.2545166015625000
1927.0438              271.2668151855468750
1927.1260              271.2703247070312500
1927.2054              271.2685852050781250
1927.2904              271.2157897949218750
1927.3726              271.2304992675781250
1927.4575              271.2682800292968750
1927.5397              271.2973632812500000
1927.6246              271.2648925781250000
1927.7096              271.2471008300781250
1927.7917              271.2560424804687500
1927.8767              271.2630615234375000
1927.9589              271.2552795410156250
1928.0437              271.2605285644531250
1928.1257              271.2687072753906250
1928.2076              271.2850036621093750
1928.2924              271.2673950195312500
1928.3743              271.2807922363281250
1928.4590              271.2611389160156250
1928.5410              271.3316955566406250
1928.6257              271.3472595214843750
1928.7103              271.4018554687500000
1928.7924              271.4476318359375000
1928.8771              271.4604187011718750
1928.9590              271.4569702148437500
1929.0438              271.4323425292968750
1929.1260              271.4100952148437500
1929.2054              271.4076232910156250
1929.2904              271.4070434570312500
1929.3726              271.2525634765625000
1929.4575              271.2935485839843750
1929.5397              271.3029479980468750
1929.6246              271.3074035644531250
1929.7096              271.3080139160156250
1929.7917              271.3319091796875000
1929.8767              271.3600158691406250
1929.9589              271.3510742187500000
1930.0438              271.3459777832031250
1930.1260              271.3324584960937500
1930.2054              271.3308715820312500
1930.2904              271.3336791992187500
1930.3726              271.3145751953125000
1930.4575              271.2538452148437500
1930.5397              271.2620849609375000
1930.6246              271.2425537109375000
1930.7096              271.2012634277343750
1930.7917              271.2123718261718750
1930.8767              271.2232055664062500
1930.9589              271.2244262695312500
1931.0438              271.2294921875000000
1931.1260              271.2537231445312500
1931.2054              271.2589111328125000
1931.2904              271.2751464843750000
1931.3726              271.2939147949218750
1931.4575              271.2118835449218750
1931.5397              271.2123413085937500
1931.6246              271.1998291015625000
1931.7096              271.2038574218750000
1931.7917              271.2238769531250000
1931.8767              271.2317199707031250
1931.9589              271.2285156250000000
1932.0437              271.2341308593750000
1932.1257              271.2345581054687500
1932.2076              271.2309570312500000
1932.2924              271.2198791503906250
1932.3743              271.2357177734375000
1932.4590              271.2176513671875000
1932.5410              271.2155761718750000
1932.6257              271.2402954101562500
1932.7103              271.2564086914062500
1932.7924              271.2569580078125000
1932.8771              271.2564392089843750
1932.9590              271.2574157714843750
1933.0438              271.2593994140625000
1933.1260              271.2587280273437500
1933.2054              271.2510375976562500
1933.2904              271.2330627441406250
1933.3726              271.2358398437500000
1933.4575              271.2405090332031250
1933.5397              271.2591247558593750
1933.6246              271.2515258789062500
1933.7096              271.2324523925781250
1933.7917              271.2102966308593750
1933.8767              271.2251586914062500
1933.9589              271.2372131347656250
1934.0438              271.2409973144531250
1934.1260              271.2428588867187500
1934.2054              271.2548522949218750
1934.2904              271.2602233886718750
1934.3726              271.2400817871093750
1934.4575              271.2381896972656250
1934.5397              271.2064208984375000
1934.6246              271.2252807617187500
1934.7096              271.2252807617187500
1934.7917              271.2166442871093750
1934.8767              271.2328796386718750
1934.9589              271.2400512695312500
1935.0438              271.2543334960937500
1935.1260              271.4684143066406250
1935.2054              271.4644775390625000
1935.2904              271.3028869628906250
1935.3726              271.3061218261718750
1935.4575              271.2199707031250000
1935.5397              271.1997985839843750
1935.6246              271.2072448730468750
1935.7096              271.2164306640625000
1935.7917              271.2246093750000000
1935.8767              271.2414245605468750
1935.9589              271.2508544921875000
1936.0437              271.2546386718750000
1936.1257              271.2615356445312500
1936.2076              271.2658996582031250
1936.2924              271.2584228515625000
1936.3743              271.2335510253906250
1936.4590              271.2971496582031250
1936.5410              271.2977905273437500
1936.6257              271.3424682617187500
1936.7103              271.3950195312500000
1936.7924              271.4830322265625000
1936.8771              271.4925537109375000
1936.9590              271.4985656738281250
1937.0438              271.4980468750000000
1937.1260              271.4675903320312500
1937.2054              271.4423217773437500
1937.2904              271.4237670898437500
1937.3726              271.3287353515625000
1937.4575              271.2126770019531250
1937.5397              271.2413024902343750
1937.6246              271.2767944335937500
1937.7096              271.3247070312500000
1937.7917              271.3250732421875000
1937.8767              271.3818359375000000
1937.9589              271.4020690917968750
1938.0438              271.4112854003906250
1938.1260              271.4125976562500000
1938.2054              271.4013061523437500
1938.2904              271.3397216796875000
1938.3726              271.3121337890625000
1938.4575              271.3299865722656250
1938.5397              271.3180847167968750
1938.6246              271.3004455566406250
1938.7096              271.2972412109375000
1938.7917              271.3353271484375000
1938.8767              271.3909606933593750
1938.9589              271.4286193847656250
1939.0438              271.4411621093750000
1939.1260              271.4072570800781250
1939.2054              271.3849182128906250
1939.2904              271.3711547851562500
1939.3726              271.3666687011718750
1939.4575              271.2828979492187500
1939.5397              271.2490844726562500
1939.6246              271.2358703613281250
1939.7096              271.2623291015625000
1939.7917              271.2995605468750000
1939.8767              271.3249816894531250
1939.9589              271.3521118164062500
1940.0437              271.3631591796875000
1940.1257              271.3641052246093750
1940.2076              271.3747253417968750
1940.2924              271.3335876464843750
1940.3743              271.2490234375000000
1940.4590              271.3312377929687500
1940.5410              271.3641967773437500
1940.6257              271.4010620117187500
1940.7103              271.4299621582031250
1940.7924              271.4563903808593750
1940.8771              271.4691162109375000
1940.9590              271.4493713378906250
1941.0438              271.4340515136718750
1941.1260              271.4119567871093750
1941.2054              271.3902587890625000
1941.2904              271.3405761718750000
1941.3726              271.3281250000000000
1941.4575              271.3467407226562500
1941.5397              271.3827209472656250
1941.6246              271.3929748535156250
1941.7096              271.4148254394531250
1941.7917              271.4453125000000000
1941.8767              271.4619445800781250
1941.9589              271.4715881347656250
1942.0438              271.4681701660156250
1942.1260              271.4561767578125000
1942.2054              271.4437255859375000
1942.2904              271.4257812500000000
1942.3726              271.4133605957031250
1942.4575              271.3410949707031250
1942.5397              271.3033142089843750
1942.6246              271.3551330566406250
1942.7096              271.3707885742187500
1942.7917              271.3600769042968750
1942.8767              271.3494873046875000
1942.9589              271.3341979980468750
1943.0438              271.3284912109375000
1943.1260              271.3792724609375000
1943.2054              271.3335876464843750
1943.2904              271.3482666015625000
1943.3726              271.2916870117187500
1943.4575              271.2068176269531250
1943.5397              271.2330322265625000
1943.6246              271.2379150390625000
1943.7096              271.2667846679687500
1943.7917              271.3386535644531250
1943.8767              271.3377380371093750
1943.9589              271.3275756835937500
1944.0437              271.3176574707031250
1944.1257              271.3116760253906250
1944.2076              271.2991638183593750
1944.2924              271.3016052246093750
1944.3743              271.3174438476562500
1944.4590              271.3230285644531250
1944.5410              271.3360900878906250
1944.6257              271.3200378417968750
1944.7103              271.2601318359375000
1944.7924              271.2302246093750000
1944.8771              271.2190856933593750
1944.9590              271.2224121093750000
1945.0438              271.2214050292968750
1945.1260              271.2312927246093750
1945.2054              271.2740478515625000
1945.2904              271.2381286621093750
1945.3726              271.2350158691406250
1945.4575              271.2788085937500000
1945.5397              271.2833557128906250
1945.6246              271.2783508300781250
1945.7096              271.2552795410156250
1945.7917              271.2794494628906250
1945.8767              271.3088989257812500
1945.9589              271.2892456054687500
1946.0438              271.2875976562500000
1946.1260              271.2835998535156250
1946.2054              271.2821960449218750
1946.2904              271.2876892089843750
1946.3726              271.2397766113281250
1946.4575              271.2259521484375000
1946.5397              271.2196044921875000
1946.6246              271.2526550292968750
1946.7096              271.2727966308593750
1946.7917              271.2418518066406250
1946.8767              271.2368774414062500
1946.9589              271.2518310546875000
1947.0438              271.2617492675781250
1947.1260              271.2717285156250000
1947.2054              271.2825622558593750
1947.2904              271.2892761230468750
1947.3726              271.2916259765625000
1947.4575              271.3115539550781250
1947.5397              271.3182067871093750
1947.6246              271.3303222656250000
1947.7096              271.3260192871093750
1947.7917              271.3019104003906250
1947.8767              271.2763977050781250
1947.9589              271.2664184570312500
1948.0437              271.2720947265625000
1948.1257              271.2696228027343750
1948.2076              271.2648315429687500
1948.2924              271.2437133789062500
1948.3743              271.2091979980468750
1948.4590              271.2794189453125000
1948.5410              271.3489990234375000
1948.6257              271.3806762695312500
1948.7103              271.3670959472656250
1948.7924              271.3067626953125000
1948.8771              271.2855529785156250
1948.9590              271.2857971191406250
1949.0438              271.2684631347656250
1949.1260              271.2650451660156250
1949.2054              271.2688598632812500
1949.2904              271.2627868652343750
1949.3726              271.2490539550781250
1949.4575              271.2512207031250000
1949.5397              271.2443542480468750
1949.6246              271.2393798828125000
1949.7096              271.3309326171875000
1949.7917              271.3961181640625000
1949.8767              271.4060363769531250
1949.9589              271.4454040527343750
1950.0438              271.4461059570312500
1950.1260              271.4144287109375000
1950.2054              271.3954162597656250
1950.2904              271.3752441406250000
1950.3726              271.2347412109375000
1950.4575              271.2064819335937500
1950.5397              271.2496337890625000
1950.6246              271.2593078613281250
1950.7096              271.3209838867187500
1950.7917              271.3565673828125000
1950.8767              271.4408569335937500
1950.9589              271.4648742675781250
1951.0438              271.4895629882812500
1951.1260              271.9194946289062500
1951.2054              272.0684509277343750
1951.2904              271.6317138671875000
1951.3726              271.4278259277343750
1951.4575              271.2066955566406250
1951.5397              271.2366333007812500
1951.6246              271.2055053710937500
1951.7096              271.2155456542968750
1951.7917              271.2378845214843750
1951.8767              271.3147277832031250
1951.9589              271.3377990722656250
1952.0437              271.3368835449218750
1952.1257              271.3128356933593750
1952.2076              271.3096618652343750
1952.2924              271.3038635253906250
1952.3743              271.2033691406250000
1952.4590              271.2555541992187500
1952.5410              271.2888183593750000
1952.6257              271.2908935546875000
1952.7103              271.3365173339843750
1952.7924              271.3009033203125000
1952.8771              271.2778625488281250
1952.9590              271.2915039062500000
1953.0438              271.2963867187500000
1953.1260              271.2966003417968750
1953.2054              271.2900695800781250
1953.2904              271.2771606445312500
1953.3726              271.2095947265625000
1953.4575              271.2108154296875000
1953.5397              271.2622070312500000
1953.6246              271.2885131835937500
1953.7096              271.3008728027343750
1953.7917              271.2889404296875000
1953.8767              271.2843627929687500
1953.9589              271.2893066406250000
1954.0438              271.2966918945312500
1954.1260              271.2990722656250000
1954.2054              271.3074340820312500
1954.2904              271.2976379394531250
1954.3726              271.2190246582031250
1954.4575              271.2216796875000000
1954.5397              271.2420959472656250
1954.6246              271.2457885742187500
1954.7096              271.2921752929687500
1954.7917              271.3809509277343750
1954.8767              271.4666137695312500
1954.9589              271.5009765625000000
1955.0438              271.4633178710937500
1955.1260              271.4444885253906250
1955.2054              271.4268798828125000
1955.2904              271.4036865234375000
1955.3726              271.4340820312500000
1955.4575              271.4513244628906250
1955.5397              271.4851684570312500
1955.6246              271.4874267578125000
1955.7096              271.4225463867187500
1955.7917              271.3971557617187500
1955.8767              271.3395690917968750
1955.9589              271.3162841796875000
1956.0437              271.3195800781250000
1956.1257              271.3206176757812500
1956.2076              271.3268737792968750
1956.2924              271.2956542968750000
1956.3743              271.2106933593750000
1956.4590              271.2238769531250000
1956.5410              271.2488403320312500
1956.6257              271.2462768554687500
1956.7103              271.2725830078125000
1956.7924              271.3051452636718750
1956.8771              271.3394470214843750
1956.9590              271.3522033691406250
1957.0438              271.3505859375000000
1957.1260              271.4385681152343750
1957.2054              271.5652770996093750
1957.2904              271.3681945800781250
1957.3726              271.3850097656250000
1957.4575              271.2149047851562500
1957.5397              271.2707519531250000
1957.6246              271.3277587890625000
1957.7096              271.2580566406250000
1957.7917              271.3021850585937500
1957.8767              271.3018188476562500
1957.9589              271.4252014160156250
1958.0438              271.4307861328125000
1958.1260              271.3994445800781250
1958.2054              271.3748474121093750
1958.2904              271.3428344726562500
1958.3726              271.3460693359375000
1958.4575              271.3373718261718750
1958.5397              271.2945251464843750
1958.6246              271.2692260742187500
1958.7096              271.2821350097656250
1958.7917              271.2978820800781250
1958.8767              271.3116760253906250
1958.9589              271.3239135742187500
1959.0438              271.3255310058593750
1959.1260              271.3073425292968750
1959.2054              271.3136291503906250
1959.2904              271.3336486816406250
1959.3726              271.2518310546875000
1959.4575              271.2562255859375000
1959.5397              271.3132019042968750
1959.6246              271.3590087890625000
1959.7096              271.3641357421875000
1959.7917              271.3562011718750000
1959.8767              271.3735351562500000
1959.9589              271.3876037597656250
1960.0437              271.3881835937500000
1960.1257              271.3699035644531250
1960.2076              271.3672790527343750
1960.2924              271.3179931640625000
1960.3743              271.2542419433593750
1960.4590              271.4190979003906250
1960.5410              271.5017395019531250
1960.6257              271.6768798828125000
1960.7103              271.7022399902343750
1960.7924              271.6748962402343750
1960.8771              271.6427917480468750
1960.9590              271.5741577148437500
1961.0438              271.5246276855468750
1961.1260              271.5048522949218750
1961.2054              271.4986572265625000
1961.2904              271.4880981445312500
1961.3726              271.4511413574218750
1961.4575              271.4793090820312500
1961.5397              271.4977722167968750
1961.6246              271.5083007812500000
1961.7096              271.4979858398437500
1961.7917              271.4978637695312500
1961.8767              271.4694213867187500
1961.9589              271.4400634765625000
1962.0438              271.4260559082031250
1962.1260              271.4027404785156250
1962.2054              271.3888549804687500
1962.2904              271.2789001464843750
1962.3726              271.2775268554687500
1962.4575              271.3138732910156250
1962.5397              271.3516540527343750
1962.6246              271.3607482910156250
1962.7096              271.3746948242187500
1962.7917              271.3743896484375000
1962.8767              271.4313659667968750
1962.9589              271.4786987304687500
1963.0438              271.5816955566406250
1963.1260              272.2155456542968750
1963.2054              272.3646545410156250
1963.2904              271.7540588378906250
1963.3726              271.5855712890625000
1963.4575              271.2445068359375000
1963.5397              271.3556823730468750
1963.6246              271.3235778808593750
1963.7096              271.3020629882812500
1963.7917              271.3474121093750000
1963.8767              271.3721618652343750
1963.9589              271.3891906738281250
1964.0437              271.3752136230468750
1964.1257              271.4055786132812500
1964.2076              271.4371643066406250
1964.2924              271.3694152832031250
1964.3743              271.3338623046875000
1964.4590              271.2575988769531250
1964.5410              271.3670043945312500
1964.6257              271.4085998535156250
1964.7103              271.4251708984375000
1964.7924              271.4254150390625000
1964.8771              271.4321289062500000
1964.9590              271.4208984375000000
1965.0438              271.3989562988281250
1965.1260              271.3699035644531250
1965.2054              271.3335266113281250
1965.2904              271.2923889160156250
1965.3726              271.2096862792968750
1965.4575              271.2257080078125000
1965.5397              271.2536315917968750
1965.6246              271.2279357910156250
1965.7096              271.2229003906250000
1965.7917              271.2616882324218750
1965.8767              271.3244628906250000
1965.9589              271.3451843261718750
1966.0438              271.3447570800781250
1966.1260              271.3388061523437500
1966.2054              271.3242187500000000
1966.2904              271.3193359375000000
1966.3726              271.2813415527343750
1966.4575              271.2387084960937500
1966.5397              271.2388610839843750
1966.6246              271.2631225585937500
1966.7096              271.2836608886718750
1966.7917              271.2722473144531250
1966.8767              271.2511901855468750
1966.9589              271.2449645996093750
1967.0438              271.2465515136718750
1967.1260              271.3018798828125000
1967.2054              271.3114013671875000
1967.2904              271.2827148437500000
1967.3726              271.2779846191406250
1967.4575              271.2314758300781250
1967.5397              271.2771301269531250
1967.6246              271.3167724609375000
1967.7096              271.3400573730468750
1967.7917              271.3515930175781250
1967.8767              271.3422851562500000
1967.9589              271.3441467285156250
1968.0437              271.3283386230468750
1968.1257              271.3404541015625000
1968.2076              271.3102416992187500
1968.2924              271.3038635253906250
1968.3743              271.2428588867187500
1968.4590              271.2227783203125000
1968.5410              271.2353820800781250
1968.6257              271.2747802734375000
1968.7103              271.2919616699218750
1968.7924              271.2863464355468750
1968.8771              271.2641296386718750
1968.9590              271.2609558105468750
1969.0438              271.2626342773437500
1969.1260              271.3119201660156250
1969.2054              271.3434143066406250
1969.2904              271.2770690917968750
1969.3726              271.2377929687500000
1969.4575              271.2611694335937500
1969.5397              271.2707214355468750
1969.6246              271.3194274902343750
1969.7096              271.3215942382812500
1969.7917              271.3251342773437500
1969.8767              271.3582153320312500
1969.9589              271.3638610839843750
1970.0438              271.3631896972656250
1970.1260              271.3525085449218750
1970.2054              271.3459167480468750
1970.2904              271.3539733886718750
1970.3726              271.2970275878906250
1970.4575              271.2600097656250000
1970.5397              271.2952880859375000
1970.6246              271.2663574218750000
1970.7096              271.2673645019531250
1970.7917              271.2882080078125000
1970.8767              271.3157958984375000
1970.9589              271.3208618164062500
1971.0438              271.3244628906250000
1971.1260              271.3250427246093750
1971.2054              271.3261718750000000
1971.2904              271.2349243164062500
1971.3726              271.2503662109375000
1971.4575              271.2665100097656250
1971.5397              271.3342285156250000
1971.6246              271.3112182617187500
1971.7096              271.2889404296875000
1971.7917              271.2734680175781250
1971.8767              271.2846374511718750
1971.9589              271.3206481933593750
1972.0437              271.3392333984375000
1972.1257              271.3422851562500000
1972.2076              271.3418884277343750
1972.2924              271.3442382812500000
1972.3743              271.3280334472656250
1972.4590              271.2791748046875000
1972.5410              271.2634887695312500
1972.6257              271.2251892089843750
1972.7103              271.2120971679687500
1972.7924              271.2383728027343750
1972.8771              271.2658996582031250
1972.9590              271.2803649902343750
1973.0438              271.2853698730468750
1973.1260              271.3708496093750000
1973.2054              271.5311279296875000
1973.2904              271.3219299316406250
1973.3726              271.2419738769531250
1973.4575              271.2134704589843750
1973.5397              271.2025451660156250
1973.6246              271.2271728515625000
1973.7096              271.2966003417968750
1973.7917              271.3012695312500000
1973.8767              271.3743896484375000
1973.9589              271.3615417480468750
1974.0438              271.3427734375000000
1974.1260              271.3347778320312500
1974.2054              271.3238525390625000
1974.2904              271.2675170898437500
1974.3726              271.2448425292968750
1974.4575              271.2691955566406250
1974.5397              271.2160644531250000
1974.6246              271.2095336914062500
1974.7096              271.2995605468750000
1974.7917              271.3048095703125000
1974.8767              271.3240661621093750
1974.9589              271.3460693359375000
1975.0438              271.3532409667968750
1975.1260              271.3366394042968750
1975.2054              271.3224182128906250
1975.2904              271.3191223144531250
1975.3726              271.3018493652343750
1975.4575              271.2485046386718750
1975.5397              271.2095336914062500
1975.6246              271.2323913574218750
1975.7096              271.3107299804687500
1975.7917              271.3348388671875000
1975.8767              271.3422241210937500
1975.9589              271.3278503417968750
1976.0437              271.3093566894531250
1976.1257              271.2951660156250000
1976.2076              271.2934570312500000
1976.2924              271.2415466308593750
1976.3743              271.2605895996093750
1976.4590              271.2752685546875000
1976.5410              271.2739562988281250
1976.6257              271.2691040039062500
1976.7103              271.2631530761718750
1976.7924              271.2467041015625000
1976.8771              271.2689208984375000
1976.9590              271.3110351562500000
1977.0438              271.3472290039062500
1977.1260              271.7737426757812500
1977.2054              271.9417724609375000
1977.2904              271.4984741210937500
1977.3726              271.4303283691406250
1977.4575              271.2152099609375000
1977.5397              271.2277526855468750
1977.6246              271.2489318847656250
1977.7096              271.3022460937500000
1977.7917              271.3065795898437500
1977.8767              271.3144531250000000
1977.9589              271.3297729492187500
1978.0438              271.3257751464843750
1978.1260              271.4399108886718750
1978.2054              271.5781250000000000
1978.2904              271.3649902343750000
1978.3726              271.3112487792968750
1978.4575              271.2341918945312500
1978.5397              271.2369995117187500
1978.6246              271.2561950683593750
1978.7096              271.3132019042968750
1978.7917              271.3459167480468750
1978.8767              271.4208679199218750
1978.9589              271.4544982910156250
1979.0438              271.4644470214843750
1979.1260              271.4484863281250000
1979.2054              271.4346923828125000
1979.2904              271.4124145507812500
1979.3726              271.3428344726562500
1979.4575              271.2265930175781250
1979.5397              271.3037109375000000
1979.6246              271.3564453125000000
1979.7096              271.3992614746093750
1979.7917              271.3969116210937500
1979.8767              271.4249267578125000
1979.9589              271.4300842285156250
1980.0437              271.4323425292968750
1980.1257              271.4200439453125000
1980.2076              271.4041748046875000
1980.2924              271.3960571289062500
1980.3743              271.3711853027343750
1980.4590              271.3887023925781250
1980.5410              271.3904113769531250
1980.6257              271.3865356445312500
1980.7103              271.3785400390625000
1980.7924              271.3776550292968750
1980.8771              271.3680114746093750
1980.9590              271.3635253906250000
1981.0438              271.3577880859375000
1981.1260              271.3464050292968750
1981.2054              271.3330078125000000
1981.2904              271.3111267089843750
1981.3726              271.2168884277343750
1981.4575              271.2585754394531250
1981.5397              271.2980041503906250
1981.6246              271.3447875976562500
1981.7096              271.3648681640625000
1981.7917              271.4127807617187500
1981.8767              271.4671325683593750
1981.9589              271.4905700683593750
1982.0438              271.5894165039062500
1982.1260              272.2424926757812500
1982.2054              272.3222045898437500
1982.2904              271.6419372558593750
1982.3726              271.5182189941406250
1982.4575              271.2732238769531250
1982.5397              271.2578430175781250
1982.6246              271.2417297363281250
1982.7096              271.3487854003906250
1982.7917              271.4237670898437500
1982.8767              271.4263916015625000
1982.9589              271.3862915039062500
1983.0438              271.3458251953125000
1983.1260              271.3321533203125000
1983.2054              271.3273925781250000
1983.2904              271.3423461914062500
1983.3726              271.3677978515625000
1983.4575              271.3573913574218750
1983.5397              271.2559509277343750
1983.6246              271.2689514160156250
1983.7096              271.3240356445312500
1983.7917              271.3679809570312500
1983.8767              271.4426574707031250
1983.9589              271.4377136230468750
1984.0437              271.4107666015625000
1984.1257              271.3876647949218750
1984.2076              271.3840026855468750
1984.2924              271.3794860839843750
1984.3743              271.2322998046875000
1984.4590              271.2524108886718750
1984.5410              271.2342529296875000
1984.6257              271.2789611816406250
1984.7103              271.2728576660156250
1984.7924              271.3446044921875000
1984.8771              271.3875122070312500
1984.9590              271.4207153320312500
1985.0438              271.4331359863281250
1985.1260              271.4458923339843750
1985.2054              271.4689941406250000
1985.2904              271.4992675781250000
1985.3726              271.5245666503906250
1985.4575              271.4441528320312500
1985.5397              271.4297790527343750
1985.6246              271.4027709960937500
1985.7096              271.3396301269531250
1985.7917              271.3280334472656250
1985.8767              271.3660278320312500
1985.9589              271.4017639160156250
1986.0438              271.3987426757812500
1986.1260              271.4030761718750000
1986.2054              271.5844116210937500
1986.2904              271.4393615722656250
1986.3726              271.4260559082031250
1986.4575              271.2344970703125000
1986.5397              271.2759399414062500
1986.6246              271.3058471679687500
1986.7096              271.3410034179687500
1986.7917              271.3788757324218750
1986.8767              271.4099426269531250
1986.9589              271.4136657714843750
1987.0438              271.5113220214843750
1987.1260              272.0426635742187500
1987.2054              272.0993041992187500
1987.2904              271.5772094726562500
1987.3726              271.3761291503906250
1987.4575              271.2127685546875000
1987.5397              271.2612304687500000
1987.6246              271.2513732910156250
1987.7096              271.2907714843750000
1987.7917              271.2788391113281250
1987.8767              271.2825622558593750
1987.9589              271.2820434570312500
1988.0437              271.2899475097656250
1988.1257              271.2987670898437500
1988.2076              271.3082885742187500
1988.2924              271.3095092773437500
1988.3743              271.2841186523437500
1988.4590              271.2168884277343750
1988.5410              271.2671203613281250
1988.6257              271.2870178222656250
1988.7103              271.2741699218750000
1988.7924              271.2670288085937500
1988.8771              271.3240966796875000
1988.9590              271.3536071777343750
1989.0438              271.3639221191406250
1989.1260              271.5046386718750000
1989.2054              271.4329223632812500
1989.2904              271.4040222167968750
1989.3726              271.3916015625000000
1989.4575              271.3835754394531250
1989.5397              271.4010925292968750
1989.6246              271.4061889648437500
1989.7096              271.4122314453125000
1989.7917              271.4263610839843750
1989.8767              271.4442138671875000
1989.9589              271.4406127929687500
1990.0438              271.4183654785156250
1990.1260              271.3988037109375000
1990.2054              271.3860473632812500
1990.2904              271.3698730468750000
1990.3726              271.3588867187500000
1990.4575              271.3295288085937500
1990.5397              271.3058776855468750
1990.6246              271.2986755371093750
1990.7096              271.2902221679687500
1990.7917              271.2834777832031250
1990.8767              271.3096923828125000
1990.9589              271.3219604492187500
1991.0438              271.3265380859375000
1991.1260              271.3231506347656250
1991.2054              271.3090820312500000
1991.2904              271.2890014648437500
1991.3726              271.2490234375000000
1991.4575              271.2042846679687500
1991.5397              271.2509460449218750
1991.6246              271.2452087402343750
1991.7096              271.2574157714843750
1991.7917              271.2686767578125000
1991.8767              271.3226013183593750
1991.9589              271.3532104492187500
1992.0437              271.3706970214843750
1992.1257              271.3752136230468750
1992.2076              271.3795166015625000
1992.2924              271.3814086914062500
1992.3743              271.3706665039062500
1992.4590              271.4352416992187500
1992.5410              271.4303283691406250
1992.6257              271.5181884765625000
1992.7103              271.7127685546875000
1992.7924              271.7903442382812500
1992.8771              271.7676391601562500
1992.9590              271.7688903808593750
1993.0438              271.7079772949218750
1993.1260              271.6385498046875000
1993.2054              271.6042785644531250
1993.2904              271.5460205078125000
1993.3726              271.4944152832031250
1993.4575              271.3805541992187500
1993.5397              271.2843627929687500
1993.6246              271.2778320312500000
1993.7096              271.3075561523437500
1993.7917              271.3040771484375000
1993.8767              271.2967529296875000
1993.9589              271.2953491210937500
1994.0438              271.3115539550781250
1994.1260              271.5126953125000000
1994.2054              271.7034912109375000
1994.2904              271.4104309082031250
1994.3726              271.2869873046875000
1994.4575              271.3081970214843750
1994.5397              271.3228149414062500
1994.6246              271.3204040527343750
1994.7096              271.3838195800781250
1994.7917              271.5023193359375000
1994.8767              271.5372009277343750
1994.9589              271.5171813964843750
1995.0438              271.4766845703125000
1995.1260              271.4445190429687500
1995.2054              271.4324951171875000
1995.2904              271.4419250488281250
1995.3726              271.3090820312500000
1995.4575              271.2118530273437500
1995.5397              271.2486572265625000
1995.6246              271.3180236816406250
1995.7096              271.3222656250000000
1995.7917              271.3063049316406250
1995.8767              271.3124084472656250
1995.9589              271.3152770996093750
1996.0437              271.3123168945312500
1996.1257              271.3715209960937500
1996.2076              271.3649597167968750
1996.2924              271.3525390625000000
1996.3743              271.2688903808593750
1996.4590              271.2035827636718750
1996.5410              271.2212524414062500
1996.6257              271.2332763671875000
1996.7103              271.2507934570312500
1996.7924              271.2359313964843750
1996.8771              271.2320556640625000
1996.9590              271.2363891601562500
1997.0438              271.2742919921875000
1997.1260              271.6459350585937500
1997.2054              271.7816772460937500
1997.2904              271.3582458496093750
1997.3726              271.2901916503906250
1997.4575              271.2520751953125000
1997.5397              271.2686157226562500
1997.6246              271.2769470214843750
1997.7096              271.2779235839843750
1997.7917              271.2866821289062500
1997.8767              271.3039245605468750
1997.9589              271.3171081542968750
1998.0438              271.2976074218750000
1998.1260              271.2863769531250000
1998.2054              271.2897033691406250
1998.2904              271.2962646484375000
1998.3726              271.2195434570312500
1998.4575              271.2317504882812500
1998.5397              271.2628784179687500
1998.6246              271.2929992675781250
1998.7096              271.2911071777343750
1998.7917              271.2802734375000000
1998.8767              271.2910156250000000
1998.9589              271.2896423339843750
1999.0438              271.2896118164062500
1999.1260              271.2945251464843750
1999.2054              271.2895202636718750
1999.2904              271.2908020019531250
1999.3726              271.2479248046875000
1999.4575              271.2196350097656250
1999.5397              271.2159118652343750
1999.6246              271.2349853515625000
1999.7096              271.2494201660156250
1999.7917              271.2703552246093750
1999.8767              271.2760925292968750
1999.9589              271.2777404785156250
2000.0437              271.2804870605468750
2000.1257              271.2854614257812500
2000.2076              271.2781372070312500
2000.2924              271.2729797363281250
2000.3743              271.2579345703125000
2000.4590              271.2624206542968750
2000.5410              271.2305297851562500
2000.6257              271.2271423339843750
2000.7103              271.2293701171875000
2000.7924              271.2297973632812500
2000.8771              271.2539672851562500
2000.9590              271.2626953125000000
