1871.0438              272.1542968750000000
1871.1260              272.8870849609375000
1871.2054              273.1380004882812500
1871.2904              272.8533325195312500
1871.3726              272.2380065917968750
1871.4575              271.5606079101562500
1871.5397              271.4771423339843750
1871.6246              271.6162109375000000
1871.7096              271.8851623535156250
1871.7917              271.9386901855468750
1871.8767              271.8589172363281250
1871.9589              271.7791748046875000
1872.0437              272.2299194335937500
1872.1257              272.9224548339843750
1872.2076              272.9889831542968750
1872.2924              272.7095947265625000
1872.3743              271.8447570800781250
1872.4590              271.6052551269531250
1872.5410              271.7544860839843750
1872.6257              271.9421386718750000
1872.7103              271.9573669433593750
1872.7924              271.9605712890625000
1872.8771              271.9069213867187500
1872.9590              271.8267211914062500
1873.0438              271.8220214843750000
1873.1260              272.3199768066406250
1873.2054              272.5385131835937500
1873.2904              272.1924133300781250
1873.3726              271.6118469238281250
1873.4575              271.6480407714843750
1873.5397              271.9014892578125000
1873.6246              271.9623413085937500
1873.7096              271.9643859863281250
1873.7917              271.9617614746093750
1873.8767              271.9236755371093750
1873.9589              271.8486938476562500
1874.0438              272.2726440429687500
1874.1260              272.9283447265625000
1874.2054              272.9122924804687500
1874.2904              272.4203186035156250
1874.3726              271.7171630859375000
1874.4575              271.5632629394531250
1874.5397              271.8174133300781250
1874.6246              271.9319763183593750
1874.7096              271.9356384277343750
1874.7917              271.9347534179687500
1874.8767              271.9048156738281250
1874.9589              271.8625793457031250
1875.0438              272.3956298828125000
1875.1260              272.8952331542968750
1875.2054              272.9113769531250000
1875.2904              272.5418395996093750
1875.3726              271.7760314941406250
1875.4575              271.5495910644531250
1875.5397              271.7426452636718750
1875.6246              271.9098510742187500
1875.7096              271.9108886718750000
1875.7917              271.9097595214843750
1875.8767              271.8930358886718750
1875.9589              271.8317565917968750
1876.0437              271.8757019042968750
1876.1257              272.4635925292968750
1876.2076              272.6455383300781250
1876.2924              272.2645568847656250
1876.3743              271.6353454589843750
1876.4590              271.5826416015625000
1876.5410              271.6340942382812500
1876.6257              271.7267761230468750
1876.7103              271.9137878417968750
1876.7924              271.8961486816406250
1876.8771              271.8686828613281250
1876.9590              271.8349304199218750
1877.0438              272.2024536132812500
1877.1260              272.8710327148437500
1877.2054              272.8191223144531250
1877.2904              272.4947509765625000
1877.3726              271.8199768066406250
1877.4575              271.5937194824218750
1877.5397              271.7965393066406250
1877.6246              271.9283447265625000
1877.7096              271.9258422851562500
1877.7917              271.9176025390625000
1877.8767              271.8666381835937500
1877.9589              271.8021545410156250
1878.0438              272.1124267578125000
1878.1260              272.7239379882812500
1878.2054              272.8655395507812500
1878.2904              272.4395141601562500
1878.3726              271.7059631347656250
1878.4575              271.6002502441406250
1878.5397              271.7328186035156250
1878.6246              271.8908081054687500
1878.7096              271.8984680175781250
1878.7917              271.8940124511718750
1878.8767              271.8445739746093750
1878.9589              271.7680053710937500
1879.0438              272.0917968750000000
1879.1260              272.8256225585937500
1879.2054              272.9519653320312500
1879.2904              272.6885070800781250
1879.3726              272.0631103515625000
1879.4575              271.5283508300781250
1879.5397              271.4985351562500000
1879.6246              271.8119812011718750
1879.7096              271.8516845703125000
1879.7917              271.8529663085937500
1879.8767              271.8189697265625000
1879.9589              271.7891540527343750
1880.0437              272.5566711425781250
1880.1257              273.2411804199218750
1880.2076              273.3220520019531250
1880.2924              272.8188781738281250
1880.3743              272.0024414062500000
1880.4590              271.5347900390625000
1880.5410              271.6702270507812500
1880.6257              271.8480224609375000
1880.7103              271.8503417968750000
1880.7924              271.8493041992187500
1880.8771              271.8247985839843750
1880.9590              271.7550354003906250
1881.0438              272.1500854492187500
1881.1260              272.7513122558593750
1881.2054              272.8800659179687500
1881.2904              272.4825744628906250
1881.3726              271.7259521484375000
1881.4575              271.4636840820312500
1881.5397              271.5406799316406250
1881.6246              271.8076782226562500
1881.7096              271.8599243164062500
1881.7917              271.8634643554687500
1881.8767              271.8544006347656250
1881.9589              271.8414001464843750
1882.0438              272.0739440917968750
1882.1260              272.7696838378906250
1882.2054              272.9525451660156250
1882.2904              272.3801879882812500
1882.3726              271.6387939453125000
1882.4575              271.5763854980468750
1882.5397              271.7917480468750000
1882.6246              271.9213867187500000
1882.7096              271.9245605468750000
1882.7917              271.9229736328125000
1882.8767              271.9096679687500000
1882.9589              271.8583679199218750
1883.0438              272.2572326660156250
1883.1260              273.0149841308593750
1883.2054              273.2244873046875000
1883.2904              272.8826293945312500
1883.3726              272.2279968261718750
1883.4575              271.4695434570312500
1883.5397              271.6801147460937500
1883.6246              271.9040832519531250
1883.7096              271.9051513671875000
1883.7917              271.9016113281250000
1883.8767              271.8839721679687500
1883.9589              271.8468322753906250
1884.0437              272.2989807128906250
1884.1257              272.9895935058593750
1884.2076              273.1384277343750000
1884.2924              272.7797546386718750
1884.3743              272.0240173339843750
1884.4590              271.4130859375000000
1884.5410              271.6354370117187500
1884.6257              271.8951721191406250
1884.7103              271.8963928222656250
1884.7924              271.8912353515625000
1884.8771              271.8753051757812500
1884.9590              271.8244323730468750
1885.0438              271.8668212890625000
1885.1260              272.4375305175781250
1885.2054              272.7484741210937500
1885.2904              272.4953308105468750
1885.3726              271.9494018554687500
1885.4575              271.4831848144531250
1885.5397              271.6751403808593750
1885.6246              271.8642883300781250
1885.7096              271.9121093750000000
1885.7917              271.9159240722656250
1885.8767              271.8858337402343750
1885.9589              271.8408508300781250
1886.0438              272.3481445312500000
1886.1260              273.0525512695312500
1886.2054              273.1567382812500000
1886.2904              272.7943420410156250
1886.3726              272.1032714843750000
1886.4575              271.5020751953125000
1886.5397              271.6338195800781250
1886.6246              271.8595886230468750
1886.7096              271.9020690917968750
1886.7917              271.9091491699218750
1886.8767              271.8926391601562500
1886.9589              271.8228454589843750
1887.0438              272.1022644042968750
1887.1260              272.8301391601562500
1887.2054              273.0166625976562500
1887.2904              272.6042480468750000
1887.3726              271.8632507324218750
1887.4575              271.4290771484375000
1887.5397              271.7419128417968750
1887.6246              271.8610534667968750
1887.7096              271.8782653808593750
1887.7917              271.8751525878906250
1887.8767              271.8594665527343750
1887.9589              271.8323974609375000
1888.0437              272.0495910644531250
1888.1257              272.6064453125000000
1888.2076              272.6840515136718750
1888.2924              272.3846435546875000
1888.3743              271.7440795898437500
1888.4590              271.6003723144531250
1888.5410              271.7394409179687500
1888.6257              271.8727722167968750
1888.7103              271.8894042968750000
1888.7924              271.8833007812500000
1888.8771              271.8763732910156250
1888.9590              271.8388671875000000
1889.0438              272.0532836914062500
1889.1260              272.7261962890625000
1889.2054              272.8150329589843750
1889.2904              272.4341430664062500
1889.3726              271.8251342773437500
1889.4575              271.5059509277343750
1889.5397              271.7778930664062500
1889.6246              271.8925781250000000
1889.7096              271.8992004394531250
1889.7917              271.9100952148437500
1889.8767              271.9118957519531250
1889.9589              271.9372558593750000
1890.0438              272.5816345214843750
1890.1260              273.1568603515625000
1890.2054              273.2255554199218750
1890.2904              272.8661804199218750
1890.3726              272.3378601074218750
1890.4575              271.6034851074218750
1890.5397              271.7312927246093750
1890.6246              271.9418640136718750
1890.7096              271.9641418457031250
1890.7917              271.9760742187500000
1890.8767              271.9854736328125000
1890.9589              271.9506225585937500
1891.0438              272.1700744628906250
1891.1260              272.8099670410156250
1891.2054              272.9031677246093750
1891.2904              272.6052856445312500
1891.3726              272.0680236816406250
1891.4575              271.6712951660156250
1891.5397              271.9525451660156250
1891.6246              272.0202331542968750
1891.7096              272.0253906250000000
1891.7917              272.0180664062500000
1891.8767              271.9793701171875000
1891.9589              271.9200134277343750
1892.0437              272.3627624511718750
1892.1257              273.0195922851562500
1892.2076              273.1507263183593750
1892.2924              272.7491455078125000
1892.3743              272.0949096679687500
1892.4590              271.8131103515625000
1892.5410              272.0064086914062500
1892.6257              272.0267639160156250
1892.7103              272.0138549804687500
1892.7924              272.0015258789062500
1892.8771              271.9566040039062500
1892.9590              271.8669738769531250
1893.0438              272.0816040039062500
1893.1260              272.6753234863281250
1893.2054              272.6466064453125000
1893.2904              272.2685852050781250
1893.3726              271.6363220214843750
1893.4575              271.6451721191406250
1893.5397              271.8140869140625000
1893.6246              271.9306335449218750
1893.7096              271.9417419433593750
1893.7917              271.9261474609375000
1893.8767              271.8667602539062500
1893.9589              271.7988891601562500
1894.0438              271.9258422851562500
1894.1260              272.5350952148437500
1894.2054              272.6270446777343750
1894.2904              272.2683715820312500
1894.3726              271.6676635742187500
1894.4575              271.8016357421875000
1894.5397              271.9584350585937500
1894.6246              271.9593505859375000
1894.7096              271.9517822265625000
1894.7917              271.9426574707031250
1894.8767              271.9103088378906250
1894.9589              271.8381042480468750
1895.0438              271.9543457031250000
1895.1260              272.5120239257812500
1895.2054              272.7025756835937500
1895.2904              272.2549743652343750
1895.3726              271.6090698242187500
1895.4575              271.6513061523437500
1895.5397              271.8213500976562500
1895.6246              271.9610900878906250
1895.7096              271.9652709960937500
1895.7917              271.9606628417968750
1895.8767              271.9485168457031250
1895.9589              271.8809509277343750
1896.0437              271.9526367187500000
1896.1257              272.5540161132812500
1896.2076              272.7072448730468750
1896.2924              272.3679809570312500
1896.3743              271.6404724121093750
1896.4590              271.6856994628906250
1896.5410              271.9661865234375000
1896.6257              271.9909362792968750
1896.7103              271.9878234863281250
1896.7924              271.9832458496093750
1896.8771              271.9777221679687500
1896.9590              271.9091186523437500
1897.0438              272.1584472656250000
1897.1260              272.7543029785156250
1897.2054              272.8543701171875000
1897.2904              272.5451660156250000
1897.3726              271.7548522949218750
1897.4575              271.7226867675781250
1897.5397              271.9956665039062500
1897.6246              272.0039062500000000
1897.7096              271.9995422363281250
1897.7917              271.9986267089843750
1897.8767              271.9927368164062500
1897.9589              271.9445800781250000
1898.0438              272.4461364746093750
1898.1260              273.0061340332031250
1898.2054              273.0798339843750000
1898.2904              272.7252807617187500
1898.3726              271.9296569824218750
1898.4575              271.6901245117187500
1898.5397              271.8782958984375000
1898.6246              271.9937744140625000
1898.7096              271.9968261718750000
1898.7917              271.9687805175781250
1898.8767              271.8850402832031250
1898.9589              271.8897705078125000
1899.0438              272.7037048339843750
1899.1260              273.4473876953125000
1899.2054              273.5533447265625000
1899.2904              273.1566467285156250
1899.3726              272.3823852539062500
1899.4575              271.6717224121093750
1899.5397              271.8216247558593750
1899.6246              271.9230346679687500
1899.7096              271.9295654296875000
1899.7917              271.9254760742187500
1899.8767              271.8733825683593750
1899.9589              271.8090209960937500
1900.0438              271.9515075683593750
1900.1260              272.5702819824218750
1900.2054              272.7248229980468750
1900.2904              272.3283996582031250
1900.3726              271.7150573730468750
1900.4575              271.6323242187500000
1900.5397              271.7975769042968750
1900.6246              271.9102172851562500
1900.7096              271.9132385253906250
1900.7917              271.9111633300781250
1900.8767              271.8463745117187500
1900.9589              271.7648315429687500
1901.0438              271.8388366699218750
1901.1260              272.3847961425781250
1901.2054              272.4738159179687500
1901.2904              272.0263366699218750
1901.3726              271.6543273925781250
1901.4575              271.6916809082031250
1901.5397              271.7604980468750000
1901.6246              271.8792114257812500
1901.7096              271.9247436523437500
1901.7917              271.9163513183593750
1901.8767              271.8726501464843750
1901.9589              271.7948303222656250
1902.0438              272.0006713867187500
1902.1260              272.7021484375000000
1902.2054              272.8827819824218750
1902.2904              272.6050720214843750
1902.3726              271.8225097656250000
1902.4575              271.5902404785156250
1902.5397              271.6726684570312500
1902.6246              271.8163452148437500
1902.7096              271.8701171875000000
1902.7917              271.8709106445312500
1902.8767              271.8299255371093750
1902.9589              271.7556152343750000
1903.0438              271.9408569335937500
1903.1260              272.6068420410156250
1903.2054              272.7985534667968750
1903.2904              272.4577026367187500
1903.3726              271.6594848632812500
1903.4575              271.6328125000000000
1903.5397              271.7914123535156250
1903.6246              271.8374633789062500
1903.7096              271.8321228027343750
1903.7917              271.8179321289062500
1903.8767              271.7661743164062500
1903.9589              271.7022705078125000
1904.0437              272.2457275390625000
1904.1257              272.9820861816406250
1904.2076              273.1109313964843750
1904.2924              272.7157897949218750
1904.3743              271.8999023437500000
1904.4590              271.6033630371093750
1904.5410              271.6217346191406250
1904.6257              271.6772155761718750
1904.7103              271.7725830078125000
1904.7924              271.7799682617187500
1904.8771              271.7308044433593750
1904.9590              271.6539611816406250
1905.0438              271.9237670898437500
1905.1260              272.7066345214843750
1905.2054              272.8205871582031250
1905.2904              272.5070800781250000
1905.3726              271.8569641113281250
1905.4575              271.6018371582031250
1905.5397              271.6458129882812500
1905.6246              271.7458190917968750
1905.7096              271.8032226562500000
1905.7917              271.7900085449218750
1905.8767              271.7337646484375000
1905.9589              271.6875915527343750
1906.0438              271.9165954589843750
1906.1260              272.5561828613281250
1906.2054              272.7210998535156250
1906.2904              272.5513305664062500
1906.3726              271.8734130859375000
1906.4575              271.5344238281250000
1906.5397              271.6331176757812500
1906.6246              271.7182922363281250
1906.7096              271.8070983886718750
1906.7917              271.8662719726562500
1906.8767              271.8795166015625000
1906.9589              271.8185424804687500
1907.0438              272.2174072265625000
1907.1260              272.8230285644531250
1907.2054              273.0066223144531250
1907.2904              272.5820922851562500
1907.3726              271.6722412109375000
1907.4575              271.6010742187500000
1907.5397              271.6668701171875000
1907.6246              271.7189941406250000
1907.7096              271.8242187500000000
1907.7917              271.8748779296875000
1907.8767              271.8689270019531250
1907.9589              271.8089599609375000
1908.0437              272.2112121582031250
1908.1257              272.9062194824218750
1908.2076              273.0033569335937500
1908.2924              272.5699768066406250
1908.3743              271.7863769531250000
1908.4590              271.6597595214843750
1908.5410              271.7556762695312500
1908.6257              271.8880615234375000
1908.7103              271.9453125000000000
1908.7924              271.9483337402343750
1908.8771              271.9073791503906250
1908.9590              271.8829345703125000
1909.0438              272.5132751464843750
1909.1260              273.1086730957031250
1909.2054              273.0975341796875000
1909.2904              272.5001220703125000
1909.3726              271.7672424316406250
1909.4575              271.7966003417968750
1909.5397              271.9633483886718750
1909.6246              271.9982299804687500
1909.7096              272.0008239746093750
1909.7917              271.9881591796875000
1909.8767              271.9474792480468750
1909.9589              271.8768615722656250
1910.0438              271.8628845214843750
1910.1260              272.3258056640625000
1910.2054              272.5173034667968750
1910.2904              272.2623596191406250
1910.3726              271.7126464843750000
1910.4575              271.7032470703125000
1910.5397              271.7175598144531250
1910.6246              271.7446899414062500
1910.7096              271.8002929687500000
1910.7917              271.8437194824218750
1910.8767              271.8092041015625000
1910.9589              271.7542419433593750
1911.0438              272.1457214355468750
1911.1260              272.8152770996093750
1911.2054              272.9406127929687500
1911.2904              272.4749755859375000
1911.3726              271.7916564941406250
1911.4575              271.7114257812500000
1911.5397              271.7967529296875000
1911.6246              271.9319458007812500
1911.7096              271.9722595214843750
1911.7917              271.9689941406250000
1911.8767              271.8957519531250000
1911.9589              271.7994995117187500
1912.0437              271.8292541503906250
1912.1257              272.4055480957031250
1912.2076              272.6075134277343750
1912.2924              272.1701965332031250
1912.3743              271.6394653320312500
1912.4590              271.6271972656250000
1912.5410              271.7114257812500000
1912.6257              271.8878784179687500
1912.7103              271.9167785644531250
1912.7924              271.9158325195312500
1912.8771              271.8522949218750000
1912.9590              271.7830810546875000
1913.0438              271.9181823730468750
1913.1260              272.5146484375000000
1913.2054              272.6694946289062500
1913.2904              272.3704223632812500
1913.3726              271.7022705078125000
1913.4575              271.6640319824218750
1913.5397              271.7399597167968750
1913.6246              271.9457092285156250
1913.7096              271.9560546875000000
1913.7917              271.9597167968750000
1913.8767              271.9452819824218750
1913.9589              271.8794860839843750
1914.0438              271.9026184082031250
1914.1260              272.3353576660156250
1914.2054              272.2862854003906250
1914.2904              271.9539794921875000
1914.3726              271.5954284667968750
1914.4575              271.6857299804687500
1914.5397              271.8195800781250000
1914.6246              271.9825439453125000
1914.7096              272.0042724609375000
1914.7917              272.0021057128906250
1914.8767              271.9640197753906250
1914.9589              271.8992919921875000
1915.0438              272.1813354492187500
1915.1260              272.8977355957031250
1915.2054              272.9705810546875000
1915.2904              272.5385437011718750
1915.3726              271.8649902343750000
1915.4575              271.6376342773437500
1915.5397              271.9562683105468750
1915.6246              272.0019531250000000
1915.7096              272.0072937011718750
1915.7917              272.0028991699218750
1915.8767              271.9508361816406250
1915.9589              271.8789062500000000
1916.0437              271.8970947265625000
1916.1257              272.3872680664062500
1916.2076              272.5704956054687500
1916.2924              272.1278686523437500
1916.3743              271.6990966796875000
1916.4590              271.7163391113281250
1916.5410              271.7409362792968750
1916.6257              271.7785644531250000
1916.7103              271.9099731445312500
1916.7924              271.9505920410156250
1916.8771              271.8866577148437500
1916.9590              271.8863830566406250
1917.0438              272.2831726074218750
1917.1260              272.9576721191406250
1917.2054              273.0727233886718750
1917.2904              272.6528015136718750
1917.3726              271.9569091796875000
1917.4575              271.7354736328125000
1917.5397              271.9449157714843750
1917.6246              272.0127563476562500
1917.7096              272.0175170898437500
1917.7917              272.0142517089843750
1917.8767              271.9775390625000000
1917.9589              271.8993835449218750
1918.0438              271.9837951660156250
1918.1260              272.5961608886718750
1918.2054              272.6947021484375000
1918.2904              272.2654113769531250
1918.3726              271.6197204589843750
1918.4575              271.6353759765625000
1918.5397              271.7579650878906250
1918.6246              271.9092407226562500
1918.7096              271.9533386230468750
1918.7917              271.9717407226562500
1918.8767              271.9246520996093750
1918.9589              271.8514404296875000
1919.0438              272.4299316406250000
1919.1260              273.1423339843750000
1919.2054              273.2445068359375000
1919.2904              272.8910522460937500
1919.3726              272.2834777832031250
1919.4575              271.5742797851562500
1919.5397              271.7092285156250000
1919.6246              271.9255676269531250
1919.7096              271.9514160156250000
1919.7917              271.9533386230468750
1919.8767              271.9355468750000000
1919.9589              271.8598937988281250
1920.0437              271.9361572265625000
1920.1257              272.6148986816406250
1920.2076              272.8219299316406250
1920.2924              272.3030700683593750
1920.3743              271.6683349609375000
1920.4590              271.7649841308593750
1920.5410              271.9493408203125000
1920.6257              271.9730224609375000
1920.7103              271.9778442382812500
1920.7924              271.9685668945312500
1920.8771              271.9092407226562500
1920.9590              271.8387145996093750
1921.0438              272.0260925292968750
1921.1260              272.7289428710937500
1921.2054              272.7775878906250000
1921.2904              272.0663452148437500
1921.3726              271.6611633300781250
1921.4575              271.7619018554687500
1921.5397              271.9396972656250000
1921.6246              271.9926757812500000
1921.7096              271.9955749511718750
1921.7917              271.9749145507812500
1921.8767              271.9693298339843750
1921.9589              271.8847045898437500
1922.0438              271.8607788085937500
1922.1260              272.3253173828125000
1922.2054              272.5393676757812500
1922.2904              272.1443176269531250
1922.3726              271.6344604492187500
1922.4575              271.7261047363281250
1922.5397              271.9669494628906250
1922.6246              271.9902343750000000
1922.7096              271.9892272949218750
1922.7917              271.9579467773437500
1922.8767              271.8709716796875000
1922.9589              271.7945251464843750
1923.0438              272.1832275390625000
1923.1260              272.9410705566406250
1923.2054              272.9744873046875000
1923.2904              272.4765930175781250
1923.3726              271.7654113769531250
1923.4575              271.6762695312500000
1923.5397              271.9355468750000000
1923.6246              271.9442443847656250
1923.7096              271.9411010742187500
1923.7917              271.9422302246093750
1923.8767              271.8951721191406250
1923.9589              271.8146667480468750
1924.0437              271.9987792968750000
1924.1257              272.6489257812500000
1924.2076              272.8208312988281250
1924.2924              272.4989318847656250
1924.3743              272.0150756835937500
1924.4590              271.5618591308593750
1924.5410              271.7281799316406250
1924.6257              271.9011535644531250
1924.7103              271.9224243164062500
1924.7924              271.9275817871093750
1924.8771              271.8883666992187500
1924.9590              271.7984619140625000
1925.0438              271.7490234375000000
1925.1260              272.0137329101562500
1925.2054              272.2661743164062500
1925.2904              271.9271850585937500
1925.3726              271.6322326660156250
1925.4575              271.7213134765625000
1925.5397              271.8724670410156250
1925.6246              271.9373474121093750
1925.7096              271.9455261230468750
1925.7917              271.9345397949218750
1925.8767              271.8795166015625000
1925.9589              271.8140258789062500
1926.0438              271.9510803222656250
1926.1260              272.4998168945312500
1926.2054              272.7815246582031250
1926.2904              272.2006225585937500
1926.3726              271.7381896972656250
1926.4575              271.7449645996093750
1926.5397              271.7794189453125000
1926.6246              271.8995666503906250
1926.7096              271.9607849121093750
1926.7917              271.9660034179687500
1926.8767              271.9382324218750000
1926.9589              271.8731689453125000
1927.0438              272.4430847167968750
1927.1260              273.1014404296875000
1927.2054              273.1609497070312500
1927.2904              272.7938232421875000
1927.3726              271.9613647460937500
1927.4575              271.6286621093750000
1927.5397              271.6755981445312500
1927.6246              271.8732299804687500
1927.7096              271.9264526367187500
1927.7917              271.9286193847656250
1927.8767              271.8882446289062500
1927.9589              271.8113098144531250
1928.0437              271.8406677246093750
1928.1257              272.5156860351562500
1928.2076              272.8075866699218750
1928.2924              272.4577331542968750
1928.3743              271.7926940917968750
1928.4590              271.6090698242187500
1928.5410              271.6823425292968750
1928.6257              271.7936096191406250
1928.7103              271.8800964355468750
1928.7924              271.8963012695312500
1928.8771              271.8552551269531250
1928.9590              271.7700500488281250
1929.0438              271.7203369140625000
1929.1260              271.9104614257812500
1929.2054              272.1622009277343750
1929.2904              271.9663085937500000
1929.3726              271.6034545898437500
1929.4575              271.5704650878906250
1929.5397              271.6586608886718750
1929.6246              271.7631225585937500
1929.7096              271.8377380371093750
1929.7917              271.8821411132812500
1929.8767              271.8512878417968750
1929.9589              271.7739562988281250
1930.0438              272.0706176757812500
1930.1260              272.7917175292968750
1930.2054              272.8403625488281250
1930.2904              272.5055236816406250
1930.3726              271.6806945800781250
1930.4575              271.6165771484375000
1930.5397              271.8266906738281250
1930.6246              271.8714599609375000
1930.7096              271.8731079101562500
1930.7917              271.8761291503906250
1930.8767              271.8549804687500000
1930.9589              271.7826538085937500
1931.0438              272.0911254882812500
1931.1260              272.7367858886718750
1931.2054              272.9400634765625000
1931.2904              272.7326965332031250
1931.3726              271.9052429199218750
1931.4575              271.5281066894531250
1931.5397              271.6430664062500000
1931.6246              271.8469848632812500
1931.7096              271.8735046386718750
1931.7917              271.8723754882812500
1931.8767              271.8266601562500000
1931.9589              271.7507019042968750
1932.0437              271.8039245605468750
1932.1257              272.5090026855468750
1932.2076              272.7807312011718750
1932.2924              272.4668273925781250
1932.3743              271.8171997070312500
1932.4590              271.6142578125000000
1932.5410              271.7563171386718750
1932.6257              271.8844909667968750
1932.7103              271.8884887695312500
1932.7924              271.8842773437500000
1932.8771              271.8299865722656250
1932.9590              271.7509460449218750
1933.0438              272.0516662597656250
1933.1260              272.7137451171875000
1933.2054              272.9064331054687500
1933.2904              272.5960083007812500
1933.3726              271.7973632812500000
1933.4575              271.7024536132812500
1933.5397              271.7736816406250000
1933.6246              271.8762512207031250
1933.7096              271.8985290527343750
1933.7917              271.8973083496093750
1933.8767              271.8655395507812500
1933.9589              271.7772827148437500
1934.0438              271.9073181152343750
1934.1260              272.5172424316406250
1934.2054              272.6620178222656250
1934.2904              272.3797302246093750
1934.3726              271.6505432128906250
1934.4575              271.6056518554687500
1934.5397              271.6696777343750000
1934.6246              271.7929382324218750
1934.7096              271.8645629882812500
1934.7917              271.8599548339843750
1934.8767              271.8391723632812500
1934.9589              271.7872009277343750
1935.0438              272.1783752441406250
1935.1260              272.8605346679687500
1935.2054              272.9094238281250000
1935.2904              272.5989074707031250
1935.3726              272.1233520507812500
1935.4575              271.6740112304687500
1935.5397              271.7116394042968750
1935.6246              271.8564758300781250
1935.7096              271.8867797851562500
1935.7917              271.8782958984375000
1935.8767              271.8383789062500000
1935.9589              271.7735290527343750
1936.0437              271.9714965820312500
1936.1257              272.7052001953125000
1936.2076              272.8797912597656250
1936.2924              272.5415039062500000
1936.3743              271.7254638671875000
1936.4590              271.5100097656250000
1936.5410              271.7074279785156250
1936.6257              271.8805236816406250
1936.7103              271.8831176757812500
1936.7924              271.8733825683593750
1936.8771              271.8192443847656250
1936.9590              271.7522888183593750
1937.0438              271.8034057617187500
1937.1260              272.2605590820312500
1937.2054              272.5512390136718750
1937.2904              272.1097717285156250
1937.3726              271.6412963867187500
1937.4575              271.5803527832031250
1937.5397              271.7124938964843750
1937.6246              271.8708496093750000
1937.7096              271.8717346191406250
1937.7917              271.8612670898437500
1937.8767              271.8367309570312500
1937.9589              271.7516174316406250
1938.0438              271.8956909179687500
1938.1260              272.6531677246093750
1938.2054              272.8263854980468750
1938.2904              272.3792114257812500
1938.3726              271.6502380371093750
1938.4575              271.5668945312500000
1938.5397              271.7303771972656250
1938.6246              271.8575744628906250
1938.7096              271.8541870117187500
1938.7917              271.8449096679687500
1938.8767              271.8004150390625000
1938.9589              271.7397155761718750
1939.0438              271.9038085937500000
1939.1260              272.5480957031250000
1939.2054              272.5710754394531250
1939.2904              272.1487731933593750
1939.3726              271.6293029785156250
1939.4575              271.6173400878906250
1939.5397              271.6325378417968750
1939.6246              271.6451110839843750
1939.7096              271.8044128417968750
1939.7917              271.8394775390625000
1939.8767              271.8117370605468750
1939.9589              271.7484436035156250
1940.0437              271.9164733886718750
1940.1257              272.5552673339843750
1940.2076              272.6681823730468750
1940.2924              272.3851318359375000
1940.3743              271.7414245605468750
1940.4590              271.5176391601562500
1940.5410              271.6000671386718750
1940.6257              271.7471008300781250
1940.7103              271.8376770019531250
1940.7924              271.8245544433593750
1940.8771              271.7848205566406250
1940.9590              271.7297058105468750
1941.0438              271.7021484375000000
1941.1260              272.1429748535156250
1941.2054              272.3121643066406250
1941.2904              272.2104797363281250
1941.3726              271.6353149414062500
1941.4575              271.5286254882812500
1941.5397              271.6088256835937500
1941.6246              271.7594604492187500
1941.7096              271.8264160156250000
1941.7917              271.8151550292968750
1941.8767              271.7716369628906250
1941.9589              271.7147521972656250
1942.0438              271.7840576171875000
1942.1260              272.4278564453125000
1942.2054              272.6576538085937500
1942.2904              272.3911743164062500
1942.3726              271.6849975585937500
1942.4575              271.5286865234375000
1942.5397              271.6602783203125000
1942.6246              271.8093566894531250
1942.7096              271.8095397949218750
1942.7917              271.7971191406250000
1942.8767              271.7330932617187500
1942.9589              271.6697387695312500
1943.0438              272.1647644042968750
1943.1260              272.8184509277343750
1943.2054              272.7735595703125000
1943.2904              272.3461303710937500
1943.3726              271.6785583496093750
1943.4575              271.5299682617187500
1943.5397              271.6455078125000000
1943.6246              271.7800292968750000
1943.7096              271.7725830078125000
1943.7917              271.7640686035156250
1943.8767              271.7302551269531250
1943.9589              271.6692504882812500
1944.0437              271.8092346191406250
1944.1257              272.5121459960937500
1944.2076              272.6597290039062500
1944.2924              272.2925415039062500
1944.3743              271.6809997558593750
1944.4590              271.4143066406250000
1944.5410              271.5021057128906250
1944.6257              271.6132812500000000
1944.7103              271.7420654296875000
1944.7924              271.7458801269531250
1944.8771              271.7319641113281250
1944.9590              271.6775817871093750
1945.0438              271.8498535156250000
1945.1260              272.5477905273437500
1945.2054              272.7472229003906250
1945.2904              272.3826293945312500
1945.3726              271.7550354003906250
1945.4575              271.4934997558593750
1945.5397              271.5427856445312500
1945.6246              271.6953430175781250
1945.7096              271.7363891601562500
1945.7917              271.7242431640625000
1945.8767              271.6818237304687500
1945.9589              271.6230773925781250
1946.0438              271.9362487792968750
1946.1260              272.5891113281250000
1946.2054              272.7278137207031250
1946.2904              272.4409484863281250
1946.3726              271.7573242187500000
1946.4575              271.4873046875000000
1946.5397              271.6435241699218750
1946.6246              271.7062072753906250
1946.7096              271.7004699707031250
1946.7917              271.6926879882812500
1946.8767              271.6826477050781250
1946.9589              271.6342163085937500
1947.0438              272.0061950683593750
1947.1260              272.6877441406250000
1947.2054              272.7769165039062500
1947.2904              272.3538818359375000
1947.3726              271.7383422851562500
1947.4575              271.4979858398437500
1947.5397              271.5495910644531250
1947.6246              271.6707153320312500
1947.7096              271.6685791015625000
1947.7917              271.6606140136718750
1947.8767              271.6288452148437500
1947.9589              271.5640258789062500
1948.0437              271.8641967773437500
1948.1257              272.5673217773437500
1948.2076              272.7339172363281250
1948.2924              272.4320068359375000
1948.3743              271.7096557617187500
1948.4590              271.4703979492187500
1948.5410              271.5030212402343750
1948.6257              271.5666809082031250
1948.7103              271.6565551757812500
1948.7924              271.6623840332031250
1948.8771              271.6377868652343750
1948.9590              271.5895080566406250
1949.0438              271.6087036132812500
1949.1260              272.1653442382812500
1949.2054              272.4073791503906250
1949.2904              272.1717224121093750
1949.3726              271.5932617187500000
1949.4575              271.4587097167968750
1949.5397              271.5458068847656250
1949.6246              271.6644287109375000
1949.7096              271.6841735839843750
1949.7917              271.6835327148437500
1949.8767              271.6374816894531250
1949.9589              271.5820312500000000
1950.0438              271.8730163574218750
1950.1260              272.6289672851562500
1950.2054              272.7148132324218750
1950.2904              272.4053039550781250
1950.3726              271.8493347167968750
1950.4575              271.5113220214843750
1950.5397              271.5590209960937500
1950.6246              271.6780700683593750
1950.7096              271.6822204589843750
1950.7917              271.6756286621093750
1950.8767              271.6328125000000000
1950.9589              271.5799560546875000
1951.0438              271.6798095703125000
1951.1260              272.3074340820312500
1951.2054              272.4387512207031250
1951.2904              271.9543151855468750
1951.3726              271.4751281738281250
1951.4575              271.4680786132812500
1951.5397              271.5001220703125000
1951.6246              271.5585937500000000
1951.7096              271.6648559570312500
1951.7917              271.6699218750000000
1951.8767              271.6593322753906250
1951.9589              271.6234130859375000
1952.0437              271.6720275878906250
1952.1257              272.1432800292968750
1952.2076              272.2756652832031250
1952.2924              272.0851745605468750
1952.3743              271.5585937500000000
1952.4590              271.5252380371093750
1952.5410              271.6542968750000000
1952.6257              271.7145690917968750
1952.7103              271.7121582031250000
1952.7924              271.7105407714843750
1952.8771              271.7019348144531250
1952.9590              271.6666259765625000
1953.0438              271.8945312500000000
1953.1260              272.4807739257812500
1953.2054              272.5279541015625000
1953.2904              272.1529235839843750
1953.3726              271.5785217285156250
1953.4575              271.5754394531250000
1953.5397              271.7138977050781250
1953.6246              271.7719421386718750
1953.7096              271.7611694335937500
1953.7917              271.7559509277343750
1953.8767              271.7418823242187500
1953.9589              271.6976623535156250
1954.0438              271.9241027832031250
1954.1260              272.6397094726562500
1954.2054              272.8729858398437500
1954.2904              272.4984130859375000
1954.3726              271.7056884765625000
1954.4575              271.5214843750000000
1954.5397              271.6145629882812500
1954.6246              271.7659912109375000
1954.7096              271.7917175292968750
1954.7917              271.7895202636718750
1954.8767              271.7781677246093750
1954.9589              271.7395019531250000
1955.0438              271.7632141113281250
1955.1260              272.2378845214843750
1955.2054              272.3359680175781250
1955.2904              271.9966125488281250
1955.3726              271.5976867675781250
1955.4575              271.5920715332031250
1955.5397              271.6769714355468750
1955.6246              271.8050842285156250
1955.7096              271.8142395019531250
1955.7917              271.8217163085937500
1955.8767              271.8163452148437500
1955.9589              271.7950744628906250
1956.0437              272.2163085937500000
1956.1257              272.8591613769531250
1956.2076              272.9823608398437500
1956.2924              272.6474914550781250
1956.3743              271.8899230957031250
1956.4590              271.5936584472656250
1956.5410              271.7472534179687500
1956.6257              271.8667297363281250
1956.7103              271.8955993652343750
1956.7924              271.8918457031250000
1956.8771              271.8529357910156250
1956.9590              271.7921752929687500
1957.0438              272.0046081542968750
1957.1260              272.5905151367187500
1957.2054              272.6560058593750000
1957.2904              272.2910766601562500
1957.3726              271.7703857421875000
1957.4575              271.5642395019531250
1957.5397              271.7065124511718750
1957.6246              271.8977966308593750
1957.7096              271.9114990234375000
1957.7917              271.9123840332031250
1957.8767              271.8743591308593750
1957.9589              271.8075561523437500
1958.0438              271.8852233886718750
1958.1260              272.4026794433593750
1958.2054              272.4735412597656250
1958.2904              272.1328735351562500
1958.3726              271.6044311523437500
1958.4575              271.6475830078125000
1958.5397              271.7400207519531250
1958.6246              271.8604431152343750
1958.7096              271.9041442871093750
1958.7917              271.8959045410156250
1958.8767              271.8684387207031250
1958.9589              271.8072204589843750
1959.0438              271.7372436523437500
1959.1260              271.8414001464843750
1959.2054              272.0997314453125000
1959.2904              271.8923950195312500
1959.3726              271.5603332519531250
1959.4575              271.5577087402343750
1959.5397              271.6031799316406250
1959.6246              271.6775512695312500
1959.7096              271.8084106445312500
1959.7917              271.8312683105468750
1959.8767              271.7870483398437500
1959.9589              271.7153625488281250
1960.0437              271.8948669433593750
1960.1257              272.6593322753906250
1960.2076              272.9352111816406250
1960.2924              272.5892333984375000
1960.3743              271.7844238281250000
1960.4590              271.5338745117187500
1960.5410              271.5681152343750000
1960.6257              271.6312561035156250
1960.7103              271.7033081054687500
1960.7924              271.7491149902343750
1960.8771              271.7252502441406250
1960.9590              271.6606140136718750
1961.0438              272.0109558105468750
1961.1260              272.6028747558593750
1961.2054              272.7152709960937500
1961.2904              272.3568115234375000
1961.3726              271.7173767089843750
1961.4575              271.5760192871093750
1961.5397              271.6607055664062500
1961.6246              271.7937011718750000
1961.7096              271.8064575195312500
1961.7917              271.8028869628906250
1961.8767              271.8008728027343750
1961.9589              271.7773437500000000
1962.0438              271.8866271972656250
1962.1260              272.4489746093750000
1962.2054              272.6568298339843750
1962.2904              272.4125061035156250
1962.3726              271.6431579589843750
1962.4575              271.6093750000000000
1962.5397              271.6591796875000000
1962.6246              271.7644958496093750
1962.7096              271.8575744628906250
1962.7917              271.8637390136718750
1962.8767              271.8275146484375000
1962.9589              271.8007812500000000
1963.0438              272.1005554199218750
1963.1260              272.7209472656250000
1963.2054              272.7612915039062500
1963.2904              272.4693603515625000
1963.3726              271.7646789550781250
1963.4575              271.7677307128906250
1963.5397              271.8179626464843750
1963.6246              271.8548889160156250
1963.7096              271.8889465332031250
1963.7917              271.8900451660156250
1963.8767              271.8579101562500000
1963.9589              271.8365478515625000
1964.0437              272.1779479980468750
1964.1257              272.8326721191406250
1964.2076              272.9647521972656250
1964.2924              272.6312866210937500
1964.3743              271.8096313476562500
1964.4590              271.6148071289062500
1964.5410              271.7265625000000000
1964.6257              271.8042602539062500
1964.7103              271.8479003906250000
1964.7924              271.8798828125000000
1964.8771              271.8543701171875000
1964.9590              271.8295898437500000
1965.0438              272.2051696777343750
1965.1260              272.9943847656250000
1965.2054              273.1292419433593750
1965.2904              272.7055969238281250
1965.3726              271.8998107910156250
1965.4575              271.6355590820312500
1965.5397              271.7168273925781250
1965.6246              271.8061523437500000
1965.7096              271.8747558593750000
1965.7917              271.8932189941406250
1965.8767              271.8727722167968750
1965.9589              271.8228149414062500
1966.0438              272.1381835937500000
1966.1260              272.8678894042968750
1966.2054              273.1077270507812500
1966.2904              272.6751403808593750
1966.3726              271.8536682128906250
1966.4575              271.5567016601562500
1966.5397              271.6029052734375000
1966.6246              271.6645202636718750
1966.7096              271.7789001464843750
1966.7917              271.8649597167968750
1966.8767              271.8605651855468750
1966.9589              271.8002624511718750
1967.0438              271.9852294921875000
1967.1260              272.6622924804687500
1967.2054              272.9331054687500000
1967.2904              272.6017150878906250
1967.3726              271.7998352050781250
1967.4575              271.6758117675781250
1967.5397              271.7162475585937500
1967.6246              271.8133544921875000
1967.7096              271.8502502441406250
1967.7917              271.8471069335937500
1967.8767              271.8152770996093750
1967.9589              271.7619628906250000
1968.0437              271.7498474121093750
1968.1257              272.2225952148437500
1968.2076              272.5612487792968750
1968.2924              272.2215576171875000
1968.3743              271.5656738281250000
1968.4590              271.5569152832031250
1968.5410              271.6525573730468750
1968.6257              271.7616882324218750
1968.7103              271.8235778808593750
1968.7924              271.8345031738281250
1968.8771              271.7977905273437500
1968.9590              271.7208862304687500
1969.0438              271.8360290527343750
1969.1260              272.4784240722656250
1969.2054              272.7046508789062500
1969.2904              272.4229125976562500
1969.3726              271.7662658691406250
1969.4575              271.6532287597656250
1969.5397              271.6588745117187500
1969.6246              271.6683654785156250
1969.7096              271.7319030761718750
1969.7917              271.7990722656250000
1969.8767              271.7886047363281250
1969.9589              271.7562866210937500
1970.0438              272.1994018554687500
1970.1260              273.0538635253906250
1970.2054              273.1746520996093750
1970.2904              272.9205627441406250
1970.3726              272.0936279296875000
1970.4575              271.7071533203125000
1970.5397              271.8495788574218750
1970.6246              271.8891601562500000
1970.7096              271.8995971679687500
1970.7917              271.9110412597656250
1970.8767              271.9050598144531250
1970.9589              271.8466186523437500
1971.0438              272.3104248046875000
1971.1260              273.0174255371093750
1971.2054              273.1139526367187500
1971.2904              272.6950683593750000
1971.3726              271.9537963867187500
1971.4575              271.6420898437500000
1971.5397              271.7591247558593750
1971.6246              271.8439636230468750
1971.7096              271.8853759765625000
1971.7917              271.8952026367187500
1971.8767              271.8562316894531250
1971.9589              271.7708740234375000
1972.0437              271.7877807617187500
1972.1257              272.3465270996093750
1972.2076              272.6027221679687500
1972.2924              272.2838439941406250
1972.3743              271.6994018554687500
1972.4590              271.6721496582031250
1972.5410              271.7269897460937500
1972.6257              271.8076171875000000
1972.7103              271.8506164550781250
1972.7924              271.8583068847656250
1972.8771              271.8186645507812500
1972.9590              271.7546081542968750
1973.0438              271.9793701171875000
1973.1260              272.5646667480468750
1973.2054              272.5703735351562500
1973.2904              272.0494384765625000
1973.3726              271.5199890136718750
1973.4575              271.5752868652343750
1973.5397              271.6861267089843750
1973.6246              271.8215637207031250
1973.7096              271.8405761718750000
1973.7917              271.8423156738281250
1973.8767              271.8077697753906250
1973.9589              271.7353210449218750
1974.0438              271.7470092773437500
1974.1260              272.2664794921875000
1974.2054              272.5589599609375000
1974.2904              272.2884521484375000
1974.3726              271.6885070800781250
1974.4575              271.5334167480468750
1974.5397              271.5759887695312500
1974.6246              271.6491699218750000
1974.7096              271.7545776367187500
1974.7917              271.8216247558593750
1974.8767              271.8041992187500000
1974.9589              271.7493286132812500
1975.0438              271.9355163574218750
1975.1260              272.5429992675781250
1975.2054              272.5827636718750000
1975.2904              272.2240295410156250
1975.3726              271.5645141601562500
1975.4575              271.5841369628906250
1975.5397              271.7039794921875000
1975.6246              271.8210144042968750
1975.7096              271.8302307128906250
1975.7917              271.8288879394531250
1975.8767              271.8101501464843750
1975.9589              271.7657470703125000
1976.0437              271.8622131347656250
1976.1257              272.4778747558593750
1976.2076              272.6499328613281250
1976.2924              272.4372558593750000
1976.3743              271.7619323730468750
1976.4590              271.5902404785156250
1976.5410              271.7076110839843750
1976.6257              271.8426818847656250
1976.7103              271.8733825683593750
1976.7924              271.8737487792968750
1976.8771              271.8351440429687500
1976.9590              271.7888793945312500
1977.0438              272.0993041992187500
1977.1260              272.7765502929687500
1977.2054              272.8251342773437500
1977.2904              272.3983459472656250
1977.3726              271.6318664550781250
1977.4575              271.5454711914062500
1977.5397              271.7177429199218750
1977.6246              271.8634948730468750
1977.7096              271.8698120117187500
1977.7917              271.8603515625000000
1977.8767              271.8189392089843750
1977.9589              271.7770690917968750
1978.0438              272.3042602539062500
1978.1260              272.9718017578125000
1978.2054              273.0894165039062500
1978.2904              272.7108459472656250
1978.3726              272.0399780273437500
1978.4575              271.5974426269531250
1978.5397              271.6847839355468750
1978.6246              271.8197021484375000
1978.7096              271.8785400390625000
1978.7917              271.8999633789062500
1978.8767              271.8709411621093750
1978.9589              271.8309631347656250
1979.0438              271.9608459472656250
1979.1260              272.6513061523437500
1979.2054              272.8688354492187500
1979.2904              272.5366821289062500
1979.3726              271.7238769531250000
1979.4575              271.5910339355468750
1979.5397              271.6767883300781250
1979.6246              271.7975769042968750
1979.7096              271.8783569335937500
1979.7917              271.9036254882812500
1979.8767              271.8865051269531250
1979.9589              271.8253784179687500
1980.0437              272.0874023437500000
1980.1257              272.7413940429687500
1980.2076              272.9361877441406250
1980.2924              272.6977539062500000
1980.3743              271.9815979003906250
1980.4590              271.5652465820312500
1980.5410              271.7001037597656250
1980.6257              271.8332214355468750
1980.7103              271.8953857421875000
1980.7924              271.9000549316406250
1980.8771              271.8683166503906250
1980.9590              271.8439636230468750
1981.0438              272.4070129394531250
1981.1260              273.1365966796875000
1981.2054              273.2359619140625000
1981.2904              273.0286560058593750
1981.3726              272.0684814453125000
1981.4575              271.6938781738281250
1981.5397              271.7746276855468750
1981.6246              271.9118347167968750
1981.7096              271.9462890625000000
1981.7917              271.9464111328125000
1981.8767              271.9160766601562500
1981.9589              271.8734741210937500
1982.0438              271.9441833496093750
1982.1260              272.5248107910156250
1982.2054              272.7728576660156250
1982.2904              272.6040039062500000
1982.3726              271.9224548339843750
1982.4575              271.5500793457031250
1982.5397              271.6286621093750000
1982.6246              271.7623901367187500
1982.7096              271.8677062988281250
1982.7917              271.8966064453125000
1982.8767              271.8592529296875000
1982.9589              271.7917480468750000
1983.0438              271.8034362792968750
1983.1260              272.3834838867187500
1983.2054              272.6541748046875000
1983.2904              272.4586181640625000
1983.3726              271.8293151855468750
1983.4575              271.6133728027343750
1983.5397              271.6620178222656250
1983.6246              271.7195434570312500
1983.7096              271.8067016601562500
1983.7917              271.8472595214843750
1983.8767              271.8279418945312500
1983.9589              271.8244628906250000
1984.0437              272.5354003906250000
1984.1257              273.2209472656250000
1984.2076              273.2797851562500000
1984.2924              273.0101013183593750
1984.3743              272.2455139160156250
1984.4590              271.5060424804687500
1984.5410              271.6468200683593750
1984.6257              271.7970581054687500
1984.7103              271.8234558105468750
1984.7924              271.8273315429687500
1984.8771              271.8152465820312500
1984.9590              271.7659912109375000
1985.0438              271.9075317382812500
1985.1260              272.5309753417968750
1985.2054              272.6429443359375000
1985.2904              272.3506164550781250
1985.3726              271.7428283691406250
1985.4575              271.5584411621093750
1985.5397              271.6284484863281250
1985.6246              271.7544250488281250
1985.7096              271.8841857910156250
1985.7917              271.8950805664062500
1985.8767              271.8707275390625000
1985.9589              271.8204345703125000
1986.0438              271.9900207519531250
1986.1260              272.6561889648437500
1986.2054              272.8155517578125000
1986.2904              272.5941162109375000
1986.3726              271.8224487304687500
1986.4575              271.6463012695312500
1986.5397              271.7274780273437500
1986.6246              271.7975158691406250
1986.7096              271.8600158691406250
1986.7917              271.8896484375000000
1986.8767              271.8746337890625000
1986.9589              271.8263244628906250
1987.0438              271.9925842285156250
1987.1260              272.6700134277343750
1987.2054              272.8467102050781250
1987.2904              272.6657409667968750
1987.3726              272.0678100585937500
1987.4575              271.6323242187500000
1987.5397              271.8094482421875000
1987.6246              271.9127807617187500
1987.7096              271.9373168945312500
1987.7917              271.9344787597656250
1987.8767              271.9186706542968750
1987.9589              271.8710937500000000
1988.0437              272.2931518554687500
1988.1257              272.9897766113281250
1988.2076              273.1121520996093750
1988.2924              272.7765502929687500
1988.3743              271.8085632324218750
1988.4590              271.7128601074218750
1988.5410              271.7952880859375000
1988.6257              271.9228515625000000
1988.7103              271.9854736328125000
1988.7924              272.0038757324218750
1988.8771              271.9940185546875000
1988.9590              271.9614562988281250
1989.0438              272.4290466308593750
1989.1260              273.0205078125000000
1989.2054              273.0659790039062500
1989.2904              272.7453918457031250
1989.3726              271.9096374511718750
1989.4575              271.7872924804687500
1989.5397              272.0052490234375000
1989.6246              272.0820007324218750
1989.7096              272.0876770019531250
1989.7917              272.0797424316406250
1989.8767              272.0643005371093750
1989.9589              272.0842285156250000
1990.0438              272.7333679199218750
1990.1260              273.2624206542968750
1990.2054              273.3356018066406250
1990.2904              272.9873352050781250
1990.3726              272.2796936035156250
1990.4575              271.5657958984375000
1990.5397              271.7901611328125000
1990.6246              272.1168823242187500
1990.7096              272.1634216308593750
1990.7917              272.1647949218750000
1990.8767              272.0863342285156250
1990.9589              272.0032348632812500
1991.0438              272.3533325195312500
1991.1260              273.0819702148437500
1991.2054              273.2297668457031250
1991.2904              272.7510070800781250
1991.3726              272.0750732421875000
1991.4575              271.7036132812500000
1991.5397              271.8050231933593750
1991.6246              272.0269775390625000
1991.7096              272.0914916992187500
1991.7917              272.1051635742187500
1991.8767              272.0983581542968750
1991.9589              272.0508422851562500
1992.0437              272.6109924316406250
1992.1257              273.1570129394531250
1992.2076              273.1687316894531250
1992.2924              272.7852478027343750
1992.3743              272.0611267089843750
1992.4590              271.5466918945312500
1992.5410              271.8270263671875000
1992.6257              272.0578002929687500
1992.7103              272.0830993652343750
1992.7924              272.0875854492187500
1992.8771              272.0485839843750000
1992.9590              271.9542236328125000
1993.0438              272.2499084472656250
1993.1260              272.9523620605468750
1993.2054              273.1321411132812500
1993.2904              272.7463378906250000
1993.3726              272.0601501464843750
1993.4575              271.6575927734375000
1993.5397              271.6600036621093750
1993.6246              271.8575439453125000
1993.7096              271.9435424804687500
1993.7917              271.9572753906250000
1993.8767              271.9013977050781250
1993.9589              271.8584899902343750
1994.0438              272.3473205566406250
1994.1260              272.9478759765625000
1994.2054              272.9869384765625000
1994.2904              272.6074523925781250
1994.3726              271.7680358886718750
1994.4575              271.6182556152343750
1994.5397              271.8300170898437500
1994.6246              271.9956359863281250
1994.7096              272.0295410156250000
1994.7917              272.0367431640625000
1994.8767              272.0160522460937500
1994.9589              271.9773864746093750
1995.0438              272.2803649902343750
1995.1260              272.9561462402343750
1995.2054              273.1148681640625000
1995.2904              272.7278137207031250
1995.3726              271.8325805664062500
1995.4575              271.5846252441406250
1995.5397              271.8258972167968750
1995.6246              272.0173950195312500
1995.7096              272.0586242675781250
1995.7917              272.0582885742187500
1995.8767              272.0146789550781250
1995.9589              271.9464111328125000
1996.0437              272.4256591796875000
1996.1257              273.0634765625000000
1996.2076              273.2442016601562500
1996.2924              272.9483642578125000
1996.3743              272.2524108886718750
1996.4590              271.6139221191406250
1996.5410              271.8040771484375000
1996.6257              272.0445861816406250
1996.7103              272.0924072265625000
1996.7924              272.0914306640625000
1996.8771              272.0564575195312500
1996.9590              272.0091552734375000
1997.0438              272.4367980957031250
1997.1260              273.0318603515625000
1997.2054              273.0877075195312500
1997.2904              272.6961669921875000
1997.3726              271.9549560546875000
1997.4575              271.5805053710937500
1997.5397              271.8071899414062500
1997.6246              272.0003051757812500
1997.7096              272.0316467285156250
1997.7917              272.0381469726562500
1997.8767              272.0172119140625000
1997.9589              271.9665527343750000
1998.0438              272.3195800781250000
1998.1260              272.9199523925781250
1998.2054              273.0549926757812500
1998.2904              272.7573852539062500
1998.3726              271.9482727050781250
1998.4575              271.6647949218750000
1998.5397              271.8777160644531250
1998.6246              272.0433959960937500
1998.7096              272.0750732421875000
1998.7917              272.0842895507812500
1998.8767              272.0879516601562500
1998.9589              272.0676269531250000
1999.0438              272.1896057128906250
1999.1260              272.7791442871093750
1999.2054              272.8758239746093750
1999.2904              272.6481933593750000
1999.3726              272.0119323730468750
1999.4575              271.6840209960937500
1999.5397              271.8594360351562500
1999.6246              272.0844421386718750
1999.7096              272.1217041015625000
1999.7917              272.1197814941406250
1999.8767              272.0911254882812500
1999.9589              272.0215759277343750
2000.0437              272.0588684082031250
2000.1257              272.5712890625000000
2000.2076              272.7740783691406250
2000.2924              272.4890747070312500
2000.3743              271.7954711914062500
2000.4590              271.6698913574218750
2000.5410              271.8862304687500000
2000.6257              272.0680847167968750
2000.7103              272.1329956054687500
2000.7924              272.1512451171875000
2000.8771              272.1276245117187500
2000.9590              272.0458679199218750
