1850.0438              271.9660949707031250
1850.1260              272.3019104003906250
1850.2054              272.4630737304687500
1850.2904              272.1339721679687500
1850.3726              271.8663635253906250
1850.4575              271.7784423828125000
1850.5397              271.7245483398437500
1850.6246              271.5676879882812500
1850.7096              271.5195007324218750
1850.7917              271.5590515136718750
1850.8767              271.6198120117187500
1850.9589              271.7175903320312500
1851.0438              271.9725952148437500
1851.1260              272.2379455566406250
1851.2054              272.1627197265625000
1851.2904              271.9460449218750000
1851.3726              271.8691101074218750
1851.4575              271.8070983886718750
1851.5397              271.8043212890625000
1851.6246              271.7831115722656250
1851.7096              271.6665039062500000
1851.7917              271.6122741699218750
1851.8767              271.6525573730468750
1851.9589              271.7591552734375000
1852.0437              271.8794250488281250
1852.1257              272.0929260253906250
1852.2076              272.2247924804687500
1852.2924              272.0278625488281250
1852.3743              271.9840393066406250
1852.4590              271.8769836425781250
1852.5410              271.8168029785156250
1852.6257              271.7898864746093750
1852.7103              271.6824645996093750
1852.7924              271.5960693359375000
1852.8771              271.6317443847656250
1852.9590              271.7346496582031250
1853.0438              271.8307189941406250
1853.1260              271.9744567871093750
1853.2054              272.1236572265625000
1853.2904              271.9533081054687500
1853.3726              271.8935852050781250
1853.4575              271.8005371093750000
1853.5397              271.7821655273437500
1853.6246              271.7273559570312500
1853.7096              271.5310058593750000
1853.7917              271.5173950195312500
1853.8767              271.5998229980468750
1853.9589              271.7122192382812500
1854.0438              272.0057067871093750
1854.1260              272.5417175292968750
1854.2054              272.5751953125000000
1854.2904              272.0820007324218750
1854.3726              271.8612060546875000
1854.4575              271.7815246582031250
1854.5397              271.7796325683593750
1854.6246              271.7230834960937500
1854.7096              271.5928649902343750
1854.7917              271.5340881347656250
1854.8767              271.5614318847656250
1854.9589              271.6536865234375000
1855.0438              271.7672729492187500
1855.1260              271.8908691406250000
1855.2054              271.9512023925781250
1855.2904              271.8862915039062500
1855.3726              271.8781738281250000
1855.4575              271.7987976074218750
1855.5397              271.7911682128906250
1855.6246              271.7939453125000000
1855.7096              271.6629943847656250
1855.7917              271.5892639160156250
1855.8767              271.6344604492187500
1855.9589              271.7260742187500000
1856.0437              271.8197326660156250
1856.1257              271.9849548339843750
1856.2076              272.0852355957031250
1856.2924              271.9729309082031250
1856.3743              271.8875427246093750
1856.4590              271.7865905761718750
1856.5410              271.7899475097656250
1856.6257              271.6458740234375000
1856.7103              271.5096130371093750
1856.7924              271.5308837890625000
1856.8771              271.5956115722656250
1856.9590              271.7132873535156250
1857.0438              272.0762634277343750
1857.1260              272.5378417968750000
1857.2054              272.6051635742187500
1857.2904              272.1158447265625000
1857.3726              271.9555969238281250
1857.4575              271.7765808105468750
1857.5397              271.7662963867187500
1857.6246              271.7308959960937500
1857.7096              271.6008605957031250
1857.7917              271.5193786621093750
1857.8767              271.5721740722656250
1857.9589              271.6741943359375000
1858.0438              271.8456420898437500
1858.1260              272.0853576660156250
1858.2054              272.0816955566406250
1858.2904              271.9258728027343750
1858.3726              271.8818969726562500
1858.4575              271.7593078613281250
1858.5397              271.7720947265625000
1858.6246              271.7035827636718750
1858.7096              271.5922851562500000
1858.7917              271.5345458984375000
1858.8767              271.5979309082031250
1858.9589              271.7165222167968750
1859.0438              271.8887634277343750
1859.1260              272.2419738769531250
1859.2054              272.3292236328125000
1859.2904              272.0886230468750000
1859.3726              271.9391784667968750
1859.4575              271.8083496093750000
1859.5397              271.8170471191406250
1859.6246              271.7816162109375000
1859.7096              271.6091613769531250
1859.7917              271.5336303710937500
1859.8767              271.5883483886718750
1859.9589              271.6810302734375000
1860.0437              271.7750854492187500
1860.1257              271.9057922363281250
1860.2076              271.8911743164062500
1860.2924              271.8939208984375000
1860.3743              271.8048400878906250
1860.4590              271.7544250488281250
1860.5410              271.6906127929687500
1860.6257              271.5453491210937500
1860.7103              271.5199584960937500
1860.7924              271.5291137695312500
1860.8771              271.6009826660156250
1860.9590              271.7074279785156250
1861.0438              271.8313293457031250
1861.1260              271.9870300292968750
1861.2054              272.0335998535156250
1861.2904              271.9278869628906250
1861.3726              271.7742004394531250
1861.4575              271.7739257812500000
1861.5397              271.7691650390625000
1861.6246              271.6559143066406250
1861.7096              271.5610046386718750
1861.7917              271.5404663085937500
1861.8767              271.6082153320312500
1861.9589              271.7051391601562500
1862.0438              271.8608093261718750
1862.1260              272.2024230957031250
1862.2054              272.1469116210937500
1862.2904              272.0060119628906250
1862.3726              271.9466857910156250
1862.4575              271.8881835937500000
1862.5397              271.8229370117187500
1862.6246              271.7189025878906250
1862.7096              271.5172119140625000
1862.7917              271.5310058593750000
1862.8767              271.5874938964843750
1862.9589              271.6990661621093750
1863.0438              271.8709106445312500
1863.1260              272.1283874511718750
1863.2054              272.1410827636718750
1863.2904              271.9398498535156250
1863.3726              271.7676086425781250
1863.4575              271.7507019042968750
1863.5397              271.7037658691406250
1863.6246              271.5708312988281250
1863.7096              271.5095520019531250
1863.7917              271.5316772460937500
1863.8767              271.6022644042968750
1863.9589              271.7374572753906250
1864.0437              271.9296264648437500
1864.1257              272.2306518554687500
1864.2076              272.2404785156250000
1864.2924              272.0096740722656250
1864.3743              271.8767395019531250
1864.4590              271.7910766601562500
1864.5410              271.7945861816406250
1864.6257              271.6883544921875000
1864.7103              271.5594482421875000
1864.7924              271.5232849121093750
1864.8771              271.5849914550781250
1864.9590              271.6880187988281250
1865.0438              271.8212585449218750
1865.1260              272.1847839355468750
1865.2054              272.2687988281250000
1865.2904              272.0151977539062500
1865.3726              271.8870239257812500
1865.4575              271.7657470703125000
1865.5397              271.7593383789062500
1865.6246              271.7425231933593750
1865.7096              271.6228027343750000
1865.7917              271.6161804199218750
1865.8767              271.6753845214843750
1865.9589              271.7412109375000000
1866.0438              271.8507385253906250
1866.1260              272.0735168457031250
1866.2054              272.0811767578125000
1866.2904              271.9823608398437500
1866.3726              271.8326721191406250
1866.4575              271.7726745605468750
1866.5397              271.7673339843750000
1866.6246              271.6951904296875000
1866.7096              271.5751342773437500
1866.7917              271.5799865722656250
1866.8767              271.6279296875000000
1866.9589              271.7506103515625000
1867.0438              271.9252319335937500
1867.1260              272.1564025878906250
1867.2054              272.1203918457031250
1867.2904              271.9923095703125000
1867.3726              271.8471069335937500
1867.4575              271.8141174316406250
1867.5397              271.8087463378906250
1867.6246              271.6502075195312500
1867.7096              271.5459594726562500
1867.7917              271.5444946289062500
1867.8767              271.6023864746093750
1867.9589              271.7029113769531250
1868.0437              271.8301696777343750
1868.1257              272.0274963378906250
1868.2076              272.0797424316406250
1868.2924              271.9202575683593750
1868.3743              271.7609252929687500
1868.4590              271.7546997070312500
1868.5410              271.7279663085937500
1868.6257              271.6332397460937500
1868.7103              271.5706176757812500
1868.7924              271.5646667480468750
1868.8771              271.6271057128906250
1868.9590              271.7388916015625000
1869.0438              272.0680236816406250
1869.1260              272.4668273925781250
1869.2054              272.4867553710937500
1869.2904              272.1155395507812500
1869.3726              271.8567199707031250
1869.4575              271.8041687011718750
1869.5397              271.7999267578125000
1869.6246              271.6979980468750000
1869.7096              271.5660095214843750
1869.7917              271.5314331054687500
1869.8767              271.6102905273437500
1869.9589              271.7203979492187500
1870.0438              271.8345947265625000
1870.1260              272.0362243652343750
1870.2054              272.0041503906250000
1870.2904              271.9251403808593750
1870.3726              271.7833862304687500
1870.4575              271.7621765136718750
1870.5397              271.6961059570312500
1870.6246              271.5927124023437500
1870.7096              271.5688476562500000
1870.7917              271.5848388671875000
1870.8767              271.6370544433593750
1870.9589              271.7085876464843750
1871.0438              271.8630981445312500
1871.1260              272.2463378906250000
1871.2054              272.2446289062500000
1871.2904              271.8612670898437500
1871.3726              271.7636108398437500
1871.4575              271.7683105468750000
1871.5397              271.7648010253906250
1871.6246              271.7142639160156250
1871.7096              271.5976257324218750
1871.7917              271.5478515625000000
1871.8767              271.5948791503906250
1871.9589              271.6887512207031250
1872.0437              271.7801513671875000
1872.1257              271.9095153808593750
1872.2076              271.9159851074218750
1872.2924              271.8552246093750000
1872.3743              271.7736511230468750
1872.4590              271.7536621093750000
1872.5410              271.7473754882812500
1872.6257              271.6617431640625000
1872.7103              271.5553894042968750
1872.7924              271.5408325195312500
1872.8771              271.6141662597656250
1872.9590              271.7115173339843750
1873.0438              271.8483886718750000
1873.1260              272.0872497558593750
1873.2054              272.0093688964843750
1873.2904              271.9530334472656250
1873.3726              271.8793334960937500
1873.4575              271.7766113281250000
1873.5397              271.7644042968750000
1873.6246              271.6457519531250000
1873.7096              271.5394592285156250
1873.7917              271.5317993164062500
1873.8767              271.6130981445312500
1873.9589              271.7264404296875000
1874.0438              271.9367370605468750
1874.1260              272.3607482910156250
1874.2054              272.2786254882812500
1874.2904              271.9804992675781250
1874.3726              271.8407897949218750
1874.4575              271.7950744628906250
1874.5397              271.7532348632812500
1874.6246              271.5530700683593750
1874.7096              271.5025024414062500
1874.7917              271.5102844238281250
1874.8767              271.5736389160156250
1874.9589              271.6881103515625000
1875.0438              271.8690490722656250
1875.1260              272.2468566894531250
1875.2054              272.2026062011718750
1875.2904              271.9793395996093750
1875.3726              271.8081970214843750
1875.4575              271.7447509765625000
1875.5397              271.7112121582031250
1875.6246              271.5440979003906250
1875.7096              271.4927062988281250
1875.7917              271.5134277343750000
1875.8767              271.5943298339843750
1875.9589              271.7118225097656250
1876.0437              271.9706726074218750
1876.1257              272.3881225585937500
1876.2076              272.3194885253906250
1876.2924              271.9364013671875000
1876.3743              271.7793273925781250
1876.4590              271.7498474121093750
1876.5410              271.7434082031250000
1876.6257              271.6858825683593750
1876.7103              271.6067504882812500
1876.7924              271.5744934082031250
1876.8771              271.6252136230468750
1876.9590              271.7231445312500000
1877.0438              271.8202209472656250
1877.1260              271.9680480957031250
1877.2054              271.9857177734375000
1877.2904              271.9442749023437500
1877.3726              271.8769531250000000
1877.4575              271.7725830078125000
1877.5397              271.7365722656250000
1877.6246              271.5866699218750000
1877.7096              271.5337524414062500
1877.7917              271.5736389160156250
1877.8767              271.6289062500000000
1877.9589              271.7377929687500000
1878.0438              271.8675537109375000
1878.1260              272.0696105957031250
1878.2054              272.1206054687500000
1878.2904              271.9862670898437500
1878.3726              271.9304809570312500
1878.4575              271.8279724121093750
1878.5397              271.8258056640625000
1878.6246              271.7630310058593750
1878.7096              271.6057128906250000
1878.7917              271.6070251464843750
1878.8767              271.6447143554687500
1878.9589              271.7326354980468750
1879.0438              271.9705505371093750
1879.1260              272.3860778808593750
1879.2054              272.4940490722656250
1879.2904              272.1046447753906250
1879.3726              271.8401489257812500
1879.4575              271.7808227539062500
1879.5397              271.7441406250000000
1879.6246              271.6481323242187500
1879.7096              271.5909729003906250
1879.7917              271.5715026855468750
1879.8767              271.6327209472656250
1879.9589              271.7244873046875000
1880.0437              271.8736877441406250
1880.1257              272.2206420898437500
1880.2076              272.1999816894531250
1880.2924              271.9754943847656250
1880.3743              271.8075256347656250
1880.4590              271.7763977050781250
1880.5410              271.7686157226562500
1880.6257              271.6763610839843750
1880.7103              271.5735778808593750
1880.7924              271.5463256835937500
1880.8771              271.5930175781250000
1880.9590              271.6829223632812500
1881.0438              271.8419189453125000
1881.1260              272.1225280761718750
1881.2054              272.2217407226562500
1881.2904              272.0182189941406250
1881.3726              271.9091491699218750
1881.4575              271.7753906250000000
1881.5397              271.7745056152343750
1881.6246              271.7208557128906250
1881.7096              271.5607604980468750
1881.7917              271.5197143554687500
1881.8767              271.5906677246093750
1881.9589              271.6884765625000000
1882.0438              271.7891845703125000
1882.1260              271.9094238281250000
1882.2054              271.9115295410156250
1882.2904              271.9170532226562500
1882.3726              271.8716735839843750
1882.4575              271.7597656250000000
1882.5397              271.7490539550781250
1882.6246              271.6324157714843750
1882.7096              271.5244140625000000
1882.7917              271.5184936523437500
1882.8767              271.5797119140625000
1882.9589              271.6832580566406250
1883.0438              271.9161376953125000
1883.1260              272.3153076171875000
1883.2054              272.4853820800781250
1883.2904              272.0003356933593750
1883.3726              271.8072204589843750
1883.4575              271.7597351074218750
1883.5397              271.7493896484375000
1883.6246              271.6633300781250000
1883.7096              271.5314025878906250
1883.7917              271.5225219726562500
1883.8767              271.5892944335937500
1883.9589              271.6823730468750000
1884.0437              271.7755432128906250
1884.1257              271.9047241210937500
1884.2076              271.9155578613281250
1884.2924              271.8578186035156250
1884.3743              271.7682495117187500
1884.4590              271.7440490722656250
1884.5410              271.7308654785156250
1884.6257              271.6298522949218750
1884.7103              271.6023864746093750
1884.7924              271.5714111328125000
1884.8771              271.6258544921875000
1884.9590              271.7176513671875000
1885.0438              271.8175964355468750
1885.1260              271.9505920410156250
1885.2054              272.0251464843750000
1885.2904              271.9440917968750000
1885.3726              271.8620910644531250
1885.4575              271.7937316894531250
1885.5397              271.7529602050781250
1885.6246              271.6003723144531250
1885.7096              271.5056457519531250
1885.7917              271.5531005859375000
1885.8767              271.6291809082031250
1885.9589              271.7092285156250000
1886.0438              271.8638305664062500
1886.1260              272.0954284667968750
1886.2054              272.1056213378906250
1886.2904              271.9560546875000000
1886.3726              271.8394775390625000
1886.4575              271.7945251464843750
1886.5397              271.7839355468750000
1886.6246              271.6737670898437500
1886.7096              271.5303344726562500
1886.7917              271.5273742675781250
1886.8767              271.6172790527343750
1886.9589              271.7584228515625000
1887.0438              272.0050048828125000
1887.1260              272.3811645507812500
1887.2054              272.3358154296875000
1887.2904              271.9710998535156250
1887.3726              271.7880859375000000
1887.4575              271.7811279296875000
1887.5397              271.7434082031250000
1887.6246              271.6351623535156250
1887.7096              271.5695495605468750
1887.7917              271.5575256347656250
1887.8767              271.6233825683593750
1887.9589              271.7430725097656250
1888.0437              271.8843078613281250
1888.1257              272.1750488281250000
1888.2076              272.2821350097656250
1888.2924              271.9896850585937500
1888.3743              271.8823242187500000
1888.4590              271.8057556152343750
1888.5410              271.7931823730468750
1888.6257              271.7377014160156250
1888.7103              271.5705566406250000
1888.7924              271.5312500000000000
1888.8771              271.6127929687500000
1888.9590              271.7089843750000000
1889.0438              271.8604431152343750
1889.1260              272.1234436035156250
1889.2054              272.1076049804687500
1889.2904              271.9713439941406250
1889.3726              271.8424072265625000
1889.4575              271.7582092285156250
1889.5397              271.7704467773437500
1889.6246              271.7076721191406250
1889.7096              271.5609130859375000
1889.7917              271.5163574218750000
1889.8767              271.5791015625000000
1889.9589              271.6936950683593750
1890.0438              271.8468017578125000
1890.1260              272.1393127441406250
1890.2054              272.1318969726562500
1890.2904              271.9598999023437500
1890.3726              271.8328247070312500
1890.4575              271.7827453613281250
1890.5397              271.7406616210937500
1890.6246              271.6530761718750000
1890.7096              271.5647277832031250
1890.7917              271.5769653320312500
1890.8767              271.6243286132812500
1890.9589              271.7222900390625000
1891.0438              271.8610534667968750
1891.1260              272.0033874511718750
1891.2054              271.9960021972656250
1891.2904              271.9334106445312500
1891.3726              271.8454284667968750
1891.4575              271.7843017578125000
1891.5397              271.7759094238281250
1891.6246              271.6737670898437500
1891.7096              271.5442199707031250
1891.7917              271.5552673339843750
1891.8767              271.6346130371093750
1891.9589              271.7390136718750000
1892.0437              271.8379211425781250
1892.1257              271.9410705566406250
1892.2076              271.9465026855468750
1892.2924              271.9372558593750000
1892.3743              271.9182434082031250
1892.4590              271.8244934082031250
1892.5410              271.7688903808593750
1892.6257              271.6342163085937500
1892.7103              271.5329284667968750
1892.7924              271.5572509765625000
1892.8771              271.6179504394531250
1892.9590              271.7117614746093750
1893.0438              271.9039916992187500
1893.1260              272.2365112304687500
1893.2054              272.1296691894531250
1893.2904              271.9639282226562500
1893.3726              271.8245544433593750
1893.4575              271.7925109863281250
1893.5397              271.7639465332031250
1893.6246              271.6979064941406250
1893.7096              271.5921020507812500
1893.7917              271.5899047851562500
1893.8767              271.6464843750000000
1893.9589              271.7553405761718750
1894.0438              271.9557800292968750
1894.1260              272.3693542480468750
1894.2054              272.4844360351562500
1894.2904              272.0573425292968750
1894.3726              271.8177185058593750
1894.4575              271.7773437500000000
1894.5397              271.7285766601562500
1894.6246              271.6054382324218750
1894.7096              271.5066833496093750
1894.7917              271.5141601562500000
1894.8767              271.5732727050781250
1894.9589              271.6597595214843750
1895.0438              271.7604064941406250
1895.1260              271.8521118164062500
1895.2054              271.8322448730468750
1895.2904              271.8206176757812500
1895.3726              271.7624511718750000
1895.4575              271.7276916503906250
1895.5397              271.7102966308593750
1895.6246              271.6113281250000000
1895.7096              271.5372314453125000
1895.7917              271.5337219238281250
1895.8767              271.5852050781250000
1895.9589              271.6796569824218750
1896.0437              271.9118347167968750
1896.1257              272.3108825683593750
1896.2076              272.4601440429687500
1896.2924              272.0719604492187500
1896.3743              271.8829345703125000
1896.4590              271.7704467773437500
1896.5410              271.7669677734375000
1896.6257              271.6727294921875000
1896.7103              271.5746459960937500
1896.7924              271.5861816406250000
1896.8771              271.6222229003906250
1896.9590              271.7075805664062500
1897.0438              271.7959899902343750
1897.1260              271.9124145507812500
1897.2054              271.9176635742187500
1897.2904              271.8954162597656250
1897.3726              271.8454895019531250
1897.4575              271.7711181640625000
1897.5397              271.7536010742187500
1897.6246              271.6470947265625000
1897.7096              271.5653686523437500
1897.7917              271.5719299316406250
1897.8767              271.6234130859375000
1897.9589              271.7330322265625000
1898.0438              271.8516235351562500
1898.1260              272.1403808593750000
1898.2054              272.1759948730468750
1898.2904              271.9918823242187500
1898.3726              271.9094543457031250
1898.4575              271.7685546875000000
1898.5397              271.7628784179687500
1898.6246              271.6064453125000000
1898.7096              271.5128173828125000
1898.7917              271.5143127441406250
1898.8767              271.5756225585937500
1898.9589              271.6820678710937500
1899.0438              271.9100646972656250
1899.1260              272.3378906250000000
1899.2054              272.3723449707031250
1899.2904              272.0341491699218750
1899.3726              271.9348144531250000
1899.4575              271.8200683593750000
1899.5397              271.8030090332031250
1899.6246              271.7902221679687500
1899.7096              271.7402038574218750
1899.7917              271.6520385742187500
1899.8767              271.6429443359375000
1899.9589              271.7041931152343750
1900.0438              271.8077087402343750
1900.1260              271.9747924804687500
1900.2054              271.9548034667968750
1900.2904              271.8941955566406250
1900.3726              271.7721862792968750
1900.4575              271.7409667968750000
1900.5397              271.7040100097656250
1900.6246              271.6215209960937500
1900.7096              271.5296020507812500
1900.7917              271.5062866210937500
1900.8767              271.5841979980468750
1900.9589              271.7222290039062500
1901.0438              271.8825378417968750
1901.1260              272.1838684082031250
1901.2054              272.2286987304687500
1901.2904              271.9796142578125000
1901.3726              271.8800659179687500
1901.4575              271.7791137695312500
1901.5397              271.7756042480468750
1901.6246              271.7004394531250000
1901.7096              271.5690307617187500
1901.7917              271.5169677734375000
1901.8767              271.5809326171875000
1901.9589              271.6687316894531250
1902.0438              271.7865905761718750
1902.1260              272.0132751464843750
1902.2054              272.0272827148437500
1902.2904              271.9300842285156250
1902.3726              271.8875427246093750
1902.4575              271.7724304199218750
1902.5397              271.7510070800781250
1902.6246              271.7264709472656250
1902.7096              271.6691894531250000
1902.7917              271.5994262695312500
1902.8767              271.6350097656250000
1902.9589              271.7373657226562500
1903.0438              271.8439331054687500
1903.1260              272.0079956054687500
1903.2054              272.0178833007812500
1903.2904              271.9248046875000000
1903.3726              271.8096313476562500
1903.4575              271.7659912109375000
1903.5397              271.7247924804687500
1903.6246              271.6191711425781250
1903.7096              271.5383605957031250
1903.7917              271.5441894531250000
1903.8767              271.6260681152343750
1903.9589              271.7153320312500000
1904.0437              271.8568115234375000
1904.1257              272.1131591796875000
1904.2076              272.1651611328125000
1904.2924              271.9642333984375000
1904.3743              271.7867431640625000
1904.4590              271.7926635742187500
1904.5410              271.7841491699218750
1904.6257              271.7062988281250000
1904.7103              271.5668640136718750
1904.7924              271.5387573242187500
1904.8771              271.6390380859375000
1904.9590              271.7970581054687500
1905.0438              272.0800170898437500
1905.1260              272.4266662597656250
1905.2054              272.3332214355468750
1905.2904              272.0602416992187500
1905.3726              271.9847412109375000
1905.4575              271.8273315429687500
1905.5397              271.7894287109375000
1905.6246              271.7144775390625000
1905.7096              271.5678405761718750
1905.7917              271.5579223632812500
1905.8767              271.6433410644531250
1905.9589              271.7289733886718750
1906.0438              271.8905029296875000
1906.1260              272.2179260253906250
1906.2054              272.1265869140625000
1906.2904              271.8641357421875000
1906.3726              271.8081359863281250
1906.4575              271.8096618652343750
1906.5397              271.7940368652343750
1906.6246              271.6743469238281250
1906.7096              271.5534057617187500
1906.7917              271.5476684570312500
1906.8767              271.6125488281250000
1906.9589              271.7257995605468750
1907.0438              271.9050903320312500
1907.1260              272.2000427246093750
1907.2054              272.2259216308593750
1907.2904              272.0246887207031250
1907.3726              271.9756469726562500
1907.4575              271.8330078125000000
1907.5397              271.8074035644531250
1907.6246              271.7649230957031250
1907.7096              271.6346740722656250
1907.7917              271.5512084960937500
1907.8767              271.6005859375000000
1907.9589              271.7034606933593750
1908.0437              271.8196716308593750
1908.1257              272.0879516601562500
1908.2076              272.0827331542968750
1908.2924              271.9375610351562500
1908.3743              271.7911071777343750
1908.4590              271.7641906738281250
1908.5410              271.7449951171875000
1908.6257              271.6248474121093750
1908.7103              271.5555114746093750
1908.7924              271.5215759277343750
1908.8771              271.5955810546875000
1908.9590              271.7107543945312500
1909.0438              271.8459777832031250
1909.1260              272.1922302246093750
1909.2054              272.1802978515625000
1909.2904              271.9729003906250000
1909.3726              271.8558044433593750
1909.4575              271.7643432617187500
1909.5397              271.7430114746093750
1909.6246              271.6484375000000000
1909.7096              271.5755004882812500
1909.7917              271.5384216308593750
1909.8767              271.5977478027343750
1909.9589              271.6860961914062500
1910.0438              271.7784729003906250
1910.1260              271.8903503417968750
1910.2054              271.8917541503906250
1910.2904              271.8718872070312500
1910.3726              271.8096008300781250
1910.4575              271.7574157714843750
1910.5397              271.7092895507812500
1910.6246              271.5567626953125000
1910.7096              271.5018920898437500
1910.7917              271.5249328613281250
1910.8767              271.5970153808593750
1910.9589              271.7084655761718750
1911.0438              271.8985595703125000
1911.1260              272.3214721679687500
1911.2054              272.3480834960937500
1911.2904              271.9739074707031250
1911.3726              271.7970275878906250
1911.4575              271.7686157226562500
1911.5397              271.7683105468750000
1911.6246              271.7287292480468750
1911.7096              271.6014404296875000
1911.7917              271.5652770996093750
1911.8767              271.6171264648437500
1911.9589              271.7146606445312500
1912.0437              271.8504028320312500
1912.1257              272.2140808105468750
1912.2076              272.1536254882812500
1912.2924              271.9593200683593750
1912.3743              271.7841796875000000
1912.4590              271.7625427246093750
1912.5410              271.6574401855468750
1912.6257              271.5749816894531250
1912.7103              271.4942626953125000
1912.7924              271.5089721679687500
1912.8771              271.5701904296875000
1912.9590              271.6564025878906250
1913.0438              271.7830200195312500
1913.1260              271.9741210937500000
1913.2054              272.0263061523437500
1913.2904              271.9009094238281250
1913.3726              271.8280944824218750
1913.4575              271.7610778808593750
1913.5397              271.7416992187500000
1913.6246              271.5716857910156250
1913.7096              271.5173339843750000
1913.7917              271.5118103027343750
1913.8767              271.5888671875000000
1913.9589              271.6862792968750000
1914.0438              271.8245849609375000
1914.1260              272.0488586425781250
1914.2054              272.0946655273437500
1914.2904              271.9536132812500000
1914.3726              271.9026489257812500
1914.4575              271.7961120605468750
1914.5397              271.7761535644531250
1914.6246              271.7473754882812500
1914.7096              271.5992126464843750
1914.7917              271.5642395019531250
1914.8767              271.6244812011718750
1914.9589              271.7242126464843750
1915.0438              271.8313293457031250
1915.1260              272.0021972656250000
1915.2054              272.0922546386718750
1915.2904              271.9631042480468750
1915.3726              271.8544616699218750
1915.4575              271.7936401367187500
1915.5397              271.7942810058593750
1915.6246              271.7648010253906250
1915.7096              271.6710815429687500
1915.7917              271.5961914062500000
1915.8767              271.6413879394531250
1915.9589              271.7073059082031250
1916.0437              271.8110961914062500
1916.1257              271.9398803710937500
1916.2076              272.0028076171875000
1916.2924              271.9357910156250000
1916.3743              271.8432006835937500
1916.4590              271.7882385253906250
1916.5410              271.7725524902343750
1916.6257              271.6477966308593750
1916.7103              271.5674438476562500
1916.7924              271.5462951660156250
1916.8771              271.6123352050781250
1916.9590              271.7031250000000000
1917.0438              271.8366088867187500
1917.1260              271.9141540527343750
1917.2054              271.9189758300781250
1917.2904              271.9096679687500000
1917.3726              271.8890380859375000
1917.4575              271.8306579589843750
1917.5397              271.7853698730468750
1917.6246              271.7712402343750000
1917.7096              271.7254028320312500
1917.7917              271.6857910156250000
1917.8767              271.6826782226562500
1917.9589              271.7496032714843750
1918.0438              271.8636474609375000
1918.1260              271.9963684082031250
1918.2054              271.9589538574218750
1918.2904              271.9352111816406250
1918.3726              271.8501586914062500
1918.4575              271.7817687988281250
1918.5397              271.7673034667968750
1918.6246              271.6487426757812500
1918.7096              271.5458374023437500
1918.7917              271.5569763183593750
1918.8767              271.6247863769531250
1918.9589              271.7384338378906250
1919.0438              271.8789062500000000
1919.1260              272.1502685546875000
1919.2054              272.1159667968750000
1919.2904              271.9807739257812500
1919.3726              271.8619079589843750
1919.4575              271.7987976074218750
1919.5397              271.7874145507812500
1919.6246              271.7293701171875000
1919.7096              271.6359558105468750
1919.7917              271.5719604492187500
1919.8767              271.6353149414062500
1919.9589              271.7290649414062500
1920.0437              271.9145202636718750
1920.1257              272.1501159667968750
1920.2076              272.2789916992187500
1920.2924              272.0086669921875000
1920.3743              271.8470458984375000
1920.4590              271.7859497070312500
1920.5410              271.7843627929687500
1920.6257              271.7578125000000000
1920.7103              271.6808166503906250
1920.7924              271.6064147949218750
1920.8771              271.6351928710937500
1920.9590              271.7265014648437500
1921.0438              271.8157043457031250
1921.1260              271.9040832519531250
1921.2054              271.9006042480468750
1921.2904              271.8725585937500000
1921.3726              271.8261413574218750
1921.4575              271.7730407714843750
1921.5397              271.7543334960937500
1921.6246              271.6786499023437500
1921.7096              271.5648193359375000
1921.7917              271.5112609863281250
1921.8767              271.5876770019531250
1921.9589              271.6869506835937500
1922.0438              271.8032836914062500
1922.1260              271.9427185058593750
1922.2054              271.9576416015625000
1922.2904              271.9186401367187500
1922.3726              271.8577575683593750
1922.4575              271.7613525390625000
1922.5397              271.7487182617187500
1922.6246              271.6456604003906250
1922.7096              271.5922851562500000
1922.7917              271.5687561035156250
1922.8767              271.6091308593750000
1922.9589              271.7098083496093750
1923.0438              271.8099365234375000
1923.1260              272.0556335449218750
1923.2054              272.1777954101562500
1923.2904              272.0011291503906250
1923.3726              271.9453430175781250
1923.4575              271.8785095214843750
1923.5397              271.8244018554687500
1923.6246              271.8185729980468750
1923.7096              271.7257995605468750
1923.7917              271.5777587890625000
1923.8767              271.6002197265625000
1923.9589              271.6939697265625000
1924.0437              271.8125915527343750
1924.1257              271.9724731445312500
1924.2076              272.1157226562500000
1924.2924              271.9267883300781250
1924.3743              271.7951049804687500
1924.4590              271.7582397460937500
1924.5410              271.7294311523437500
1924.6257              271.5860290527343750
1924.7103              271.5232849121093750
1924.7924              271.5308837890625000
1924.8771              271.6086120605468750
1924.9590              271.6907653808593750
1925.0438              271.7832641601562500
1925.1260              271.9151000976562500
1925.2054              271.8968505859375000
1925.2904              271.8352661132812500
1925.3726              271.7550354003906250
1925.4575              271.7215270996093750
1925.5397              271.6995239257812500
1925.6246              271.6146850585937500
1925.7096              271.5092468261718750
1925.7917              271.5126953125000000
1925.8767              271.5697021484375000
1925.9589              271.6625671386718750
1926.0438              271.8254394531250000
1926.1260              272.1497497558593750
1926.2054              272.0500793457031250
1926.2904              271.8991699218750000
1926.3726              271.7453613281250000
1926.4575              271.7400207519531250
1926.5397              271.7493896484375000
1926.6246              271.6718444824218750
1926.7096              271.5714721679687500
1926.7917              271.5477905273437500
1926.8767              271.6030578613281250
1926.9589              271.6790466308593750
1927.0438              271.8006286621093750
1927.1260              272.0021362304687500
1927.2054              272.0133056640625000
1927.2904              271.9062805175781250
1927.3726              271.7805480957031250
1927.4575              271.7489929199218750
1927.5397              271.7527770996093750
1927.6246              271.7032470703125000
1927.7096              271.5705261230468750
1927.7917              271.5361633300781250
1927.8767              271.6067504882812500
1927.9589              271.7117614746093750
1928.0437              271.8737792968750000
1928.1257              272.0468750000000000
1928.2076              272.0111999511718750
1928.2924              271.9419250488281250
1928.3743              271.8106079101562500
1928.4590              271.7715759277343750
1928.5410              271.7731323242187500
1928.6257              271.7265930175781250
1928.7103              271.6481933593750000
1928.7924              271.5826416015625000
1928.8771              271.6056518554687500
1928.9590              271.7007751464843750
1929.0438              271.8515319824218750
1929.1260              272.1049194335937500
1929.2054              272.0424804687500000
1929.2904              271.9447631835937500
1929.3726              271.8551025390625000
1929.4575              271.7907714843750000
1929.5397              271.8019409179687500
1929.6246              271.7388305664062500
1929.7096              271.6192932128906250
1929.7917              271.5983581542968750
1929.8767              271.6596984863281250
1929.9589              271.7449645996093750
1930.0438              271.8614196777343750
1930.1260              272.0326538085937500
1930.2054              272.1437072753906250
1930.2904              271.9873352050781250
1930.3726              271.9540405273437500
1930.4575              271.8587341308593750
1930.5397              271.8085021972656250
1930.6246              271.7881774902343750
1930.7096              271.6354675292968750
1930.7917              271.5599060058593750
1930.8767              271.6036987304687500
1930.9589              271.6922912597656250
1931.0438              271.8571472167968750
1931.1260              272.0929870605468750
1931.2054              272.0530700683593750
1931.2904              271.8959655761718750
1931.3726              271.7914733886718750
1931.4575              271.7716979980468750
1931.5397              271.7530212402343750
1931.6246              271.7084960937500000
1931.7096              271.6099243164062500
1931.7917              271.5507202148437500
1931.8767              271.5953979492187500
1931.9589              271.6940002441406250
1932.0437              271.8045043945312500
1932.1257              272.0517272949218750
1932.2076              272.0644836425781250
1932.2924              271.9313659667968750
1932.3743              271.8073730468750000
1932.4590              271.7841491699218750
1932.5410              271.7745971679687500
1932.6257              271.7048339843750000
1932.7103              271.5466308593750000
1932.7924              271.5212402343750000
1932.8771              271.6061706542968750
1932.9590              271.7000732421875000
1933.0438              271.8364562988281250
1933.1260              272.0325012207031250
1933.2054              272.1132812500000000
1933.2904              271.9343566894531250
1933.3726              271.9035034179687500
1933.4575              271.7857971191406250
1933.5397              271.7687377929687500
1933.6246              271.7066650390625000
1933.7096              271.5035095214843750
1933.7917              271.4856567382812500
1933.8767              271.5746154785156250
1933.9589              271.7025756835937500
1934.0438              271.8734436035156250
1934.1260              272.1006469726562500
1934.2054              272.1548767089843750
1934.2904              271.9448852539062500
1934.3726              271.8066101074218750
1934.4575              271.7713623046875000
1934.5397              271.7791137695312500
1934.6246              271.7404174804687500
1934.7096              271.6167602539062500
1934.7917              271.5884094238281250
1934.8767              271.6206054687500000
1934.9589              271.7180480957031250
1935.0438              271.8473205566406250
1935.1260              272.1510925292968750
1935.2054              272.2633056640625000
1935.2904              271.9896850585937500
1935.3726              271.8223571777343750
1935.4575              271.7963256835937500
1935.5397              271.7992858886718750
1935.6246              271.7861022949218750
1935.7096              271.6414184570312500
1935.7917              271.5668029785156250
1935.8767              271.6661071777343750
1935.9589              271.7623596191406250
1936.0437              271.8880920410156250
1936.1257              272.1502990722656250
1936.2076              272.2082519531250000
1936.2924              272.0100097656250000
1936.3743              271.9112243652343750
1936.4590              271.7957153320312500
1936.5410              271.7958068847656250
1936.6257              271.7474365234375000
1936.7103              271.5869750976562500
1936.7924              271.5280761718750000
1936.8771              271.5795593261718750
1936.9590              271.6717834472656250
1937.0438              271.7643737792968750
1937.1260              271.9190063476562500
1937.2054              271.9413757324218750
1937.2904              271.8863830566406250
1937.3726              271.7895812988281250
1937.4575              271.7795715332031250
1937.5397              271.7804260253906250
1937.6246              271.6607360839843750
1937.7096              271.5129394531250000
1937.7917              271.5223388671875000
1937.8767              271.5946350097656250
1937.9589              271.6858825683593750
1938.0438              271.8889465332031250
1938.1260              272.1807556152343750
1938.2054              272.0946350097656250
1938.2904              271.9708251953125000
1938.3726              271.8838500976562500
1938.4575              271.7630004882812500
1938.5397              271.7587585449218750
1938.6246              271.6101379394531250
1938.7096              271.4952392578125000
1938.7917              271.5068969726562500
1938.8767              271.5742797851562500
1938.9589              271.6757507324218750
1939.0438              271.8588256835937500
1939.1260              272.2520141601562500
1939.2054              272.3348693847656250
1939.2904              271.9942321777343750
1939.3726              271.8350830078125000
1939.4575              271.7763671875000000
1939.5397              271.7791442871093750
1939.6246              271.7331237792968750
1939.7096              271.6165161132812500
1939.7917              271.5739440917968750
1939.8767              271.6217041015625000
1939.9589              271.7102966308593750
1940.0437              271.8399353027343750
1940.1257              272.0129089355468750
1940.2076              272.0364990234375000
1940.2924              271.9368286132812500
1940.3743              271.8613281250000000
1940.4590              271.7780761718750000
1940.5410              271.7826232910156250
1940.6257              271.7400817871093750
1940.7103              271.6157226562500000
1940.7924              271.5863037109375000
1940.8771              271.6296997070312500
1940.9590              271.7282714843750000
1941.0438              271.8828430175781250
1941.1260              272.3354187011718750
1941.2054              272.3284912109375000
1941.2904              272.0204162597656250
1941.3726              271.8473510742187500
1941.4575              271.8023376464843750
1941.5397              271.7901000976562500
1941.6246              271.7369995117187500
1941.7096              271.5964660644531250
1941.7917              271.5586853027343750
1941.8767              271.6228027343750000
1941.9589              271.7249755859375000
1942.0438              271.8245239257812500
1942.1260              271.9787292480468750
1942.2054              271.9802856445312500
1942.2904              271.9468994140625000
1942.3726              271.9325561523437500
1942.4575              271.8067321777343750
1942.5397              271.7864379882812500
1942.6246              271.7136535644531250
1942.7096              271.5757141113281250
1942.7917              271.5713806152343750
1942.8767              271.6182556152343750
1942.9589              271.7111816406250000
1943.0438              271.8220825195312500
1943.1260              271.9709777832031250
1943.2054              272.0449218750000000
1943.2904              271.9518737792968750
1943.3726              271.9040222167968750
1943.4575              271.7684020996093750
1943.5397              271.7726135253906250
1943.6246              271.6745300292968750
1943.7096              271.5389709472656250
1943.7917              271.5366516113281250
1943.8767              271.6107482910156250
1943.9589              271.7095947265625000
1944.0437              271.8542785644531250
1944.1257              272.0538024902343750
1944.2076              272.0639038085937500
1944.2924              271.9378051757812500
1944.3743              271.8887939453125000
1944.4590              271.7928161621093750
1944.5410              271.7771606445312500
1944.6257              271.6880798339843750
1944.7103              271.6128845214843750
1944.7924              271.5995483398437500
1944.8771              271.6542053222656250
1944.9590              271.7530822753906250
1945.0438              271.8731384277343750
1945.1260              272.0296325683593750
1945.2054              272.0066833496093750
1945.2904              271.9677124023437500
1945.3726              271.9062500000000000
1945.4575              271.8058471679687500
1945.5397              271.7618103027343750
1945.6246              271.5979309082031250
1945.7096              271.5177307128906250
1945.7917              271.5478210449218750
1945.8767              271.6239318847656250
1945.9589              271.7037658691406250
1946.0438              271.8377075195312500
1946.1260              272.1278991699218750
1946.2054              272.1700439453125000
1946.2904              271.9404296875000000
1946.3726              271.7768249511718750
1946.4575              271.7660827636718750
1946.5397              271.7631530761718750
1946.6246              271.7165832519531250
1946.7096              271.6076660156250000
1946.7917              271.5967407226562500
1946.8767              271.6408081054687500
1946.9589              271.7314147949218750
1947.0438              271.8407592773437500
1947.1260              271.9386901855468750
1947.2054              271.9288940429687500
1947.2904              271.9274291992187500
1947.3726              271.9082946777343750
1947.4575              271.7957763671875000
1947.5397              271.7905578613281250
1947.6246              271.6850891113281250
1947.7096              271.4919433593750000
1947.7917              271.4941101074218750
1947.8767              271.5481872558593750
1947.9589              271.6699829101562500
1948.0437              271.7892150878906250
1948.1257              271.9460754394531250
1948.2076              272.0234680175781250
1948.2924              271.9293518066406250
1948.3743              271.9135742187500000
1948.4590              271.7839965820312500
1948.5410              271.7746582031250000
1948.6257              271.7686767578125000
1948.7103              271.6748657226562500
1948.7924              271.5743408203125000
1948.8771              271.6195068359375000
1948.9590              271.7043762207031250
1949.0438              271.8156738281250000
1949.1260              272.0365600585937500
1949.2054              272.0527038574218750
1949.2904              271.9682922363281250
1949.3726              271.9243774414062500
1949.4575              271.8235778808593750
1949.5397              271.7977294921875000
1949.6246              271.7219848632812500
1949.7096              271.5600280761718750
1949.7917              271.5098876953125000
1949.8767              271.5642700195312500
1949.9589              271.6597595214843750
1950.0438              271.8182983398437500
1950.1260              272.1108703613281250
1950.2054              272.0362243652343750
1950.2904              271.9548034667968750
1950.3726              271.9197387695312500
1950.4575              271.7893981933593750
1950.5397              271.7608642578125000
1950.6246              271.6419372558593750
1950.7096              271.5144653320312500
1950.7917              271.5264587402343750
1950.8767              271.5884399414062500
1950.9589              271.6847229003906250
1951.0438              271.8075256347656250
1951.1260              272.0135803222656250
1951.2054              272.0006408691406250
1951.2904              271.9163513183593750
1951.3726              271.8943786621093750
1951.4575              271.7773437500000000
1951.5397              271.7419738769531250
1951.6246              271.6470642089843750
1951.7096              271.5759277343750000
1951.7917              271.5390625000000000
1951.8767              271.5917663574218750
1951.9589              271.6889648437500000
1952.0437              271.8452758789062500
1952.1257              271.9784545898437500
1952.2076              271.9598083496093750
1952.2924              271.9288024902343750
1952.3743              271.9300231933593750
1952.4590              271.7999877929687500
1952.5410              271.7621459960937500
1952.6257              271.6744995117187500
1952.7103              271.5459594726562500
1952.7924              271.5393676757812500
1952.8771              271.6054687500000000
1952.9590              271.7223815917968750
1953.0438              271.8960571289062500
1953.1260              272.2311096191406250
1953.2054              272.2097778320312500
1953.2904              271.9989318847656250
1953.3726              271.9287414550781250
1953.4575              271.8342285156250000
1953.5397              271.8065185546875000
1953.6246              271.7618408203125000
1953.7096              271.6311340332031250
1953.7917              271.6025695800781250
1953.8767              271.6679687500000000
1953.9589              271.7588500976562500
1954.0438              271.8791503906250000
1954.1260              272.1890869140625000
1954.2054              272.2892150878906250
1954.2904              272.0197448730468750
1954.3726              271.9141845703125000
1954.4575              271.8085327148437500
1954.5397              271.8117370605468750
1954.6246              271.7835388183593750
1954.7096              271.6332702636718750
1954.7917              271.5441284179687500
1954.8767              271.6065368652343750
1954.9589              271.6977844238281250
1955.0438              271.8984985351562500
1955.1260              272.3298339843750000
1955.2054              272.4256591796875000
1955.2904              272.0710144042968750
1955.3726              271.9894409179687500
1955.4575              271.8528137207031250
1955.5397              271.8260192871093750
1955.6246              271.8038024902343750
1955.7096              271.6978454589843750
1955.7917              271.6280822753906250
1955.8767              271.6358642578125000
1955.9589              271.6958923339843750
1956.0437              271.8089599609375000
1956.1257              271.9371948242187500
1956.2076              271.9519042968750000
1956.2924              271.9167785644531250
1956.3743              271.8258972167968750
1956.4590              271.7768859863281250
1956.5410              271.7669982910156250
1956.6257              271.6621093750000000
1956.7103              271.6027526855468750
1956.7924              271.5620422363281250
1956.8771              271.6235351562500000
1956.9590              271.7248840332031250
1957.0438              271.8351440429687500
1957.1260              271.9870605468750000
1957.2054              272.0208740234375000
1957.2904              271.9433288574218750
1957.3726              271.9167480468750000
1957.4575              271.7916259765625000
1957.5397              271.7703857421875000
1957.6246              271.7306823730468750
1957.7096              271.5666809082031250
1957.7917              271.5475769042968750
1957.8767              271.5826416015625000
1957.9589              271.6918945312500000
1958.0438              271.8272705078125000
1958.1260              272.1293640136718750
1958.2054              272.1938781738281250
1958.2904              271.9863891601562500
1958.3726              271.8621520996093750
1958.4575              271.7905883789062500
1958.5397              271.7591857910156250
1958.6246              271.7408752441406250
1958.7096              271.6239318847656250
1958.7917              271.5592041015625000
1958.8767              271.5839843750000000
1958.9589              271.6888122558593750
1959.0438              271.8009948730468750
1959.1260              272.0420837402343750
1959.2054              272.1143188476562500
1959.2904              271.9454345703125000
1959.3726              271.8901367187500000
1959.4575              271.8052062988281250
1959.5397              271.7815246582031250
1959.6246              271.7661743164062500
1959.7096              271.6822814941406250
1959.7917              271.5896606445312500
1959.8767              271.6042480468750000
1959.9589              271.7072753906250000
1960.0437              271.8114624023437500
1960.1257              271.9380493164062500
1960.2076              271.9537353515625000
1960.2924              271.9226684570312500
1960.3743              271.8241577148437500
1960.4590              271.7647705078125000
1960.5410              271.7608947753906250
1960.6257              271.6860656738281250
1960.7103              271.5499877929687500
1960.7924              271.5228576660156250
1960.8771              271.6127014160156250
1960.9590              271.7091979980468750
1961.0438              271.8034362792968750
1961.1260              272.0078735351562500
1961.2054              272.1875000000000000
1961.2904              271.9955444335937500
1961.3726              271.9251708984375000
1961.4575              271.7774658203125000
1961.5397              271.7829895019531250
1961.6246              271.7692260742187500
1961.7096              271.6664123535156250
1961.7917              271.5779113769531250
1961.8767              271.6004028320312500
1961.9589              271.6828002929687500
1962.0438              271.7586975097656250
1962.1260              271.8290710449218750
1962.2054              271.8428344726562500
1962.2904              271.8705444335937500
1962.3726              271.8234863281250000
1962.4575              271.7491149902343750
1962.5397              271.7194213867187500
1962.6246              271.5751037597656250
1962.7096              271.5161437988281250
1962.7917              271.5320739746093750
1962.8767              271.6190795898437500
1962.9589              271.7285766601562500
1963.0438              271.8952026367187500
1963.1260              272.2026672363281250
1963.2054              272.2108764648437500
1963.2904              271.9925537109375000
1963.3726              271.8733520507812500
1963.4575              271.8051452636718750
1963.5397              271.7872924804687500
1963.6246              271.6950988769531250
1963.7096              271.5293579101562500
1963.7917              271.5035095214843750
1963.8767              271.5762634277343750
1963.9589              271.6951904296875000
1964.0437              271.8292846679687500
1964.1257              271.9948120117187500
1964.2076              271.9403076171875000
1964.2924              271.9183044433593750
1964.3743              271.8539123535156250
1964.4590              271.7581176757812500
1964.5410              271.7010498046875000
1964.6257              271.5448303222656250
1964.7103              271.5140991210937500
1964.7924              271.5301208496093750
1964.8771              271.5770263671875000
1964.9590              271.6811523437500000
1965.0438              271.8164978027343750
1965.1260              272.1641540527343750
1965.2054              272.2934570312500000
1965.2904              271.9672851562500000
1965.3726              271.8405456542968750
1965.4575              271.7475891113281250
1965.5397              271.7411499023437500
1965.6246              271.7287292480468750
1965.7096              271.6964721679687500
1965.7917              271.6614685058593750
1965.8767              271.6856079101562500
1965.9589              271.7553100585937500
1966.0438              271.8587036132812500
1966.1260              271.9695129394531250
1966.2054              271.9866027832031250
1966.2904              271.9542541503906250
1966.3726              271.8401489257812500
1966.4575              271.8096313476562500
1966.5397              271.8178710937500000
1966.6246              271.7691345214843750
1966.7096              271.6566467285156250
1966.7917              271.5560302734375000
1966.8767              271.6093139648437500
1966.9589              271.7105407714843750
1967.0438              271.8001403808593750
1967.1260              271.8876647949218750
1967.2054              271.9096069335937500
1967.2904              271.9053649902343750
1967.3726              271.8349304199218750
1967.4575              271.7622375488281250
1967.5397              271.7421875000000000
1967.6246              271.6703491210937500
1967.7096              271.5631408691406250
1967.7917              271.5060729980468750
1967.8767              271.5835571289062500
1967.9589              271.6953430175781250
1968.0437              271.7900695800781250
1968.1257              271.8711547851562500
1968.2076              271.8751525878906250
1968.2924              271.8781738281250000
1968.3743              271.8731079101562500
1968.4590              271.8041687011718750
1968.5410              271.7579956054687500
1968.6257              271.7355041503906250
1968.7103              271.6651611328125000
1968.7924              271.6578674316406250
1968.8771              271.6974487304687500
1968.9590              271.7859497070312500
1969.0438              271.8935852050781250
1969.1260              271.9912719726562500
1969.2054              271.9707946777343750
1969.2904              271.9725341796875000
1969.3726              271.8703308105468750
1969.4575              271.7797241210937500
1969.5397              271.7539978027343750
1969.6246              271.6745605468750000
1969.7096              271.5488281250000000
1969.7917              271.5274658203125000
1969.8767              271.5882568359375000
1969.9589              271.7366333007812500
1970.0438              271.9092102050781250
1970.1260              272.2265625000000000
1970.2054              272.0954284667968750
1970.2904              271.9743041992187500
1970.3726              271.9060668945312500
1970.4575              271.7695617675781250
1970.5397              271.7424011230468750
1970.6246              271.6818847656250000
1970.7096              271.5055236816406250
1970.7917              271.5040893554687500
1970.8767              271.5650024414062500
1970.9589              271.6855773925781250
1971.0438              271.8171997070312500
1971.1260              272.1287231445312500
1971.2054              272.1731872558593750
1971.2904              271.9856262207031250
1971.3726              271.9337158203125000
1971.4575              271.7984924316406250
1971.5397              271.7863464355468750
1971.6246              271.7837524414062500
1971.7096              271.7692871093750000
1971.7917              271.6611633300781250
1971.8767              271.6988220214843750
1971.9589              271.8034362792968750
1972.0437              271.9107666015625000
1972.1257              272.1281738281250000
1972.2076              272.1947937011718750
1972.2924              272.0301513671875000
1972.3743              271.9078369140625000
1972.4590              271.8089599609375000
1972.5410              271.7998352050781250
1972.6257              271.7558288574218750
1972.7103              271.5815429687500000
1972.7924              271.5571594238281250
1972.8771              271.6300354003906250
1972.9590              271.7145690917968750
1973.0438              271.9378051757812500
1973.1260              272.3951416015625000
1973.2054              272.4744873046875000
1973.2904              272.1000976562500000
1973.3726              272.0216064453125000
1973.4575              271.9104614257812500
1973.5397              271.8526000976562500
1973.6246              271.8412780761718750
1973.7096              271.7882995605468750
1973.7917              271.6724243164062500
1973.8767              271.6864013671875000
1973.9589              271.7582092285156250
1974.0438              271.8596496582031250
1974.1260              272.0473327636718750
1974.2054              272.0245666503906250
1974.2904              272.0057983398437500
1974.3726              271.9657592773437500
1974.4575              271.8920898437500000
1974.5397              271.8335876464843750
1974.6246              271.7186584472656250
1974.7096              271.5711059570312500
1974.7917              271.5651245117187500
1974.8767              271.6232604980468750
1974.9589              271.7167358398437500
1975.0438              271.9529418945312500
1975.1260              272.3370666503906250
1975.2054              272.2946166992187500
1975.2904              272.0417785644531250
1975.3726              271.9773559570312500
1975.4575              271.8569335937500000
1975.5397              271.8186340332031250
1975.6246              271.8052978515625000
1975.7096              271.6829833984375000
1975.7917              271.6060485839843750
1975.8767              271.6453247070312500
1975.9589              271.7465515136718750
1976.0437              271.8958435058593750
1976.1257              272.1982421875000000
1976.2076              272.3138122558593750
1976.2924              272.0135803222656250
1976.3743              271.8907470703125000
1976.4590              271.7975158691406250
1976.5410              271.7923278808593750
1976.6257              271.7159729003906250
1976.7103              271.5805358886718750
1976.7924              271.5317077636718750
1976.8771              271.6110534667968750
1976.9590              271.7177734375000000
1977.0438              271.8184509277343750
1977.1260              271.9676513671875000
1977.2054              272.0037231445312500
1977.2904              271.9273986816406250
1977.3726              271.8828430175781250
1977.4575              271.8097229003906250
1977.5397              271.8250427246093750
1977.6246              271.8096008300781250
1977.7096              271.8076171875000000
1977.7917              271.7770996093750000
1977.8767              271.7359313964843750
1977.9589              271.7938232421875000
1978.0438              271.8947448730468750
1978.1260              272.0424194335937500
1978.2054              272.0500793457031250
1978.2904              271.9987792968750000
1978.3726              271.8500671386718750
1978.4575              271.8185119628906250
1978.5397              271.8145751953125000
1978.6246              271.7633972167968750
1978.7096              271.6513366699218750
1978.7917              271.5951232910156250
1978.8767              271.6427307128906250
1978.9589              271.7458190917968750
1979.0438              271.8458862304687500
1979.1260              272.0332031250000000
1979.2054              272.0786132812500000
1979.2904              272.0068664550781250
1979.3726              271.9390563964843750
1979.4575              271.8407287597656250
1979.5397              271.8280029296875000
1979.6246              271.7191162109375000
1979.7096              271.6163940429687500
1979.7917              271.5877990722656250
1979.8767              271.6388854980468750
1979.9589              271.7255554199218750
1980.0437              271.8691101074218750
1980.1257              272.1028137207031250
1980.2076              272.1351623535156250
1980.2924              271.9771728515625000
1980.3743              271.9026489257812500
1980.4590              271.7823181152343750
1980.5410              271.7844848632812500
1980.6257              271.7910766601562500
1980.7103              271.6735534667968750
1980.7924              271.6138610839843750
1980.8771              271.6231079101562500
1980.9590              271.7110595703125000
1981.0438              271.8060302734375000
1981.1260              271.8765563964843750
1981.2054              271.8751525878906250
1981.2904              271.8938903808593750
1981.3726              271.8356323242187500
1981.4575              271.7872314453125000
1981.5397              271.7510986328125000
1981.6246              271.6026306152343750
1981.7096              271.4733276367187500
1981.7917              271.4944763183593750
1981.8767              271.5663452148437500
1981.9589              271.6710205078125000
1982.0438              271.8370056152343750
1982.1260              272.1157226562500000
1982.2054              272.1268310546875000
1982.2904              271.9346008300781250
1982.3726              271.9137268066406250
1982.4575              271.8278808593750000
1982.5397              271.7832031250000000
1982.6246              271.7532958984375000
1982.7096              271.5930175781250000
1982.7917              271.5293884277343750
1982.8767              271.5989990234375000
1982.9589              271.6858215332031250
1983.0438              271.8476562500000000
1983.1260              272.1956787109375000
1983.2054              272.3062438964843750
1983.2904              272.0493774414062500
1983.3726              271.8988952636718750
1983.4575              271.8254394531250000
1983.5397              271.8148803710937500
1983.6246              271.8043823242187500
1983.7096              271.7491760253906250
1983.7917              271.6627807617187500
1983.8767              271.6647644042968750
1983.9589              271.7390747070312500
1984.0437              271.8923339843750000
1984.1257              272.0858764648437500
1984.2076              272.0321044921875000
1984.2924              271.9860229492187500
1984.3743              271.9318847656250000
1984.4590              271.8341979980468750
1984.5410              271.8255310058593750
1984.6257              271.8018798828125000
1984.7103              271.6537170410156250
1984.7924              271.5817871093750000
1984.8771              271.6224060058593750
1984.9590              271.7224426269531250
1985.0438              271.8663635253906250
1985.1260              272.1000976562500000
1985.2054              272.1808166503906250
1985.2904              272.0087585449218750
1985.3726              271.9416503906250000
1985.4575              271.8160705566406250
1985.5397              271.8110046386718750
1985.6246              271.7860107421875000
1985.7096              271.7406005859375000
1985.7917              271.6658325195312500
1985.8767              271.7006530761718750
1985.9589              271.7807312011718750
1986.0438              271.9309692382812500
1986.1260              272.2595825195312500
1986.2054              272.3942565917968750
1986.2904              272.0765380859375000
1986.3726              271.9907836914062500
1986.4575              271.8268127441406250
1986.5397              271.8155822753906250
1986.6246              271.8105773925781250
1986.7096              271.7380371093750000
1986.7917              271.6564941406250000
1986.8767              271.6719055175781250
1986.9589              271.7447204589843750
1987.0438              271.8479003906250000
1987.1260              272.0558776855468750
1987.2054              272.0865478515625000
1987.2904              271.9876708984375000
1987.3726              271.8717041015625000
1987.4575              271.8268432617187500
1987.5397              271.8122863769531250
1987.6246              271.7874755859375000
1987.7096              271.6696166992187500
1987.7917              271.6307067871093750
1987.8767              271.6642761230468750
1987.9589              271.7499389648437500
1988.0437              271.8608703613281250
1988.1257              272.1123046875000000
1988.2076              272.1435852050781250
1988.2924              272.0148620605468750
1988.3743              271.9299316406250000
1988.4590              271.8781433105468750
1988.5410              271.8494262695312500
1988.6257              271.8031921386718750
1988.7103              271.6753845214843750
1988.7924              271.6071166992187500
1988.8771              271.6347045898437500
1988.9590              271.7462768554687500
1989.0438              271.8808898925781250
1989.1260              272.1459045410156250
1989.2054              272.2442016601562500
1989.2904              272.0449829101562500
1989.3726              271.8968811035156250
1989.4575              271.8212890625000000
1989.5397              271.7268676757812500
1989.6246              271.5397949218750000
1989.7096              271.4887390136718750
1989.7917              271.5304260253906250
1989.8767              271.5865173339843750
1989.9589              271.6948852539062500
1990.0438              271.8915405273437500
1990.1260              272.2283020019531250
1990.2054              272.2868041992187500
1990.2904              272.0339965820312500
1990.3726              271.9262695312500000
1990.4575              271.8292236328125000
1990.5397              271.8106994628906250
1990.6246              271.8237304687500000
1990.7096              271.8305358886718750
1990.7917              271.7263488769531250
1990.8767              271.7072143554687500
1990.9589              271.7712402343750000
1991.0438              271.9060363769531250
1991.1260              272.0310058593750000
1991.2054              272.0598144531250000
1991.2904              272.0120544433593750
1991.3726              271.9606323242187500
1991.4575              271.8543395996093750
1991.5397              271.8158264160156250
1991.6246              271.6946411132812500
1991.7096              271.5713806152343750
1991.7917              271.5415649414062500
1991.8767              271.6071472167968750
1991.9589              271.6980590820312500
1992.0437              271.8743591308593750
1992.1257              272.2370605468750000
1992.2076              272.3893432617187500
1992.2924              272.0894775390625000
1992.3743              271.8811340332031250
1992.4590              271.7978820800781250
1992.5410              271.8017578125000000
1992.6257              271.7731018066406250
1992.7103              271.6438903808593750
1992.7924              271.6162719726562500
1992.8771              271.6393127441406250
1992.9590              271.7083435058593750
1993.0438              271.8168334960937500
1993.1260              271.9860534667968750
1993.2054              271.9909362792968750
1993.2904              271.9530334472656250
1993.3726              271.8771057128906250
1993.4575              271.7840576171875000
1993.5397              271.7355651855468750
1993.6246              271.6319274902343750
1993.7096              271.5285034179687500
1993.7917              271.5258178710937500
1993.8767              271.5924377441406250
1993.9589              271.7069396972656250
1994.0438              271.8488769531250000
1994.1260              272.1593322753906250
1994.2054              272.1452941894531250
1994.2904              271.9660949707031250
1994.3726              271.8609924316406250
1994.4575              271.7828674316406250
1994.5397              271.7872619628906250
1994.6246              271.7656555175781250
1994.7096              271.6682739257812500
1994.7917              271.6106567382812500
1994.8767              271.6643066406250000
1994.9589              271.7713317871093750
1995.0438              271.8915405273437500
1995.1260              272.0895996093750000
1995.2054              272.0467834472656250
1995.2904              272.0279541015625000
1995.3726              272.0211486816406250
1995.4575              271.8841857910156250
1995.5397              271.8639526367187500
1995.6246              271.8118286132812500
1995.7096              271.5857238769531250
1995.7917              271.5344848632812500
1995.8767              271.5935668945312500
1995.9589              271.7103576660156250
1996.0437              271.8945007324218750
1996.1257              272.3097229003906250
1996.2076              272.4848327636718750
1996.2924              272.1239013671875000
1996.3743              272.0461120605468750
1996.4590              271.9540100097656250
1996.5410              271.8211669921875000
1996.6257              271.7955322265625000
1996.7103              271.6558532714843750
1996.7924              271.6142272949218750
1996.8771              271.6418762207031250
1996.9590              271.7115173339843750
1997.0438              271.9209899902343750
1997.1260              272.2995910644531250
1997.2054              272.4264526367187500
1997.2904              272.0309753417968750
1997.3726              271.9201354980468750
1997.4575              271.8083801269531250
1997.5397              271.7990722656250000
1997.6246              271.7426147460937500
1997.7096              271.5980834960937500
1997.7917              271.5788879394531250
1997.8767              271.6294250488281250
1997.9589              271.7076110839843750
1998.0438              271.9121704101562500
1998.1260              272.2964782714843750
1998.2054              272.2964477539062500
1998.2904              272.0071716308593750
1998.3726              271.8848876953125000
1998.4575              271.7926940917968750
1998.5397              271.8052062988281250
1998.6246              271.7107238769531250
1998.7096              271.5620727539062500
1998.7917              271.5098571777343750
1998.8767              271.5733947753906250
1998.9589              271.6682739257812500
1999.0438              271.8179016113281250
1999.1260              272.0912170410156250
1999.2054              272.2320861816406250
1999.2904              271.9841308593750000
1999.3726              271.8341674804687500
1999.4575              271.7544250488281250
1999.5397              271.7690429687500000
1999.6246              271.7568054199218750
1999.7096              271.6551818847656250
1999.7917              271.6625366210937500
1999.8767              271.6948242187500000
1999.9589              271.7693786621093750
