1850.0438              275.6471557617187500
1850.1260              275.9325866699218750
1850.2054              275.8604431152343750
1850.2904              275.1424255371093750
1850.3726              274.1607971191406250
1850.4575              273.5323181152343750
1850.5397              273.3575134277343750
1850.6246              273.1670532226562500
1850.7096              273.2941894531250000
1850.7917              273.3708496093750000
1850.8767              273.7281494140625000
1850.9589              274.5972595214843750
1851.0438              275.3749389648437500
1851.1260              275.9056091308593750
1851.2054              275.7027893066406250
1851.2904              275.0081787109375000
1851.3726              273.9829101562500000
1851.4575              273.2609252929687500
1851.5397              273.0649414062500000
1851.6246              273.2809143066406250
1851.7096              273.3128051757812500
1851.7917              273.2614135742187500
1851.8767              273.2685852050781250
1851.9589              273.8539123535156250
1852.0437              274.5971984863281250
1852.1257              275.0439147949218750
1852.2076              274.9674987792968750
1852.2924              274.3519592285156250
1852.3743              273.5161743164062500
1852.4590              272.5595397949218750
1852.5410              271.7588806152343750
1852.6257              271.3258056640625000
1852.7103              271.3646545410156250
1852.7924              271.4038696289062500
1852.8771              271.9905090332031250
1852.9590              272.9662170410156250
1853.0438              274.0333862304687500
1853.1260              274.6561584472656250
1853.2054              274.6564941406250000
1853.2904              274.1570739746093750
1853.3726              273.3323364257812500
1853.4575              272.4955749511718750
1853.5397              271.9568786621093750
1853.6246              271.8556518554687500
1853.7096              272.1059875488281250
1853.7917              272.4708251953125000
1853.8767              272.7986145019531250
1853.9589              273.7144775390625000
1854.0438              274.6591186523437500
1854.1260              275.1607055664062500
1854.2054              275.2048034667968750
1854.2904              274.5831298828125000
1854.3726              273.6927490234375000
1854.4575              272.7774963378906250
1854.5397              273.1682739257812500
1854.6246              273.3585510253906250
1854.7096              273.4334411621093750
1854.7917              273.4394531250000000
1854.8767              273.7059326171875000
1854.9589              274.5047302246093750
1855.0438              275.3382873535156250
1855.1260              275.6936950683593750
1855.2054              275.6511535644531250
1855.2904              274.9594726562500000
1855.3726              274.1705627441406250
1855.4575              273.3508605957031250
1855.5397              273.3426208496093750
1855.6246              273.4591064453125000
1855.7096              273.4601440429687500
1855.7917              273.4994812011718750
1855.8767              273.7630310058593750
1855.9589              274.5824584960937500
1856.0437              275.4905700683593750
1856.1257              276.0085449218750000
1856.2076              275.7503051757812500
1856.2924              275.1233520507812500
1856.3743              274.1695861816406250
1856.4590              273.3071594238281250
1856.5410              273.1700439453125000
1856.6257              273.2405700683593750
1856.7103              273.3815917968750000
1856.7924              273.3882141113281250
1856.8771              273.5946655273437500
1856.9590              274.4427795410156250
1857.0438              275.2434997558593750
1857.1260              275.5959472656250000
1857.2054              275.3081970214843750
1857.2904              274.7366638183593750
1857.3726              273.8479003906250000
1857.4575              272.9715576171875000
1857.5397              272.5881652832031250
1857.6246              273.0067138671875000
1857.7096              273.0482788085937500
1857.7917              272.9100952148437500
1857.8767              273.0749206542968750
1857.9589              273.9859008789062500
1858.0438              274.7835083007812500
1858.1260              275.0296936035156250
1858.2054              275.0546569824218750
1858.2904              274.4700012207031250
1858.3726              273.4282531738281250
1858.4575              272.6296081542968750
1858.5397              272.1979980468750000
1858.6246              272.7271118164062500
1858.7096              273.2207031250000000
1858.7917              273.3527221679687500
1858.8767              273.6339111328125000
1858.9589              274.4487609863281250
1859.0438              275.2488098144531250
1859.1260              275.7149353027343750
1859.2054              275.6750183105468750
1859.2904              274.9554138183593750
1859.3726              274.2222900390625000
1859.4575              273.4108276367187500
1859.5397              273.0849609375000000
1859.6246              273.4121398925781250
1859.7096              273.4418029785156250
1859.7917              273.4230651855468750
1859.8767              273.7816467285156250
1859.9589              274.5606689453125000
1860.0437              275.4772644042968750
1860.1257              275.9913330078125000
1860.2076              275.9925231933593750
1860.2924              275.2904968261718750
1860.3743              274.3117370605468750
1860.4590              273.6017456054687500
1860.5410              273.4027404785156250
1860.6257              273.2577819824218750
1860.7103              273.2019653320312500
1860.7924              273.3101806640625000
1860.8771              273.7787780761718750
1860.9590              274.5981140136718750
1861.0438              275.4272155761718750
1861.1260              275.8504943847656250
1861.2054              275.6345520019531250
1861.2904              274.9916687011718750
1861.3726              274.1757812500000000
1861.4575              273.5397949218750000
1861.5397              273.4129028320312500
1861.6246              273.2743225097656250
1861.7096              273.3099365234375000
1861.7917              273.3917541503906250
1861.8767              273.8328552246093750
1861.9589              274.5062255859375000
1862.0438              275.3524475097656250
1862.1260              275.8131408691406250
1862.2054              275.8099060058593750
1862.2904              275.1750793457031250
1862.3726              274.2888793945312500
1862.4575              273.3820800781250000
1862.5397              273.0124206542968750
1862.6246              273.2033386230468750
1862.7096              273.2902221679687500
1862.7917              273.2406005859375000
1862.8767              273.4018554687500000
1862.9589              274.2130432128906250
1863.0438              275.0125732421875000
1863.1260              275.5596923828125000
1863.2054              275.3951416015625000
1863.2904              274.7041320800781250
1863.3726              273.8330078125000000
1863.4575              272.8803405761718750
1863.5397              272.8018798828125000
1863.6246              273.2759704589843750
1863.7096              273.3702087402343750
1863.7917              273.2459106445312500
1863.8767              273.4632263183593750
1863.9589              274.2233886718750000
1864.0437              274.9397277832031250
1864.1257              275.4831848144531250
1864.2076              275.3871154785156250
1864.2924              274.6071777343750000
1864.3743              273.5148620605468750
1864.4590              272.9163818359375000
1864.5410              273.2265625000000000
1864.6257              273.4938354492187500
1864.7103              273.5766601562500000
1864.7924              273.5854187011718750
1864.8771              273.7703552246093750
1864.9590              274.5856018066406250
1865.0438              275.4097900390625000
1865.1260              275.6567382812500000
1865.2054              275.4348449707031250
1865.2904              274.6498718261718750
1865.3726              273.7332763671875000
1865.4575              273.0976562500000000
1865.5397              273.4743041992187500
1865.6246              273.5015869140625000
1865.7096              273.4996032714843750
1865.7917              273.5005187988281250
1865.8767              273.6552429199218750
1865.9589              274.3190612792968750
1866.0438              275.0095825195312500
1866.1260              275.3684997558593750
1866.2054              275.3444824218750000
1866.2904              274.6645507812500000
1866.3726              273.8660583496093750
1866.4575              273.1699218750000000
1866.5397              273.0743103027343750
1866.6246              273.4173278808593750
1866.7096              273.5176086425781250
1866.7917              273.5338745117187500
1866.8767              273.8237915039062500
1866.9589              274.6578063964843750
1867.0438              275.4002685546875000
1867.1260              275.7879333496093750
1867.2054              275.7242126464843750
1867.2904              274.8768005371093750
1867.3726              274.0101013183593750
1867.4575              273.3660583496093750
1867.5397              273.4284973144531250
1867.6246              273.4778137207031250
1867.7096              273.4779968261718750
1867.7917              273.5052490234375000
1867.8767              273.8067932128906250
1867.9589              274.5578918457031250
1868.0437              275.5032653808593750
1868.1257              276.0009460449218750
1868.2076              275.9093933105468750
1868.2924              275.2658386230468750
1868.3743              274.5040588378906250
1868.4590              273.6339721679687500
1868.5410              273.4020080566406250
1868.6257              273.3796081542968750
1868.7103              273.4526672363281250
1868.7924              273.5072326660156250
1868.8771              273.9930114746093750
1868.9590              274.8667907714843750
1869.0438              275.8055419921875000
1869.1260              276.2231750488281250
1869.2054              276.0509338378906250
1869.2904              275.2940673828125000
1869.3726              274.5946044921875000
1869.4575              273.8473205566406250
1869.5397              273.5376892089843750
1869.6246              273.3673400878906250
1869.7096              273.2720642089843750
1869.7917              273.3717041015625000
1869.8767              273.8992614746093750
1869.9589              274.7622680664062500
1870.0438              275.8260803222656250
1870.1260              276.3334655761718750
1870.2054              276.1361694335937500
1870.2904              275.4173583984375000
1870.3726              274.5233154296875000
1870.4575              273.7866516113281250
1870.5397              273.5463562011718750
1870.6246              273.4253540039062500
1870.7096              273.3373718261718750
1870.7917              273.3916931152343750
1870.8767              273.8474426269531250
1870.9589              274.6746826171875000
1871.0438              275.3913269042968750
1871.1260              275.8757629394531250
1871.2054              275.8969421386718750
1871.2904              275.1169128417968750
1871.3726              274.2593994140625000
1871.4575              273.6856384277343750
1871.5397              273.5105285644531250
1871.6246              273.3599243164062500
1871.7096              273.2881164550781250
1871.7917              273.4217834472656250
1871.8767              273.9931640625000000
1871.9589              275.0214538574218750
1872.0437              275.8880310058593750
1872.1257              276.2582397460937500
1872.2076              276.0554199218750000
1872.2924              275.4475097656250000
1872.3743              274.4600524902343750
1872.4590              273.6781616210937500
1872.5410              273.5066223144531250
1872.6257              273.3995666503906250
1872.7103              273.4458007812500000
1872.7924              273.5416870117187500
1872.8771              274.0136413574218750
1872.9590              274.9272155761718750
1873.0438              275.7349243164062500
1873.1260              276.2063598632812500
1873.2054              276.1158142089843750
1873.2904              275.4325866699218750
1873.3726              274.7830810546875000
1873.4575              274.0434570312500000
1873.5397              273.6579895019531250
1873.6246              273.5227050781250000
1873.7096              273.4154663085937500
1873.7917              273.5089721679687500
1873.8767              274.0300598144531250
1873.9589              274.9102172851562500
1874.0438              275.7652587890625000
1874.1260              276.2243652343750000
1874.2054              276.0682983398437500
1874.2904              275.2808532714843750
1874.3726              274.3616943359375000
1874.4575              273.6807861328125000
1874.5397              273.5580139160156250
1874.6246              273.3920288085937500
1874.7096              273.3744812011718750
1874.7917              273.4682312011718750
1874.8767              273.9718933105468750
1874.9589              274.8146667480468750
1875.0438              275.5244750976562500
1875.1260              275.8624572753906250
1875.2054              275.7833557128906250
1875.2904              275.0671386718750000
1875.3726              274.3852844238281250
1875.4575              273.5853271484375000
1875.5397              273.3812561035156250
1875.6246              273.3995666503906250
1875.7096              273.3392944335937500
1875.7917              273.4637145996093750
1875.8767              273.9508361816406250
1875.9589              274.9270935058593750
1876.0437              275.7257995605468750
1876.1257              276.1837463378906250
1876.2076              276.0280151367187500
1876.2924              275.3711547851562500
1876.3743              274.5328369140625000
1876.4590              273.7480773925781250
1876.5410              273.5218811035156250
1876.6257              273.3835449218750000
1876.7103              273.3410949707031250
1876.7924              273.4449768066406250
1876.8771              273.9354553222656250
1876.9590              274.7695922851562500
1877.0438              275.5655212402343750
1877.1260              275.8912963867187500
1877.2054              275.9879455566406250
1877.2904              275.2534179687500000
1877.3726              274.5086669921875000
1877.4575              273.7029418945312500
1877.5397              273.4906005859375000
1877.6246              273.3369140625000000
1877.7096              273.2369995117187500
1877.7917              273.3101806640625000
1877.8767              273.8141479492187500
1877.9589              274.6590576171875000
1878.0438              275.6738586425781250
1878.1260              276.1282043457031250
1878.2054              275.8033752441406250
1878.2904              275.0885925292968750
1878.3726              274.1797790527343750
1878.4575              273.6193847656250000
1878.5397              273.4407653808593750
1878.6246              273.3207092285156250
1878.7096              273.3609313964843750
1878.7917              273.4714965820312500
1878.8767              273.9679260253906250
1878.9589              274.8429565429687500
1879.0438              275.6922302246093750
1879.1260              275.9516906738281250
1879.2054              275.8780517578125000
1879.2904              275.2836303710937500
1879.3726              274.2690124511718750
1879.4575              273.5651245117187500
1879.5397              273.4165344238281250
1879.6246              273.3873291015625000
1879.7096              273.4306945800781250
1879.7917              273.4704284667968750
1879.8767              273.8577270507812500
1879.9589              274.6560668945312500
1880.0437              275.3430786132812500
1880.1257              275.7425537109375000
1880.2076              275.6487426757812500
1880.2924              274.8390502929687500
1880.3743              274.0436096191406250
1880.4590              273.4803771972656250
1880.5410              273.3815917968750000
1880.6257              273.3560485839843750
1880.7103              273.3698730468750000
1880.7924              273.4136352539062500
1880.8771              273.8104248046875000
1880.9590              274.6672058105468750
1881.0438              275.5693969726562500
1881.1260              276.1625366210937500
1881.2054              276.0692138671875000
1881.2904              275.0181274414062500
1881.3726              273.9317626953125000
1881.4575              273.5355529785156250
1881.5397              273.3818664550781250
1881.6246              273.3392944335937500
1881.7096              273.3696899414062500
1881.7917              273.4461059570312500
1881.8767              273.8255615234375000
1881.9589              274.6611328125000000
1882.0438              275.5093078613281250
1882.1260              275.9316711425781250
1882.2054              275.8187866210937500
1882.2904              275.2969970703125000
1882.3726              274.3988342285156250
1882.4575              273.5994262695312500
1882.5397              273.4295959472656250
1882.6246              273.2709960937500000
1882.7096              273.3040771484375000
1882.7917              273.3916931152343750
1882.8767              273.8385620117187500
1882.9589              274.7758483886718750
1883.0438              275.4330444335937500
1883.1260              275.8582458496093750
1883.2054              275.7810974121093750
1883.2904              275.1352233886718750
1883.3726              274.3775634765625000
1883.4575              273.6318054199218750
1883.5397              273.4589233398437500
1883.6246              273.3620300292968750
1883.7096              273.3997802734375000
1883.7917              273.4576721191406250
1883.8767              273.8108215332031250
1883.9589              274.6626586914062500
1884.0437              275.3894042968750000
1884.1257              275.9136047363281250
1884.2076              275.8393249511718750
1884.2924              275.0334167480468750
1884.3743              274.2539367675781250
1884.4590              273.6285095214843750
1884.5410              273.4065856933593750
1884.6257              273.3922729492187500
1884.7103              273.3961181640625000
1884.7924              273.4219665527343750
1884.8771              273.8079223632812500
1884.9590              274.5323791503906250
1885.0438              275.4453125000000000
1885.1260              275.8537292480468750
1885.2054              275.7682495117187500
1885.2904              275.1302490234375000
1885.3726              274.2295532226562500
1885.4575              273.4218444824218750
1885.5397              273.3051452636718750
1885.6246              273.3254699707031250
1885.7096              273.3042602539062500
1885.7917              273.3305969238281250
1885.8767              273.5989379882812500
1885.9589              274.5091857910156250
1886.0438              275.2866516113281250
1886.1260              275.5943298339843750
1886.2054              275.3147888183593750
1886.2904              274.5963134765625000
1886.3726              273.7861022949218750
1886.4575              272.9375305175781250
1886.5397              272.9864501953125000
1886.6246              273.2390747070312500
1886.7096              273.2436828613281250
1886.7917              273.2456665039062500
1886.8767              273.5852661132812500
1886.9589              274.3868713378906250
1887.0438              275.3499145507812500
1887.1260              275.7467651367187500
1887.2054              275.7551574707031250
1887.2904              275.0768127441406250
1887.3726              274.2239685058593750
1887.4575              273.4691467285156250
1887.5397              273.1857299804687500
1887.6246              273.2330322265625000
1887.7096              273.2267456054687500
1887.7917              273.2733459472656250
1887.8767              273.6782836914062500
1887.9589              274.5283203125000000
1888.0437              275.3631286621093750
1888.1257              275.9696350097656250
1888.2076              275.8826599121093750
1888.2924              275.4045715332031250
1888.3743              274.6430053710937500
1888.4590              273.8846740722656250
1888.5410              273.3634033203125000
1888.6257              273.2922668457031250
1888.7103              273.3039550781250000
1888.7924              273.3612976074218750
1888.8771              273.8214721679687500
1888.9590              274.6480102539062500
1889.0438              275.4281005859375000
1889.1260              275.9703979492187500
1889.2054              275.9611206054687500
1889.2904              275.1693725585937500
1889.3726              274.2238159179687500
1889.4575              273.6086120605468750
1889.5397              273.3780517578125000
1889.6246              273.3030090332031250
1889.7096              273.3263549804687500
1889.7917              273.3689575195312500
1889.8767              273.7210083007812500
1889.9589              274.6544799804687500
1890.0438              275.6056213378906250
1890.1260              275.8116149902343750
1890.2054              275.7648315429687500
1890.2904              275.1153869628906250
1890.3726              274.1734008789062500
1890.4575              273.5845031738281250
1890.5397              273.3973388671875000
1890.6246              273.3659667968750000
1890.7096              273.3874816894531250
1890.7917              273.4887390136718750
1890.8767              273.9528808593750000
1890.9589              274.7652893066406250
1891.0438              275.6572265625000000
1891.1260              276.1441955566406250
1891.2054              275.9886474609375000
1891.2904              275.4923095703125000
1891.3726              274.6143493652343750
1891.4575              273.6246643066406250
1891.5397              273.1825561523437500
1891.6246              273.3681945800781250
1891.7096              273.3984375000000000
1891.7917              273.4922790527343750
1891.8767              273.9569702148437500
1891.9589              274.9694213867187500
1892.0437              275.8201904296875000
1892.1257              276.1922912597656250
1892.2076              276.1071472167968750
1892.2924              275.3956909179687500
1892.3743              274.6986083984375000
1892.4590              273.9400939941406250
1892.5410              273.6426086425781250
1892.6257              273.4928894042968750
1892.7103              273.4517517089843750
1892.7924              273.5797424316406250
1892.8771              274.1961669921875000
1892.9590              275.1054687500000000
1893.0438              275.9330139160156250
1893.1260              276.2023620605468750
1893.2054              276.0173339843750000
1893.2904              275.3432006835937500
1893.3726              274.4526977539062500
1893.4575              273.7757263183593750
1893.5397              273.6335449218750000
1893.6246              273.4837341308593750
1893.7096              273.4441833496093750
1893.7917              273.5675659179687500
1893.8767              274.0801391601562500
1893.9589              274.9699401855468750
1894.0438              275.6448059082031250
1894.1260              275.8903198242187500
1894.2054              275.8504943847656250
1894.2904              275.1665954589843750
1894.3726              274.3984680175781250
1894.4575              273.7401123046875000
1894.5397              273.5826416015625000
1894.6246              273.4771423339843750
1894.7096              273.3744201660156250
1894.7917              273.4236755371093750
1894.8767              273.8937988281250000
1894.9589              274.6968078613281250
1895.0438              275.3227233886718750
1895.1260              275.8798522949218750
1895.2054              275.7405395507812500
1895.2904              275.0128173828125000
1895.3726              274.1597595214843750
1895.4575              273.5802001953125000
1895.5397              273.5018615722656250
1895.6246              273.3816223144531250
1895.7096              273.2325439453125000
1895.7917              273.2480773925781250
1895.8767              273.7491760253906250
1895.9589              274.7190551757812500
1896.0437              275.6007385253906250
1896.1257              275.8966064453125000
1896.2076              275.6491394042968750
1896.2924              274.9889221191406250
1896.3743              273.9779052734375000
1896.4590              273.4532775878906250
1896.5410              273.3900146484375000
1896.6257              273.3454895019531250
1896.7103              273.4079284667968750
1896.7924              273.4686584472656250
1896.8771              273.7229614257812500
1896.9590              274.5326843261718750
1897.0438              275.4208374023437500
1897.1260              275.5415954589843750
1897.2054              275.3106079101562500
1897.2904              274.5445556640625000
1897.3726              273.8119506835937500
1897.4575              273.1281433105468750
1897.5397              273.1683959960937500
1897.6246              273.0767822265625000
1897.7096              273.3092651367187500
1897.7917              273.2609863281250000
1897.8767              273.3546447753906250
1897.9589              273.8283386230468750
1898.0438              274.6054992675781250
1898.1260              274.8478088378906250
1898.2054              274.6791687011718750
1898.2904              274.3046875000000000
1898.3726              273.4142456054687500
1898.4575              272.2954406738281250
1898.5397              271.5646057128906250
1898.6246              271.3171081542968750
1898.7096              271.3107604980468750
1898.7917              271.2965698242187500
1898.8767              271.5668029785156250
1898.9589              272.5606384277343750
1899.0438              273.5590515136718750
1899.1260              274.1291198730468750
1899.2054              274.2757263183593750
1899.2904              273.5834655761718750
1899.3726              272.7133178710937500
1899.4575              271.6551818847656250
1899.5397              271.3856506347656250
1899.6246              271.2995300292968750
1899.7096              271.2988281250000000
1899.7917              271.2959899902343750
1899.8767              271.4338378906250000
1899.9589              272.3966369628906250
1900.0438              273.5057983398437500
1900.1260              274.1436157226562500
1900.2054              274.2579345703125000
1900.2904              273.5959167480468750
1900.3726              272.6423950195312500
1900.4575              271.6897277832031250
1900.5397              271.3101501464843750
1900.6246              271.3297729492187500
1900.7096              271.3078613281250000
1900.7917              271.3210449218750000
1900.8767              271.8069152832031250
1900.9589              272.9051818847656250
1901.0438              273.9049377441406250
1901.1260              274.4023742675781250
1901.2054              274.3817443847656250
1901.2904              273.7077026367187500
1901.3726              272.9081726074218750
1901.4575              271.8853149414062500
1901.5397              271.3264770507812500
1901.6246              271.3088989257812500
1901.7096              271.3205871582031250
1901.7917              271.3119506835937500
1901.8767              271.8242797851562500
1901.9589              272.8404235839843750
1902.0438              273.8014221191406250
1902.1260              274.3838195800781250
1902.2054              274.2633666992187500
1902.2904              273.7533569335937500
1902.3726              272.7634887695312500
1902.4575              271.8294982910156250
1902.5397              271.3458251953125000
1902.6246              271.3443298339843750
1902.7096              271.3110656738281250
1902.7917              271.3709716796875000
1902.8767              272.0260314941406250
1902.9589              273.2414245605468750
1903.0438              274.2628784179687500
1903.1260              274.8662414550781250
1903.2054              274.8851928710937500
1903.2904              274.1473083496093750
1903.3726              273.3353881835937500
1903.4575              272.6288146972656250
1903.5397              272.7082214355468750
1903.6246              272.4818420410156250
1903.7096              272.5155029296875000
1903.7917              272.5881042480468750
1903.8767              273.0757141113281250
1903.9589              274.1176757812500000
1904.0437              275.0613403320312500
1904.1257              275.5212402343750000
1904.2076              275.2929077148437500
1904.2924              274.5273742675781250
1904.3743              273.6403503417968750
1904.4590              272.9968872070312500
1904.5410              273.3195495605468750
1904.6257              273.4709472656250000
1904.7103              273.4544372558593750
1904.7924              273.5026245117187500
1904.8771              273.8776855468750000
1904.9590              274.7756347656250000
1905.0438              275.6265563964843750
1905.1260              276.1141052246093750
1905.2054              275.9343261718750000
1905.2904              275.1130065917968750
1905.3726              274.2297668457031250
1905.4575              273.4679260253906250
1905.5397              273.4576416015625000
1905.6246              273.4635620117187500
1905.7096              273.4574584960937500
1905.7917              273.4859008789062500
1905.8767              273.9001159667968750
1905.9589              274.5860595703125000
1906.0438              275.3784790039062500
1906.1260              275.9784240722656250
1906.2054              275.9164428710937500
1906.2904              275.2684631347656250
1906.3726              274.1590881347656250
1906.4575              273.5558776855468750
1906.5397              273.4492187500000000
1906.6246              273.4793395996093750
1906.7096              273.4737243652343750
1906.7917              273.5065917968750000
1906.8767              273.8097534179687500
1906.9589              274.7220153808593750
1907.0438              275.7392272949218750
1907.1260              276.1903686523437500
1907.2054              276.2061767578125000
1907.2904              275.6440124511718750
1907.3726              274.6869201660156250
1907.4575              273.8431701660156250
1907.5397              273.5169067382812500
1907.6246              273.4043273925781250
1907.7096              273.4678649902343750
1907.7917              273.5102539062500000
1907.8767              273.9277343750000000
1907.9589              274.7353820800781250
1908.0437              275.6090393066406250
1908.1257              276.2170715332031250
1908.2076              276.3616943359375000
1908.2924              275.6752929687500000
1908.3743              274.9026184082031250
1908.4590              273.9335021972656250
1908.5410              273.4754333496093750
1908.6257              273.3552246093750000
1908.7103              273.3541870117187500
1908.7924              273.4833374023437500
1908.8771              273.9602661132812500
1908.9590              274.9351501464843750
1909.0438              275.8151550292968750
1909.1260              276.3397827148437500
1909.2054              276.1265563964843750
1909.2904              275.1552734375000000
1909.3726              274.2950744628906250
1909.4575              273.6596984863281250
1909.5397              273.4635314941406250
1909.6246              273.3391113281250000
1909.7096              273.4203491210937500
1909.7917              273.4773254394531250
1909.8767              273.8767089843750000
1909.9589              274.7339172363281250
1910.0438              275.5009765625000000
1910.1260              275.9177246093750000
1910.2054              275.8033142089843750
1910.2904              275.0455932617187500
1910.3726              274.2008361816406250
1910.4575              273.6326599121093750
1910.5397              273.4117736816406250
1910.6246              273.3804016113281250
1910.7096              273.4181823730468750
1910.7917              273.4590759277343750
1910.8767              273.7414550781250000
1910.9589              274.6084899902343750
1911.0438              275.5918579101562500
1911.1260              275.7526550292968750
1911.2054              275.6441650390625000
1911.2904              274.9432067871093750
1911.3726              273.8665771484375000
1911.4575              273.2648620605468750
1911.5397              273.1964721679687500
1911.6246              273.3545227050781250
1911.7096              273.3981933593750000
1911.7917              273.3601074218750000
1911.8767              273.5997314453125000
1911.9589              274.2654113769531250
1912.0437              275.0216369628906250
1912.1257              275.5274353027343750
1912.2076              275.4415283203125000
1912.2924              274.6004943847656250
1912.3743              273.5094299316406250
1912.4590              272.7506713867187500
1912.5410              272.4557800292968750
1912.6257              272.9795837402343750
1912.7103              273.3111877441406250
1912.7924              273.3187866210937500
1912.8771              273.6287841796875000
1912.9590              274.4599914550781250
1913.0438              275.2152709960937500
1913.1260              275.7487792968750000
1913.2054              275.7709045410156250
1913.2904              274.9777526855468750
1913.3726              274.0448303222656250
1913.4575              273.1532287597656250
1913.5397              273.3583374023437500
1913.6246              273.3817749023437500
1913.7096              273.3793945312500000
1913.7917              273.4259643554687500
1913.8767              273.7747192382812500
1913.9589              274.5874938964843750
1914.0438              275.4052734375000000
1914.1260              275.8692626953125000
1914.2054              275.7754211425781250
1914.2904              274.8801269531250000
1914.3726              273.8294067382812500
1914.4575              273.2000427246093750
1914.5397              273.2849731445312500
1914.6246              273.4020080566406250
1914.7096              273.4018554687500000
1914.7917              273.4271240234375000
1914.8767              273.6491394042968750
1914.9589              274.3805236816406250
1915.0438              275.0280151367187500
1915.1260              275.3359680175781250
1915.2054              275.2964782714843750
1915.2904              274.4679870605468750
1915.3726              273.4638366699218750
1915.4575              272.8936462402343750
1915.5397              273.1905212402343750
1915.6246              273.2607421875000000
1915.7096              273.3209838867187500
1915.7917              273.2883300781250000
1915.8767              273.3690795898437500
1915.9589              274.0300598144531250
1916.0437              274.8407592773437500
1916.1257              275.2061462402343750
1916.2076              275.2030944824218750
1916.2924              274.4725036621093750
1916.3743              273.5903930664062500
1916.4590              272.6629943847656250
1916.5410              272.1614074707031250
1916.6257              272.6520690917968750
1916.7103              272.7431030273437500
1916.7924              272.9114074707031250
1916.8771              273.2408142089843750
1916.9590              274.1268920898437500
1917.0438              274.8907165527343750
1917.1260              275.2723999023437500
1917.2054              275.1733703613281250
1917.2904              274.4436340332031250
1917.3726              273.6309509277343750
1917.4575              272.7775268554687500
1917.5397              272.8668518066406250
1917.6246              273.0899047851562500
1917.7096              273.1766357421875000
1917.7917              273.1051025390625000
1917.8767              273.3912353515625000
1917.9589              274.1638793945312500
1918.0438              275.0559692382812500
1918.1260              275.5176696777343750
1918.2054              275.3350524902343750
1918.2904              274.6782226562500000
1918.3726              273.7931213378906250
1918.4575              272.9613037109375000
1918.5397              273.2204589843750000
1918.6246              273.2937622070312500
1918.7096              273.2948913574218750
1918.7917              273.2597045898437500
1918.8767              273.5536193847656250
1918.9589              274.3755798339843750
1919.0438              275.1687316894531250
1919.1260              275.4844055175781250
1919.2054              275.4618225097656250
1919.2904              274.8094177246093750
1919.3726              273.9216613769531250
1919.4575              273.1715393066406250
1919.5397              273.4006652832031250
1919.6246              273.4867858886718750
1919.7096              273.5256652832031250
1919.7917              273.5255432128906250
1919.8767              273.7409973144531250
1919.9589              274.5239562988281250
1920.0437              275.1538391113281250
1920.1257              275.4503173828125000
1920.2076              275.5004272460937500
1920.2924              274.9428710937500000
1920.3743              273.9902343750000000
1920.4590              273.0399780273437500
1920.5410              273.1993103027343750
1920.6257              273.3992919921875000
1920.7103              273.4786987304687500
1920.7924              273.4934997558593750
1920.8771              273.7806701660156250
1920.9590              274.6701049804687500
1921.0438              275.4031677246093750
1921.1260              275.7370300292968750
1921.2054              275.6558227539062500
1921.2904              274.9925842285156250
1921.3726              274.0571594238281250
1921.4575              273.1612243652343750
1921.5397              272.9605407714843750
1921.6246              273.4317626953125000
1921.7096              273.5156555175781250
1921.7917              273.5320434570312500
1921.8767              273.7940979003906250
1921.9589              274.7073364257812500
1922.0438              275.4974060058593750
1922.1260              275.8137512207031250
1922.2054              275.7023620605468750
1922.2904              274.9786071777343750
1922.3726              273.9562683105468750
1922.4575              273.3100280761718750
1922.5397              273.4544372558593750
1922.6246              273.4877014160156250
1922.7096              273.5144348144531250
1922.7917              273.5462951660156250
1922.8767              273.8518371582031250
1922.9589              274.8309020996093750
1923.0438              275.7178649902343750
1923.1260              276.1778259277343750
1923.2054              276.1252136230468750
1923.2904              275.3248596191406250
1923.3726              274.4140625000000000
1923.4575              273.6426391601562500
1923.5397              273.2128906250000000
1923.6246              273.3191528320312500
1923.7096              273.4466247558593750
1923.7917              273.4599914550781250
1923.8767              273.8884887695312500
1923.9589              274.7597961425781250
1924.0437              275.6421508789062500
1924.1257              276.1648864746093750
1924.2076              275.9616394042968750
1924.2924              275.3552856445312500
1924.3743              274.6130676269531250
1924.4590              273.8962097167968750
1924.5410              273.3347473144531250
1924.6257              273.2641296386718750
1924.7103              273.1707763671875000
1924.7924              273.3449707031250000
1924.8771              273.7221374511718750
1924.9590              274.5197143554687500
1925.0438              275.2928466796875000
1925.1260              275.7149353027343750
1925.2054              275.5698547363281250
1925.2904              274.9332885742187500
1925.3726              274.0608825683593750
1925.4575              273.1188354492187500
1925.5397              272.5809326171875000
1925.6246              273.1387023925781250
1925.7096              273.1774902343750000
1925.7917              273.0822448730468750
1925.8767              272.9715576171875000
1925.9589              273.5174865722656250
1926.0438              274.3041992187500000
1926.1260              274.8372497558593750
1926.2054              274.8914489746093750
1926.2904              274.3196411132812500
1926.3726              273.4265747070312500
1926.4575              272.4402160644531250
1926.5397              271.8529052734375000
1926.6246              271.3282165527343750
1926.7096              271.6502380371093750
1926.7917              271.6170349121093750
1926.8767              271.8483276367187500
1926.9589              272.8885498046875000
1927.0438              273.8497619628906250
1927.1260              274.4948425292968750
1927.2054              274.5334777832031250
1927.2904              273.8145446777343750
1927.3726              273.1127319335937500
1927.4575              272.2778625488281250
1927.5397              272.1149902343750000
1927.6246              271.6934814453125000
1927.7096              271.5732421875000000
1927.7917              272.6683044433593750
1927.8767              273.1688232421875000
1927.9589              273.8942260742187500
1928.0437              274.7455139160156250
1928.1257              275.1907348632812500
1928.2076              275.1215209960937500
1928.2924              274.5571594238281250
1928.3743              273.7110900878906250
1928.4590              272.8634338378906250
1928.5410              272.9263000488281250
1928.6257              273.3345031738281250
1928.7103              273.2608032226562500
1928.7924              273.3295288085937500
1928.8771              273.8149719238281250
1928.9590              274.7561645507812500
1929.0438              275.6302795410156250
1929.1260              276.2051086425781250
1929.2054              276.0750427246093750
1929.2904              275.2858276367187500
1929.3726              274.3487854003906250
1929.4575              273.5001220703125000
1929.5397              273.3634338378906250
1929.6246              273.4223022460937500
1929.7096              273.4502868652343750
1929.7917              273.5065612792968750
1929.8767              273.7795410156250000
1929.9589              274.5909423828125000
1930.0438              275.3957824707031250
1930.1260              275.8465270996093750
1930.2054              275.8028564453125000
1930.2904              275.0451660156250000
1930.3726              274.0043640136718750
1930.4575              273.2329711914062500
1930.5397              273.2300720214843750
1930.6246              273.3151855468750000
1930.7096              273.3777160644531250
1930.7917              273.3032836914062500
1930.8767              273.4637451171875000
1930.9589              274.0291442871093750
1931.0438              274.7133789062500000
1931.1260              275.1011657714843750
1931.2054              275.0794372558593750
1931.2904              274.2315063476562500
1931.3726              273.1416931152343750
1931.4575              272.3435058593750000
1931.5397              271.9383544921875000
1931.6246              271.9575500488281250
1931.7096              272.4010925292968750
1931.7917              272.7169799804687500
1931.8767              273.3309020996093750
1931.9589              274.4239196777343750
1932.0437              275.2631835937500000
1932.1257              275.5850219726562500
1932.2076              275.5350646972656250
1932.2924              274.8993835449218750
1932.3743              274.2502746582031250
1932.4590              273.3613281250000000
1932.5410              272.8290405273437500
1932.6257              273.1804199218750000
1932.7103              273.2300415039062500
1932.7924              273.3238830566406250
1932.8771              273.8572998046875000
1932.9590              274.6813659667968750
1933.0438              275.4472656250000000
1933.1260              275.9373779296875000
1933.2054              275.8480224609375000
1933.2904              275.1805114746093750
1933.3726              274.2732849121093750
1933.4575              273.5394592285156250
1933.5397              273.3471984863281250
1933.6246              273.3920898437500000
1933.7096              273.4020690917968750
1933.7917              273.4402160644531250
1933.8767              273.8541564941406250
1933.9589              274.7039489746093750
1934.0438              275.4506835937500000
1934.1260              276.0606689453125000
1934.2054              276.0413208007812500
1934.2904              275.2421875000000000
1934.3726              274.4359741210937500
1934.4575              273.6346435546875000
1934.5397              273.4140625000000000
1934.6246              273.3268127441406250
1934.7096              273.4179382324218750
1934.7917              273.4494018554687500
1934.8767              273.8765869140625000
1934.9589              274.7456054687500000
1935.0438              275.5281982421875000
1935.1260              276.0922241210937500
1935.2054              276.0057678222656250
1935.2904              275.2032165527343750
1935.3726              274.3634338378906250
1935.4575              273.7028503417968750
1935.5397              273.5413208007812500
1935.6246              273.4023132324218750
1935.7096              273.3013610839843750
1935.7917              273.4083557128906250
1935.8767              273.8952636718750000
1935.9589              274.7568359375000000
1936.0437              275.4968261718750000
1936.1257              275.9269714355468750
1936.2076              275.8568115234375000
1936.2924              275.2568054199218750
1936.3743              274.5030517578125000
1936.4590              273.7748107910156250
1936.5410              273.4075317382812500
1936.6257              273.4342041015625000
1936.7103              273.3269042968750000
1936.7924              273.4143066406250000
1936.8771              273.8881835937500000
1936.9590              274.8208923339843750
1937.0438              275.7277221679687500
1937.1260              276.0303955078125000
1937.2054              275.9969787597656250
1937.2904              275.2479858398437500
1937.3726              274.2502746582031250
1937.4575              273.6611633300781250
1937.5397              273.5357360839843750
1937.6246              273.3676452636718750
1937.7096              273.3287658691406250
1937.7917              273.4057617187500000
1937.8767              273.9087524414062500
1937.9589              274.7244873046875000
1938.0438              275.6348876953125000
1938.1260              275.8497619628906250
1938.2054              275.8736877441406250
1938.2904              275.1947326660156250
1938.3726              274.3187866210937500
1938.4575              273.5781555175781250
1938.5397              273.4932861328125000
1938.6246              273.3867187500000000
1938.7096              273.2896423339843750
1938.7917              273.3392639160156250
1938.8767              273.7968139648437500
1938.9589              274.7801818847656250
1939.0438              275.5467224121093750
1939.1260              275.9179077148437500
1939.2054              275.8893432617187500
1939.2904              275.1976623535156250
1939.3726              274.4020080566406250
1939.4575              273.7471923828125000
1939.5397              273.3670654296875000
1939.6246              273.1742858886718750
1939.7096              273.2732849121093750
1939.7917              273.2881469726562500
1939.8767              273.5744323730468750
1939.9589              274.3241882324218750
1940.0437              275.0933227539062500
1940.1257              275.5707702636718750
1940.2076              275.5631408691406250
1940.2924              274.9611206054687500
1940.3743              274.1739807128906250
1940.4590              273.3227844238281250
1940.5410              272.7714233398437500
1940.6257              272.9273376464843750
1940.7103              273.2005920410156250
1940.7924              273.3071289062500000
1940.8771              273.3342895507812500
1940.9590              273.7989501953125000
1941.0438              274.3612670898437500
1941.1260              274.6339721679687500
1941.2054              274.7277832031250000
1941.2904              274.0185241699218750
1941.3726              273.1231079101562500
1941.4575              272.1563110351562500
1941.5397              271.3865051269531250
1941.6246              271.3197631835937500
1941.7096              271.3387145996093750
1941.7917              271.3089294433593750
1941.8767              271.8193054199218750
1941.9589              272.7503967285156250
1942.0438              273.6241760253906250
1942.1260              274.1974182128906250
1942.2054              274.3301696777343750
1942.2904              273.4414672851562500
1942.3726              272.6511535644531250
1942.4575              271.7380676269531250
1942.5397              271.3388977050781250
1942.6246              271.3022460937500000
1942.7096              271.2909545898437500
1942.7917              271.2908020019531250
1942.8767              271.3287963867187500
1942.9589              272.1591796875000000
1943.0438              273.2303466796875000
1943.1260              273.8231811523437500
1943.2054              273.8500061035156250
1943.2904              273.2196655273437500
1943.3726              272.3576354980468750
1943.4575              271.5311889648437500
1943.5397              271.2994689941406250
1943.6246              271.2976684570312500
1943.7096              271.2949218750000000
1943.7917              271.2944335937500000
1943.8767              271.2961425781250000
1943.9589              271.8266906738281250
1944.0437              272.9350280761718750
1944.1257              273.6699218750000000
1944.2076              273.7462158203125000
1944.2924              272.9619750976562500
1944.3743              272.2398681640625000
1944.4590              271.5735168457031250
1944.5410              271.3435363769531250
1944.6257              271.2940063476562500
1944.7103              271.3073120117187500
1944.7924              271.3607482910156250
1944.8771              271.9120178222656250
1944.9590              272.9362182617187500
1945.0438              273.8652954101562500
1945.1260              274.6099548339843750
1945.2054              274.7109680175781250
1945.2904              274.1010742187500000
1945.3726              273.2474670410156250
1945.4575              272.4367675781250000
1945.5397              271.6344909667968750
1945.6246              271.3005676269531250
1945.7096              271.3030395507812500
1945.7917              271.4671325683593750
1945.8767              272.1690979003906250
1945.9589              273.3458862304687500
1946.0438              274.4540100097656250
1946.1260              274.7775573730468750
1946.2054              274.8249511718750000
1946.2904              274.2515869140625000
1946.3726              273.2518615722656250
1946.4575              273.0214843750000000
1946.5397              273.1592102050781250
1946.6246              273.2386169433593750
1946.7096              273.3224792480468750
1946.7917              273.3937072753906250
1946.8767              273.6965332031250000
1946.9589              274.4859619140625000
1947.0438              275.3134765625000000
1947.1260              275.7456054687500000
1947.2054              275.6431274414062500
1947.2904              274.9375610351562500
1947.3726              274.0539245605468750
1947.4575              273.4750671386718750
1947.5397              273.3364562988281250
1947.6246              273.3715209960937500
1947.7096              273.3652038574218750
1947.7917              273.4068298339843750
1947.8767              273.7839965820312500
1947.9589              274.6424865722656250
1948.0437              275.4907226562500000
1948.1257              275.9413452148437500
1948.2076              275.7429199218750000
1948.2924              275.2127990722656250
1948.3743              274.1213073730468750
1948.4590              273.5696105957031250
1948.5410              273.4210510253906250
1948.6257              273.4062805175781250
1948.7103              273.4189758300781250
1948.7924              273.4575195312500000
1948.8771              273.8016662597656250
1948.9590              274.6299133300781250
1949.0438              275.4449768066406250
1949.1260              275.7977905273437500
1949.2054              275.6184692382812500
1949.2904              274.7441406250000000
1949.3726              273.7653198242187500
1949.4575              272.9005126953125000
1949.5397              272.1645812988281250
1949.6246              271.3612976074218750
1949.7096              271.3460388183593750
1949.7917              271.4640502929687500
1949.8767              272.1216735839843750
1949.9589              273.1166992187500000
1950.0438              274.0852661132812500
1950.1260              274.5591735839843750
1950.2054              274.6509704589843750
1950.2904              274.0548095703125000
1950.3726              273.3386840820312500
1950.4575              272.2476501464843750
1950.5397              271.7318420410156250
1950.6246              271.3952941894531250
1950.7096              271.5499877929687500
1950.7917              272.3696289062500000
1950.8767              272.8356628417968750
1950.9589              273.7891235351562500
1951.0438              274.5847167968750000
1951.1260              274.8750610351562500
1951.2054              274.9268188476562500
1951.2904              274.1482238769531250
1951.3726              273.3069458007812500
1951.4575              272.4043273925781250
1951.5397              272.3899230957031250
1951.6246              272.9195861816406250
1951.7096              273.3061523437500000
1951.7917              273.3176574707031250
1951.8767              273.6069641113281250
1951.9589              274.5419616699218750
1952.0437              275.3051757812500000
1952.1257              275.6807861328125000
1952.2076              275.5260620117187500
1952.2924              274.8260803222656250
1952.3743              274.0077209472656250
1952.4590              273.2286376953125000
1952.5410              273.1954650878906250
1952.6257              273.3747253417968750
1952.7103              273.3823547363281250
1952.7924              273.4646606445312500
1952.8771              273.8775634765625000
1952.9590              274.7269287109375000
1953.0438              275.5674743652343750
1953.1260              275.8698730468750000
1953.2054              275.6520690917968750
1953.2904              274.9809265136718750
1953.3726              274.0777587890625000
1953.4575              273.3143005371093750
1953.5397              273.2024536132812500
1953.6246              273.4417114257812500
1953.7096              273.4493103027343750
1953.7917              273.4812927246093750
1953.8767              273.6740112304687500
1953.9589              274.4032592773437500
1954.0438              275.2471923828125000
1954.1260              275.5662231445312500
1954.2054              275.4442443847656250
1954.2904              274.6899108886718750
1954.3726              273.9431152343750000
1954.4575              273.2830810546875000
1954.5397              273.3460388183593750
1954.6246              273.4845581054687500
1954.7096              273.4984741210937500
1954.7917              273.5295715332031250
1954.8767              273.8250427246093750
1954.9589              274.7619628906250000
1955.0438              275.6383361816406250
1955.1260              275.9793090820312500
1955.2054              275.9193420410156250
1955.2904              275.2443542480468750
1955.3726              274.2605895996093750
1955.4575              273.3244934082031250
1955.5397              273.3814392089843750
1955.6246              273.4366149902343750
1955.7096              273.4214477539062500
1955.7917              273.4757995605468750
1955.8767              273.9629211425781250
1955.9589              274.8794555664062500
1956.0437              275.6769714355468750
1956.1257              276.0361633300781250
1956.2076              275.8385009765625000
1956.2924              275.1288757324218750
1956.3743              274.3403320312500000
1956.4590              273.4830322265625000
1956.5410              273.2241210937500000
1956.6257              273.3809509277343750
1956.7103              273.4259338378906250
1956.7924              273.4820251464843750
1956.8771              273.7976989746093750
1956.9590              274.6139831542968750
1957.0438              275.4541931152343750
1957.1260              275.9121704101562500
1957.2054              275.9226684570312500
1957.2904              275.1276855468750000
1957.3726              274.4162597656250000
1957.4575              273.7618103027343750
1957.5397              273.4898681640625000
1957.6246              273.3273010253906250
1957.7096              273.3873901367187500
1957.7917              273.5031738281250000
1957.8767              273.9868774414062500
1957.9589              274.8007812500000000
1958.0438              275.6430053710937500
1958.1260              275.7880859375000000
1958.2054              275.8219604492187500
1958.2904              275.0939331054687500
1958.3726              274.0092163085937500
1958.4575              273.5294799804687500
1958.5397              273.4111022949218750
1958.6246              273.3228759765625000
1958.7096              273.3456115722656250
1958.7917              273.4838562011718750
1958.8767              274.0075073242187500
1958.9589              275.0327148437500000
1959.0438              275.8649902343750000
1959.1260              276.2457275390625000
1959.2054              276.2388916015625000
1959.2904              275.5130310058593750
1959.3726              274.6934509277343750
1959.4575              273.8705749511718750
1959.5397              273.6413879394531250
1959.6246              273.5054016113281250
1959.7096              273.3887939453125000
1959.7917              273.4322509765625000
1959.8767              273.8602294921875000
1959.9589              274.7564697265625000
1960.0437              275.5089111328125000
1960.1257              275.9472656250000000
1960.2076              275.8830566406250000
1960.2924              275.2974853515625000
1960.3743              274.5054321289062500
1960.4590              273.7758789062500000
1960.5410              273.5944519042968750
1960.6257              273.4195556640625000
1960.7103              273.3332519531250000
1960.7924              273.3746337890625000
1960.8771              273.8273925781250000
1960.9590              274.6914062500000000
1961.0438              275.5368347167968750
1961.1260              275.9530029296875000
1961.2054              275.9399719238281250
1961.2904              275.1552429199218750
1961.3726              274.2272338867187500
1961.4575              273.6553955078125000
1961.5397              273.5087585449218750
1961.6246              273.3153381347656250
1961.7096              273.2484741210937500
1961.7917              273.3365478515625000
1961.8767              273.8359680175781250
1961.9589              274.6268005371093750
1962.0438              275.4546203613281250
1962.1260              275.7472534179687500
1962.2054              275.6577758789062500
1962.2904              274.8346557617187500
1962.3726              274.0296020507812500
1962.4575              273.4278259277343750
1962.5397              273.3800048828125000
1962.6246              273.4210510253906250
1962.7096              273.4518432617187500
1962.7917              273.4874267578125000
1962.8767              273.7151184082031250
1962.9589              274.4165344238281250
1963.0438              274.9711608886718750
1963.1260              275.0928649902343750
1963.2054              274.8880920410156250
1963.2904              274.2292785644531250
1963.3726              273.3259887695312500
1963.4575              272.2283020019531250
1963.5397              271.3730468750000000
1963.6246              271.3236694335937500
1963.7096              271.3182678222656250
1963.7917              271.2947692871093750
1963.8767              271.4854125976562500
1963.9589              272.4774780273437500
1964.0437              273.5109863281250000
1964.1257              274.2596435546875000
1964.2076              274.2097473144531250
1964.2924              273.7192382812500000
1964.3743              272.7515563964843750
1964.4590              271.5546264648437500
1964.5410              271.3036499023437500
1964.6257              271.3025207519531250
1964.7103              271.3053588867187500
1964.7924              271.5832519531250000
1964.8771              272.0316467285156250
1964.9590              272.9867248535156250
1965.0438              273.9683227539062500
1965.1260              274.4973144531250000
1965.2054              274.5979614257812500
1965.2904              274.0309448242187500
1965.3726              273.3926086425781250
1965.4575              272.2274475097656250
1965.5397              271.4629821777343750
1965.6246              272.3789062500000000
1965.7096              272.7434997558593750
1965.7917              272.9480895996093750
1965.8767              273.3438720703125000
1965.9589              274.1932983398437500
1966.0438              274.9172363281250000
1966.1260              275.3240966796875000
1966.2054              275.1845092773437500
1966.2904              274.3096923828125000
1966.3726              273.3385009765625000
1966.4575              273.1442871093750000
1966.5397              273.0578308105468750
1966.6246              272.9796142578125000
1966.7096              273.0476989746093750
1966.7917              273.1703186035156250
1966.8767              273.6479797363281250
1966.9589              274.4387207031250000
1967.0438              275.3121032714843750
1967.1260              275.7216186523437500
1967.2054              275.6295776367187500
1967.2904              275.0968017578125000
1967.3726              274.2343139648437500
1967.4575              273.5835571289062500
1967.5397              273.2874450683593750
1967.6246              273.1400756835937500
1967.7096              273.1018981933593750
1967.7917              273.2657775878906250
1967.8767              273.7754516601562500
1967.9589              274.6293640136718750
1968.0437              275.4804687500000000
1968.1257              275.9008789062500000
1968.2076              275.8200683593750000
1968.2924              275.0860595703125000
1968.3743              273.9965820312500000
1968.4590              273.4139099121093750
1968.5410              273.2976379394531250
1968.6257              273.3156433105468750
1968.7103              273.3333740234375000
1968.7924              273.3591613769531250
1968.8771              273.7022094726562500
1968.9590              274.6310729980468750
1969.0438              275.6422424316406250
1969.1260              276.0252075195312500
1969.2054              275.8738098144531250
1969.2904              275.2220458984375000
1969.3726              274.4174499511718750
1969.4575              273.4245300292968750
1969.5397              273.2161865234375000
1969.6246              273.3359680175781250
1969.7096              273.3449401855468750
1969.7917              273.3990783691406250
1969.8767              273.7575683593750000
1969.9589              274.5845031738281250
1970.0438              275.4306030273437500
1970.1260              275.8789062500000000
1970.2054              275.8141479492187500
1970.2904              275.0199890136718750
1970.3726              274.0783081054687500
1970.4575              272.9615783691406250
1970.5397              272.8455810546875000
1970.6246              272.7344665527343750
1970.7096              272.5954284667968750
1970.7917              272.5563659667968750
1970.8767              272.7270507812500000
1970.9589              273.5995178222656250
1971.0438              274.4174804687500000
1971.1260              274.9508056640625000
1971.2054              274.9211730957031250
1971.2904              274.2874145507812500
1971.3726              273.3262634277343750
1971.4575              272.3674621582031250
1971.5397              271.6795654296875000
1971.6246              271.4969482421875000
1971.7096              271.7336120605468750
1971.7917              271.8556213378906250
1971.8767              272.2407531738281250
1971.9589              273.2164916992187500
1972.0437              274.1749572753906250
1972.1257              274.6202697753906250
1972.2076              274.5399169921875000
1972.2924              274.0075073242187500
1972.3743              273.1492309570312500
1972.4590              272.0541076660156250
1972.5410              271.5606079101562500
1972.6257              271.5791015625000000
1972.7103              271.7826232910156250
1972.7924              272.0533142089843750
1972.8771              272.3447875976562500
1972.9590              273.3440551757812500
1973.0438              274.3988952636718750
1973.1260              274.9714965820312500
1973.2054              274.9546203613281250
1973.2904              274.1574096679687500
1973.3726              273.3456726074218750
1973.4575              272.3574829101562500
1973.5397              271.9773254394531250
1973.6246              272.7261352539062500
1973.7096              272.8300781250000000
1973.7917              272.9343872070312500
1973.8767              273.2323608398437500
1973.9589              274.1440124511718750
1974.0438              274.9406127929687500
1974.1260              275.3473205566406250
1974.2054              275.2838134765625000
1974.2904              274.6513671875000000
1974.3726              273.9599609375000000
1974.4575              273.2627563476562500
1974.5397              273.2330322265625000
1974.6246              273.5414733886718750
1974.7096              273.5945434570312500
1974.7917              273.6232910156250000
1974.8767              273.9056091308593750
1974.9589              274.7341613769531250
1975.0438              275.5561523437500000
1975.1260              275.7419128417968750
1975.2054              275.7150878906250000
1975.2904              274.8989868164062500
1975.3726              273.9602050781250000
1975.4575              273.4257507324218750
1975.5397              273.5397033691406250
1975.6246              273.6117553710937500
1975.7096              273.5987854003906250
1975.7917              273.6187438964843750
1975.8767              273.9902648925781250
1975.9589              274.9284057617187500
1976.0437              275.8210144042968750
1976.1257              276.0330810546875000
1976.2076              276.0312500000000000
1976.2924              275.4063415527343750
1976.3743              274.4381713867187500
1976.4590              273.5590820312500000
1976.5410              273.3398132324218750
1976.6257              273.5426330566406250
1976.7103              273.5572814941406250
1976.7924              273.5734558105468750
1976.8771              273.8919982910156250
1976.9590              274.8231201171875000
1977.0438              275.6641235351562500
1977.1260              276.1076965332031250
1977.2054              275.9690246582031250
1977.2904              275.3432922363281250
1977.3726              274.4790344238281250
1977.4575              273.6987915039062500
1977.5397              273.4639282226562500
1977.6246              273.3691711425781250
1977.7096              273.4172973632812500
1977.7917              273.5166015625000000
1977.8767              273.8858947753906250
1977.9589              274.8058471679687500
1978.0438              275.6535949707031250
1978.1260              276.0588378906250000
1978.2054              276.0237121582031250
1978.2904              275.4078979492187500
1978.3726              274.5309143066406250
1978.4575              273.7491760253906250
1978.5397              273.4772338867187500
1978.6246              273.3637084960937500
1978.7096              273.4650878906250000
1978.7917              273.5372314453125000
1978.8767              274.0000000000000000
1978.9589              274.8500061035156250
1979.0438              275.7590026855468750
1979.1260              276.1587524414062500
1979.2054              276.0540466308593750
1979.2904              275.4526977539062500
1979.3726              274.5209045410156250
1979.4575              273.6641540527343750
1979.5397              273.4606933593750000
1979.6246              273.3520812988281250
1979.7096              273.4367980957031250
1979.7917              273.5482482910156250
1979.8767              274.1100463867187500
1979.9589              275.0478210449218750
1980.0437              276.0541076660156250
1980.1257              276.4856872558593750
1980.2076              276.2788391113281250
1980.2924              275.5812072753906250
1980.3743              274.7377014160156250
1980.4590              273.9085998535156250
1980.5410              273.5436706542968750
1980.6257              273.3580932617187500
1980.7103              273.3791198730468750
1980.7924              273.4722900390625000
1980.8771              273.8630981445312500
1980.9590              274.7956237792968750
1981.0438              275.8267822265625000
1981.1260              276.3554077148437500
1981.2054              276.2808532714843750
1981.2904              275.5473632812500000
1981.3726              274.8104248046875000
1981.4575              273.8835144042968750
1981.5397              273.3167114257812500
1981.6246              273.2636413574218750
1981.7096              273.3974304199218750
1981.7917              273.4846191406250000
1981.8767              273.9671020507812500
1981.9589              274.7652587890625000
1982.0438              275.4808959960937500
1982.1260              275.9541625976562500
1982.2054              275.8529052734375000
1982.2904              275.1013793945312500
1982.3726              274.5071411132812500
1982.4575              273.7252807617187500
1982.5397              273.4362792968750000
1982.6246              273.3853149414062500
1982.7096              273.4668884277343750
1982.7917              273.5095520019531250
1982.8767              273.9146118164062500
1982.9589              274.6460571289062500
1983.0438              275.4580383300781250
1983.1260              276.0556335449218750
1983.2054              275.9390258789062500
1983.2904              275.2015991210937500
1983.3726              274.4204101562500000
1983.4575              273.7102050781250000
1983.5397              273.4971618652343750
1983.6246              273.3311157226562500
1983.7096              273.3452148437500000
1983.7917              273.4184875488281250
1983.8767              273.7789916992187500
1983.9589              274.6603088378906250
1984.0437              275.4251708984375000
1984.1257              275.9712829589843750
1984.2076              275.8670654296875000
1984.2924              275.1557312011718750
1984.3743              274.1672058105468750
1984.4590              273.2125549316406250
1984.5410              273.1090698242187500
1984.6257              273.2394714355468750
1984.7103              273.3213195800781250
1984.7924              272.9359436035156250
1984.8771              272.5753173828125000
1984.9590              273.3997192382812500
1985.0438              274.5452270507812500
1985.1260              275.0540161132812500
1985.2054              275.0412292480468750
1985.2904              274.4593811035156250
1985.3726              273.5763244628906250
1985.4575              272.4701538085937500
1985.5397              271.6809082031250000
1985.6246              271.3035583496093750
1985.7096              271.2934875488281250
1985.7917              271.3041076660156250
1985.8767              271.4410095214843750
1985.9589              272.3922424316406250
1986.0438              273.4661560058593750
1986.1260              274.0762634277343750
1986.2054              273.9998168945312500
1986.2904              273.4135742187500000
1986.3726              272.7940063476562500
1986.4575              271.6185302734375000
1986.5397              271.3100891113281250
1986.6246              271.3173217773437500
1986.7096              271.2954406738281250
1986.7917              271.2919311523437500
1986.8767              271.3175964355468750
1986.9589              272.1369323730468750
1987.0438              273.1905517578125000
1987.1260              273.9264221191406250
1987.2054              274.0950012207031250
1987.2904              273.6878662109375000
1987.3726              272.8185729980468750
1987.4575              271.8394470214843750
1987.5397              271.3944702148437500
1987.6246              271.3047485351562500
1987.7096              271.6893615722656250
1987.7917              272.7661743164062500
1987.8767              273.0239257812500000
1987.9589              273.9062194824218750
1988.0437              274.9267272949218750
1988.1257              275.4546508789062500
1988.2076              275.3900146484375000
1988.2924              274.6583557128906250
1988.3743              273.9798889160156250
1988.4590              273.3306274414062500
1988.5410              273.4674682617187500
1988.6257              273.6376342773437500
1988.7103              273.6397705078125000
1988.7924              273.6530151367187500
1988.8771              274.0227050781250000
1988.9590              274.7682800292968750
1989.0438              275.6136779785156250
1989.1260              275.9480285644531250
1989.2054              275.8146667480468750
1989.2904              275.1605529785156250
1989.3726              274.3315734863281250
1989.4575              273.6749267578125000
1989.5397              273.3575134277343750
1989.6246              273.5193786621093750
1989.7096              273.5545959472656250
1989.7917              273.6041564941406250
1989.8767              273.9547119140625000
1989.9589              274.7091369628906250
1990.0438              275.6559448242187500
1990.1260              275.9526672363281250
1990.2054              275.9032592773437500
1990.2904              275.2072448730468750
1990.3726              274.4216308593750000
1990.4575              273.6148376464843750
1990.5397              273.3834228515625000
1990.6246              273.2615966796875000
1990.7096              273.4047241210937500
1990.7917              273.5174865722656250
1990.8767              273.9979553222656250
1990.9589              274.7733154296875000
1991.0438              275.5949096679687500
1991.1260              275.9168701171875000
1991.2054              275.7771301269531250
1991.2904              274.9537048339843750
1991.3726              274.3000793457031250
1991.4575              273.4827270507812500
1991.5397              273.3742980957031250
1991.6246              273.3436584472656250
1991.7096              273.5334777832031250
1991.7917              273.5798339843750000
1991.8767              273.9010620117187500
1991.9589              274.6546325683593750
1992.0437              275.4675903320312500
1992.1257              276.0800170898437500
1992.2076              275.9712219238281250
1992.2924              274.9820251464843750
1992.3743              274.1694335937500000
1992.4590              273.2168579101562500
1992.5410              273.0067443847656250
1992.6257              273.0205078125000000
1992.7103              273.0156860351562500
1992.7924              273.0426940917968750
1992.8771              273.1985168457031250
1992.9590              273.8936462402343750
1993.0438              274.6910400390625000
1993.1260              275.1366271972656250
1993.2054              275.1582031250000000
1993.2904              274.4751586914062500
1993.3726              273.5010375976562500
1993.4575              272.6031494140625000
1993.5397              272.2427978515625000
1993.6246              272.2759704589843750
1993.7096              272.6069641113281250
1993.7917              272.7037048339843750
1993.8767              272.8678283691406250
1993.9589              273.7337341308593750
1994.0438              274.5800781250000000
1994.1260              275.0821533203125000
1994.2054              275.0717468261718750
1994.2904              274.3248901367187500
1994.3726              273.2681274414062500
1994.4575              272.2115478515625000
1994.5397              271.5270996093750000
1994.6246              271.3945312500000000
1994.7096              272.0997314453125000
1994.7917              272.9939575195312500
1994.8767              273.2238769531250000
1994.9589              274.0377807617187500
1995.0438              274.8795776367187500
1995.1260              275.2325134277343750
1995.2054              275.0218200683593750
1995.2904              274.0032958984375000
1995.3726              273.2119140625000000
1995.4575              272.3442077636718750
1995.5397              271.6074523925781250
1995.6246              271.5725402832031250
1995.7096              271.4355773925781250
1995.7917              271.6013488769531250
1995.8767              272.3696899414062500
1995.9589              273.4458618164062500
1996.0437              274.3133544921875000
1996.1257              275.0513305664062500
1996.2076              275.0400085449218750
1996.2924              274.3840637207031250
1996.3743              273.5349426269531250
1996.4590              272.6617736816406250
1996.5410              272.6878051757812500
1996.6257              272.9257507324218750
1996.7103              272.8760070800781250
1996.7924              272.7778625488281250
1996.8771              273.1303100585937500
1996.9590              273.8815917968750000
1997.0438              274.7276000976562500
1997.1260              275.2404479980468750
1997.2054              275.1698303222656250
1997.2904              274.4465637207031250
1997.3726              273.7726135253906250
1997.4575              272.8352661132812500
1997.5397              272.4707031250000000
1997.6246              272.9524841308593750
1997.7096              273.2833862304687500
1997.7917              273.2867126464843750
1997.8767              273.5231018066406250
1997.9589              274.3303833007812500
1998.0438              275.1850585937500000
1998.1260              275.6512451171875000
1998.2054              275.6282043457031250
1998.2904              274.7940063476562500
1998.3726              273.8188476562500000
1998.4575              272.8855285644531250
1998.5397              272.9855041503906250
1998.6246              273.3796081542968750
1998.7096              273.4499511718750000
1998.7917              273.5009460449218750
1998.8767              273.8518981933593750
1998.9589              274.8358154296875000
1999.0438              275.6672668457031250
1999.1260              275.8518371582031250
1999.2054              275.8934326171875000
1999.2904              275.2728576660156250
1999.3726              274.4447631835937500
1999.4575              273.5720520019531250
1999.5397              273.4633178710937500
1999.6246              273.5484008789062500
1999.7096              273.5595703125000000
1999.7917              273.5947570800781250
1999.8767              273.8646545410156250
1999.9589              274.6579589843750000
2000.0437              275.2983093261718750
2000.1257              275.7652893066406250
2000.2076              275.5688171386718750
2000.2924              274.8057556152343750
2000.3743              273.8653869628906250
2000.4590              273.2759399414062500
2000.5410              273.2689208984375000
2000.6257              273.4201354980468750
2000.7103              273.5409240722656250
2000.7924              273.5511169433593750
2000.8771              273.7236328125000000
2000.9590              274.3262939453125000
