1890.0438              272.1928405761718750
1890.1260              272.7737731933593750
1890.2054              272.5282592773437500
1890.2904              271.8083801269531250
1890.3726              271.5270080566406250
1890.4575              271.5455627441406250
1890.5397              271.5460205078125000
1890.6246              271.5749816894531250
1890.7096              271.5504760742187500
1890.7917              271.5351257324218750
1890.8767              271.6131591796875000
1890.9589              272.0784606933593750
1891.0438              272.7298583984375000
1891.1260              272.8242797851562500
1891.2054              272.6381530761718750
1891.2904              272.1325378417968750
1891.3726              271.6706237792968750
1891.4575              271.6774902343750000
1891.5397              271.6578979492187500
1891.6246              271.6667480468750000
1891.7096              271.6593322753906250
1891.7917              271.6896362304687500
1891.8767              271.7596435546875000
1891.9589              272.3061523437500000
1892.0437              272.8078613281250000
1892.1257              272.8022460937500000
1892.2076              272.5090332031250000
1892.2924              272.1110839843750000
1892.3743              271.7516174316406250
1892.4590              271.7391357421875000
1892.5410              271.7079162597656250
1892.6257              271.7218322753906250
1892.7103              271.7517395019531250
1892.7924              271.7319946289062500
1892.8771              271.7839050292968750
1892.9590              272.2213745117187500
1893.0438              272.8944396972656250
1893.1260              273.0451965332031250
1893.2054              272.5689392089843750
1893.2904              272.0261230468750000
1893.3726              271.7445983886718750
1893.4575              271.6484375000000000
1893.5397              271.5630187988281250
1893.6246              271.5320434570312500
1893.7096              271.5522460937500000
1893.7917              271.6150817871093750
1893.8767              271.8104858398437500
1893.9589              272.4698181152343750
1894.0438              273.0367126464843750
1894.1260              273.1454467773437500
1894.2054              272.7381591796875000
1894.2904              271.9885864257812500
1894.3726              271.6471557617187500
1894.4575              271.6790771484375000
1894.5397              271.6522827148437500
1894.6246              271.6252746582031250
1894.7096              271.6032104492187500
1894.7917              271.6122741699218750
1894.8767              271.7414245605468750
1894.9589              272.1473388671875000
1895.0438              272.7567749023437500
1895.1260              273.1420288085937500
1895.2054              272.8732299804687500
1895.2904              272.1389770507812500
1895.3726              271.8179321289062500
1895.4575              271.7841796875000000
1895.5397              271.7261962890625000
1895.6246              271.6342163085937500
1895.7096              271.5661010742187500
1895.7917              271.5495605468750000
1895.8767              271.6259155273437500
1895.9589              272.1312866210937500
1896.0437              272.8107910156250000
1896.1257              273.0541381835937500
1896.2076              272.7827453613281250
1896.2924              272.0791320800781250
1896.3743              271.7315979003906250
1896.4590              271.7310791015625000
1896.5410              271.6798400878906250
1896.6257              271.6571044921875000
1896.7103              271.6450805664062500
1896.7924              271.6069641113281250
1896.8771              271.6251525878906250
1896.9590              272.0384521484375000
1897.0438              272.6170043945312500
1897.1260              272.8179016113281250
1897.2054              272.4136962890625000
1897.2904              271.8789062500000000
1897.3726              271.5867919921875000
1897.4575              271.5469665527343750
1897.5397              271.5515136718750000
1897.6246              271.5400390625000000
1897.7096              271.4920959472656250
1897.7917              271.5199584960937500
1897.8767              271.7396240234375000
1897.9589              272.3440856933593750
1898.0438              272.8670349121093750
1898.1260              273.0977172851562500
1898.2054              272.7992553710937500
1898.2904              272.1572875976562500
1898.3726              271.6991577148437500
1898.4575              271.6567382812500000
1898.5397              271.6025390625000000
1898.6246              271.5744628906250000
1898.7096              271.5819396972656250
1898.7917              271.5724487304687500
1898.8767              271.6180114746093750
1898.9589              271.8523559570312500
1899.0438              272.4279785156250000
1899.1260              272.7445373535156250
1899.2054              272.7084960937500000
1899.2904              272.1223449707031250
1899.3726              271.6450500488281250
1899.4575              271.6611938476562500
1899.5397              271.6071166992187500
1899.6246              271.6056213378906250
1899.7096              271.6196899414062500
1899.7917              271.6737976074218750
1899.8767              271.7416381835937500
1899.9589              272.1991882324218750
1900.0438              272.7218322753906250
1900.1260              272.8804626464843750
1900.2054              272.7746276855468750
1900.2904              272.2707824707031250
1900.3726              271.8539428710937500
1900.4575              271.7378540039062500
1900.5397              271.6331787109375000
1900.6246              271.5635986328125000
1900.7096              271.5812072753906250
1900.7917              271.5891113281250000
1900.8767              271.7334899902343750
1900.9589              272.1213073730468750
1901.0438              272.7143249511718750
1901.1260              273.0954284667968750
1901.2054              272.7960205078125000
1901.2904              271.9896545410156250
1901.3726              271.7093505859375000
1901.4575              271.6889038085937500
1901.5397              271.6589355468750000
1901.6246              271.6712646484375000
1901.7096              271.6832275390625000
1901.7917              271.6878662109375000
1901.8767              271.7003784179687500
1901.9589              272.3026123046875000
1902.0438              272.9310913085937500
1902.1260              273.0601501464843750
1902.2054              272.9361572265625000
1902.2904              272.4010009765625000
1902.3726              271.7520141601562500
1902.4575              271.6454467773437500
1902.5397              271.5863037109375000
1902.6246              271.5731506347656250
1902.7096              271.5653991699218750
1902.7917              271.5854187011718750
1902.8767              271.6657714843750000
1902.9589              272.1654663085937500
1903.0438              272.9692687988281250
1903.1260              273.2950134277343750
1903.2054              272.9124755859375000
1903.2904              272.2883300781250000
1903.3726              271.6353454589843750
1903.4575              271.5742797851562500
1903.5397              271.5427551269531250
1903.6246              271.5567932128906250
1903.7096              271.5503234863281250
1903.7917              271.5909729003906250
1903.8767              271.8027954101562500
1903.9589              272.4419250488281250
1904.0437              272.9659118652343750
1904.1257              273.0968017578125000
1904.2076              272.9897460937500000
1904.2924              272.3625488281250000
1904.3743              271.7734375000000000
1904.4590              271.7521972656250000
1904.5410              271.6455078125000000
1904.6257              271.5693969726562500
1904.7103              271.5632019042968750
1904.7924              271.6036376953125000
1904.8771              271.7464294433593750
1904.9590              272.2456970214843750
1905.0438              272.7512207031250000
1905.1260              272.9698181152343750
1905.2054              272.7112731933593750
1905.2904              272.2031555175781250
1905.3726              271.7058715820312500
1905.4575              271.6761474609375000
1905.5397              271.6004333496093750
1905.6246              271.6093444824218750
1905.7096              271.5673522949218750
1905.7917              271.5407104492187500
1905.8767              271.6933593750000000
1905.9589              272.3128662109375000
1906.0438              272.8604125976562500
1906.1260              273.1492919921875000
1906.2054              272.9885253906250000
1906.2904              272.2842102050781250
1906.3726              271.6571350097656250
1906.4575              271.6187438964843750
1906.5397              271.5949096679687500
1906.6246              271.4870300292968750
1906.7096              271.4462280273437500
1906.7917              271.4544982910156250
1906.8767              271.5647277832031250
1906.9589              272.1244812011718750
1907.0438              272.9567260742187500
1907.1260              273.0581970214843750
1907.2054              272.5597839355468750
1907.2904              271.9291992187500000
1907.3726              271.6659545898437500
1907.4575              271.6851196289062500
1907.5397              271.6362915039062500
1907.6246              271.5802001953125000
1907.7096              271.5584411621093750
1907.7917              271.5699768066406250
1907.8767              271.5511779785156250
1907.9589              271.9635620117187500
1908.0437              272.5607910156250000
1908.1257              272.7929992675781250
1908.2076              272.6067504882812500
1908.2924              272.1392517089843750
1908.3743              271.6413879394531250
1908.4590              271.6685180664062500
1908.5410              271.6217346191406250
1908.6257              271.5961608886718750
1908.7103              271.5487670898437500
1908.7924              271.5707702636718750
1908.8771              271.6501770019531250
1908.9590              272.1120910644531250
1909.0438              272.7389526367187500
1909.1260              273.0476989746093750
1909.2054              272.6834716796875000
1909.2904              271.9550170898437500
1909.3726              271.5558776855468750
1909.4575              271.5385742187500000
1909.5397              271.5154418945312500
1909.6246              271.4984130859375000
1909.7096              271.4835205078125000
1909.7917              271.4972534179687500
1909.8767              271.5465698242187500
1909.9589              272.0531921386718750
1910.0438              272.6868286132812500
1910.1260              272.9913024902343750
1910.2054              272.7593994140625000
1910.2904              272.2592163085937500
1910.3726              271.6481933593750000
1910.4575              271.6161499023437500
1910.5397              271.5629882812500000
1910.6246              271.5099792480468750
1910.7096              271.5014038085937500
1910.7917              271.5149230957031250
1910.8767              271.6710510253906250
1910.9589              272.1961364746093750
1911.0438              272.4979553222656250
1911.1260              272.7152099609375000
1911.2054              272.5132446289062500
1911.2904              271.9493103027343750
1911.3726              271.5521545410156250
1911.4575              271.4988403320312500
1911.5397              271.4604492187500000
1911.6246              271.4655151367187500
1911.7096              271.4180603027343750
1911.7917              271.4397583007812500
1911.8767              271.4904785156250000
1911.9589              271.8367614746093750
1912.0437              272.4005126953125000
1912.1257              272.6964111328125000
1912.2076              272.5313415527343750
1912.2924              271.9248657226562500
1912.3743              271.5077209472656250
1912.4590              271.4464721679687500
1912.5410              271.4063720703125000
1912.6257              271.3588562011718750
1912.7103              271.3643493652343750
1912.7924              271.3947753906250000
1912.8771              271.5232849121093750
1912.9590              271.9686279296875000
1913.0438              272.7685546875000000
1913.1260              273.0470581054687500
1913.2054              272.7677001953125000
1913.2904              272.1103210449218750
1913.3726              271.5344238281250000
1913.4575              271.4467773437500000
1913.5397              271.3898925781250000
1913.6246              271.4155273437500000
1913.7096              271.4306335449218750
1913.7917              271.4762878417968750
1913.8767              271.5961608886718750
1913.9589              272.1942138671875000
1914.0438              272.8276367187500000
1914.1260              273.1310119628906250
1914.2054              272.7609558105468750
1914.2904              272.0969238281250000
1914.3726              271.6236267089843750
1914.4575              271.6164245605468750
1914.5397              271.6005554199218750
1914.6246              271.5845336914062500
1914.7096              271.5758056640625000
1914.7917              271.6125488281250000
1914.8767              271.7594604492187500
1914.9589              272.2977600097656250
1915.0438              272.7106628417968750
1915.1260              272.8654479980468750
1915.2054              272.6756591796875000
1915.2904              272.1608276367187500
1915.3726              271.7182617187500000
1915.4575              271.7084350585937500
1915.5397              271.6099243164062500
1915.6246              271.6091003417968750
1915.7096              271.5197143554687500
1915.7917              271.5233459472656250
1915.8767              271.5628967285156250
1915.9589              271.9728393554687500
1916.0437              272.5468139648437500
1916.1257              272.7678833007812500
1916.2076              272.5627136230468750
1916.2924              272.0528259277343750
1916.3743              271.4767456054687500
1916.4590              271.4482116699218750
1916.5410              271.4398193359375000
1916.6257              271.4940795898437500
1916.7103              271.5592956542968750
1916.7924              271.5719299316406250
1916.8771              271.5834655761718750
1916.9590              272.1081542968750000
1917.0438              272.8337097167968750
1917.1260              273.0525512695312500
1917.2054              272.8260498046875000
1917.2904              272.1816711425781250
1917.3726              271.6447448730468750
1917.4575              271.5563049316406250
1917.5397              271.5220947265625000
1917.6246              271.4985961914062500
1917.7096              271.5093383789062500
1917.7917              271.5286560058593750
1917.8767              271.6789550781250000
1917.9589              272.2122192382812500
1918.0438              272.8927612304687500
1918.1260              273.0577087402343750
1918.2054              272.7872924804687500
1918.2904              272.2357177734375000
1918.3726              271.6924133300781250
1918.4575              271.6658935546875000
1918.5397              271.6508789062500000
1918.6246              271.5926208496093750
1918.7096              271.6370239257812500
1918.7917              271.6043701171875000
1918.8767              271.7488098144531250
1918.9589              272.2621154785156250
1919.0438              272.8917846679687500
1919.1260              273.3040161132812500
1919.2054              273.0400695800781250
1919.2904              272.4346313476562500
1919.3726              271.7756652832031250
1919.4575              271.6660461425781250
1919.5397              271.6915893554687500
1919.6246              271.6838378906250000
1919.7096              271.6622619628906250
1919.7917              271.6397705078125000
1919.8767              271.7658996582031250
1919.9589              272.1533203125000000
1920.0437              273.0422668457031250
1920.1257              273.2606201171875000
1920.2076              272.8827209472656250
1920.2924              272.1761474609375000
1920.3743              271.7974853515625000
1920.4590              271.7318725585937500
1920.5410              271.7543945312500000
1920.6257              271.7062988281250000
1920.7103              271.7286987304687500
1920.7924              271.6870422363281250
1920.8771              271.8439636230468750
1920.9590              272.4650268554687500
1921.0438              272.8952941894531250
1921.1260              272.9587707519531250
1921.2054              272.6839599609375000
1921.2904              272.2496643066406250
1921.3726              271.7172851562500000
1921.4575              271.6561584472656250
1921.5397              271.6620178222656250
1921.6246              271.6476440429687500
1921.7096              271.6229553222656250
1921.7917              271.6147766113281250
1921.8767              271.6682128906250000
1921.9589              272.1037597656250000
1922.0438              272.6797485351562500
1922.1260              272.9336547851562500
1922.2054              272.7054443359375000
1922.2904              272.0739440917968750
1922.3726              271.7369689941406250
1922.4575              271.7196960449218750
1922.5397              271.7015075683593750
1922.6246              271.6858825683593750
1922.7096              271.6722412109375000
1922.7917              271.7266540527343750
1922.8767              271.9085998535156250
1922.9589              272.2242431640625000
1923.0438              272.5865478515625000
1923.1260              272.9969787597656250
1923.2054              272.8390197753906250
1923.2904              272.3495788574218750
1923.3726              271.7698364257812500
1923.4575              271.7574157714843750
1923.5397              271.7002868652343750
1923.6246              271.6452331542968750
1923.7096              271.5933227539062500
1923.7917              271.6262207031250000
1923.8767              271.7165527343750000
1923.9589              272.0693969726562500
1924.0437              272.6460876464843750
1924.1257              272.9647827148437500
1924.2076              272.5394287109375000
1924.2924              271.9602661132812500
1924.3743              271.6342773437500000
1924.4590              271.6229248046875000
1924.5410              271.5653686523437500
1924.6257              271.4845581054687500
1924.7103              271.4741516113281250
1924.7924              271.5202331542968750
1924.8771              271.7387084960937500
1924.9590              272.4109802246093750
1925.0438              273.2654418945312500
1925.1260              273.4939880371093750
1925.2054              273.2680358886718750
1925.2904              272.5262451171875000
1925.3726              271.7719726562500000
1925.4575              271.6249084472656250
1925.5397              271.5786743164062500
1925.6246              271.6493835449218750
1925.7096              271.6619262695312500
1925.7917              271.6654968261718750
1925.8767              271.7833862304687500
1925.9589              272.3971862792968750
1926.0438              272.8796081542968750
1926.1260              273.1237487792968750
1926.2054              272.7630920410156250
1926.2904              272.2722167968750000
1926.3726              271.7063903808593750
1926.4575              271.6738281250000000
1926.5397              271.6607360839843750
1926.6246              271.6399536132812500
1926.7096              271.6055297851562500
1926.7917              271.6509399414062500
1926.8767              271.6897277832031250
1926.9589              272.0833740234375000
1927.0438              272.7510986328125000
1927.1260              273.2356262207031250
1927.2054              272.9073486328125000
1927.2904              272.1314086914062500
1927.3726              271.7257690429687500
1927.4575              271.7243957519531250
1927.5397              271.6016845703125000
1927.6246              271.6070556640625000
1927.7096              271.6159362792968750
1927.7917              271.6419372558593750
1927.8767              271.7720947265625000
1927.9589              272.4690246582031250
1928.0437              273.0311584472656250
1928.1257              273.1061401367187500
1928.2076              272.8455505371093750
1928.2924              272.2974548339843750
1928.3743              271.7906188964843750
1928.4590              271.6617736816406250
1928.5410              271.6147460937500000
1928.6257              271.6516113281250000
1928.7103              271.6252441406250000
1928.7924              271.6828002929687500
1928.8771              271.7795104980468750
1928.9590              272.2147827148437500
1929.0438              272.8010559082031250
1929.1260              272.9967651367187500
1929.2054              272.8199462890625000
1929.2904              272.2126464843750000
1929.3726              271.7691650390625000
1929.4575              271.7819519042968750
1929.5397              271.7100830078125000
1929.6246              271.6736145019531250
1929.7096              271.6502685546875000
1929.7917              271.6513061523437500
1929.8767              271.7113342285156250
1929.9589              272.2277832031250000
1930.0438              272.8460083007812500
1930.1260              272.9756469726562500
1930.2054              272.7812500000000000
1930.2904              272.2465515136718750
1930.3726              271.7473754882812500
1930.4575              271.7397766113281250
1930.5397              271.7150268554687500
1930.6246              271.6936035156250000
1930.7096              271.6391601562500000
1930.7917              271.6357727050781250
1930.8767              271.7031250000000000
1930.9589              272.1091918945312500
1931.0438              272.7979736328125000
1931.1260              272.9957275390625000
1931.2054              272.7667846679687500
1931.2904              272.1817932128906250
1931.3726              271.6452636718750000
1931.4575              271.5703430175781250
1931.5397              271.5085449218750000
1931.6246              271.4772338867187500
1931.7096              271.4924926757812500
1931.7917              271.6018676757812500
1931.8767              271.7272949218750000
1931.9589              272.2778930664062500
1932.0437              272.8508605957031250
1932.1257              273.1696472167968750
1932.2076              273.0035705566406250
1932.2924              272.3645629882812500
1932.3743              271.8333129882812500
1932.4590              271.7525939941406250
1932.5410              271.7281494140625000
1932.6257              271.6921691894531250
1932.7103              271.6660766601562500
1932.7924              271.6857299804687500
1932.8771              271.7761840820312500
1932.9590              272.1860961914062500
1933.0438              272.7672119140625000
1933.1260              272.9935607910156250
1933.2054              272.8346252441406250
1933.2904              272.2807922363281250
1933.3726              271.6913757324218750
1933.4575              271.6519470214843750
1933.5397              271.5920410156250000
1933.6246              271.5773010253906250
1933.7096              271.5270996093750000
1933.7917              271.5780944824218750
1933.8767              271.6461791992187500
1933.9589              272.1274414062500000
1934.0438              272.7709045410156250
1934.1260              273.0469055175781250
1934.2054              272.8601989746093750
1934.2904              272.2221984863281250
1934.3726              271.6652526855468750
1934.4575              271.5923767089843750
1934.5397              271.5296020507812500
1934.6246              271.5079345703125000
1934.7096              271.4673767089843750
1934.7917              271.4973449707031250
1934.8767              271.5990295410156250
1934.9589              272.0934753417968750
1935.0438              272.5934753417968750
1935.1260              272.8337707519531250
1935.2054              272.7074584960937500
1935.2904              272.0827636718750000
1935.3726              271.5746765136718750
1935.4575              271.5564270019531250
1935.5397              271.5762023925781250
1935.6246              271.5616760253906250
1935.7096              271.5736389160156250
1935.7917              271.6046752929687500
1935.8767              271.7509765625000000
1935.9589              272.2416687011718750
1936.0437              272.8322143554687500
1936.1257              273.0008850097656250
1936.2076              272.6443176269531250
1936.2924              271.9684143066406250
1936.3743              271.5720214843750000
1936.4590              271.5375671386718750
1936.5410              271.5432434082031250
1936.6257              271.5260620117187500
1936.7103              271.5082092285156250
1936.7924              271.5503234863281250
1936.8771              271.7099609375000000
1936.9590              272.2510986328125000
1937.0438              272.8891906738281250
1937.1260              273.0639648437500000
1937.2054              272.7203674316406250
1937.2904              272.1520385742187500
1937.3726              271.6685791015625000
1937.4575              271.6566772460937500
1937.5397              271.6325683593750000
1937.6246              271.5168457031250000
1937.7096              271.5217285156250000
1937.7917              271.5359497070312500
1937.8767              271.6276550292968750
1937.9589              272.0465393066406250
1938.0438              272.5800781250000000
1938.1260              272.7658081054687500
1938.2054              272.7123107910156250
1938.2904              272.1995849609375000
1938.3726              271.6225280761718750
1938.4575              271.5977172851562500
1938.5397              271.5859680175781250
1938.6246              271.5911865234375000
1938.7096              271.5927429199218750
1938.7917              271.5628967285156250
1938.8767              271.6640014648437500
1938.9589              272.1647949218750000
1939.0438              272.7389831542968750
1939.1260              272.8450927734375000
1939.2054              272.4927062988281250
1939.2904              271.9974670410156250
1939.3726              271.6618347167968750
1939.4575              271.6594238281250000
1939.5397              271.6289062500000000
1939.6246              271.6290283203125000
1939.7096              271.6127014160156250
1939.7917              271.6001892089843750
1939.8767              271.7880554199218750
1939.9589              272.3341064453125000
1940.0437              273.0876159667968750
1940.1257              273.4397888183593750
1940.2076              273.1219177246093750
1940.2924              272.6140441894531250
1940.3743              271.7628479003906250
1940.4590              271.5875244140625000
1940.5410              271.5455932617187500
1940.6257              271.5038757324218750
1940.7103              271.4382629394531250
1940.7924              271.4737854003906250
1940.8771              271.6271667480468750
1940.9590              272.2465515136718750
1941.0438              272.9350585937500000
1941.1260              273.0007324218750000
1941.2054              272.6511535644531250
1941.2904              272.2255554199218750
1941.3726              271.7247009277343750
1941.4575              271.5784301757812500
1941.5397              271.5100708007812500
1941.6246              271.4752502441406250
1941.7096              271.4739990234375000
1941.7917              271.4826965332031250
1941.8767              271.5795898437500000
1941.9589              272.0588989257812500
1942.0438              272.6958312988281250
1942.1260              272.8557739257812500
1942.2054              272.5784912109375000
1942.2904              272.1040649414062500
1942.3726              271.6568603515625000
1942.4575              271.6218261718750000
1942.5397              271.5681457519531250
1942.6246              271.4837951660156250
1942.7096              271.5188903808593750
1942.7917              271.5321960449218750
1942.8767              271.5832519531250000
1942.9589              271.8145751953125000
1943.0438              272.3300170898437500
1943.1260              272.7047119140625000
1943.2054              272.4961242675781250
1943.2904              271.9777221679687500
1943.3726              271.6126098632812500
1943.4575              271.5977172851562500
1943.5397              271.5777282714843750
1943.6246              271.5342102050781250
1943.7096              271.5337829589843750
1943.7917              271.5494689941406250
1943.8767              271.6578979492187500
1943.9589              272.1961669921875000
1944.0437              272.6975097656250000
1944.1257              272.9081420898437500
1944.2076              272.5931091308593750
1944.2924              271.8977966308593750
1944.3743              271.6187744140625000
1944.4590              271.5715026855468750
1944.5410              271.5369262695312500
1944.6257              271.4938659667968750
1944.7103              271.4559020996093750
1944.7924              271.4903869628906250
1944.8771              271.6193237304687500
1944.9590              272.0571594238281250
1945.0438              272.8612670898437500
1945.1260              273.0795898437500000
1945.2054              272.8881530761718750
1945.2904              272.2229919433593750
1945.3726              271.6500244140625000
1945.4575              271.5632629394531250
1945.5397              271.5260620117187500
1945.6246              271.5075988769531250
1945.7096              271.4962768554687500
1945.7917              271.5165405273437500
1945.8767              271.6734008789062500
1945.9589              272.1171875000000000
1946.0438              272.7633361816406250
1946.1260              273.0751647949218750
1946.2054              272.6037597656250000
1946.2904              272.0526733398437500
1946.3726              271.6336059570312500
1946.4575              271.6190185546875000
1946.5397              271.5469360351562500
1946.6246              271.5138244628906250
1946.7096              271.5305786132812500
1946.7917              271.5387878417968750
1946.8767              271.6083679199218750
1946.9589              272.1130676269531250
1947.0438              272.7215576171875000
1947.1260              273.1567382812500000
1947.2054              272.8932800292968750
1947.2904              272.1000976562500000
1947.3726              271.7417602539062500
1947.4575              271.6930541992187500
1947.5397              271.6927185058593750
1947.6246              271.7030944824218750
1947.7096              271.6857299804687500
1947.7917              271.6840515136718750
1947.8767              271.8682556152343750
1947.9589              272.4260253906250000
1948.0437              272.9986877441406250
1948.1257              273.2112121582031250
1948.2076              272.9101867675781250
1948.2924              272.1429443359375000
1948.3743              271.6549987792968750
1948.4590              271.5591735839843750
1948.5410              271.4745788574218750
1948.6257              271.4307250976562500
1948.7103              271.4552612304687500
1948.7924              271.5172119140625000
1948.8771              271.6106567382812500
1948.9590              272.1762084960937500
1949.0438              272.7387390136718750
1949.1260              272.9108886718750000
1949.2054              272.5720214843750000
1949.2904              272.0099182128906250
1949.3726              271.6385192871093750
1949.4575              271.6161193847656250
1949.5397              271.4979248046875000
1949.6246              271.4987487792968750
1949.7096              271.5039672851562500
1949.7917              271.4650573730468750
1949.8767              271.4931640625000000
1949.9589              271.9356689453125000
1950.0438              272.5377807617187500
1950.1260              272.9136047363281250
1950.2054              272.6632995605468750
1950.2904              271.9343261718750000
1950.3726              271.5578613281250000
1950.4575              271.5178833007812500
1950.5397              271.5267333984375000
1950.6246              271.5127563476562500
1950.7096              271.5123596191406250
1950.7917              271.5210876464843750
1950.8767              271.6359558105468750
1950.9589              271.9883728027343750
1951.0438              272.6786804199218750
1951.1260              272.9514160156250000
1951.2054              272.6701965332031250
1951.2904              272.0417480468750000
1951.3726              271.5092468261718750
1951.4575              271.4650268554687500
1951.5397              271.4046325683593750
1951.6246              271.3607177734375000
1951.7096              271.3999633789062500
1951.7917              271.3988342285156250
1951.8767              271.5563049316406250
1951.9589              272.0625000000000000
1952.0437              272.6139221191406250
1952.1257              272.8842163085937500
1952.2076              272.6184082031250000
1952.2924              271.8927917480468750
1952.3743              271.4757690429687500
1952.4590              271.4420471191406250
1952.5410              271.4433288574218750
1952.6257              271.4960021972656250
1952.7103              271.5286560058593750
1952.7924              271.5282592773437500
1952.8771              271.5755004882812500
1952.9590              271.8940429687500000
1953.0438              272.5086975097656250
1953.1260              272.8949890136718750
1953.2054              272.6928710937500000
1953.2904              272.0630798339843750
1953.3726              271.6396179199218750
1953.4575              271.6262207031250000
1953.5397              271.5638427734375000
1953.6246              271.5557250976562500
1953.7096              271.5398254394531250
1953.7917              271.5376586914062500
1953.8767              271.6395263671875000
1953.9589              272.1579589843750000
1954.0438              272.8287963867187500
1954.1260              273.1453552246093750
1954.2054              272.6831665039062500
1954.2904              271.7760620117187500
1954.3726              271.4753417968750000
1954.4575              271.4022216796875000
1954.5397              271.3792114257812500
1954.6246              271.3618469238281250
1954.7096              271.3824157714843750
1954.7917              271.4132080078125000
1954.8767              271.4765014648437500
1954.9589              271.7511596679687500
1955.0438              272.2762451171875000
1955.1260              272.7513732910156250
1955.2054              272.6696166992187500
1955.2904              271.9094543457031250
1955.3726              271.5530700683593750
1955.4575              271.6078186035156250
1955.5397              271.5973815917968750
1955.6246              271.5684509277343750
1955.7096              271.5323181152343750
1955.7917              271.5689697265625000
1955.8767              271.6314697265625000
1955.9589              272.1288146972656250
1956.0437              272.7712707519531250
1956.1257              273.0137634277343750
1956.2076              272.6181335449218750
1956.2924              271.9545593261718750
1956.3743              271.6389465332031250
1956.4590              271.6092834472656250
1956.5410              271.5637207031250000
1956.6257              271.5874633789062500
1956.7103              271.5775451660156250
1956.7924              271.5937194824218750
1956.8771              271.6326599121093750
1956.9590              271.9487304687500000
1957.0438              272.4662170410156250
1957.1260              272.7334594726562500
1957.2054              272.4030456542968750
1957.2904              271.8933410644531250
1957.3726              271.6055603027343750
1957.4575              271.5392761230468750
1957.5397              271.5396728515625000
1957.6246              271.5366821289062500
1957.7096              271.5672912597656250
1957.7917              271.5839538574218750
1957.8767              271.7580261230468750
1957.9589              272.3501586914062500
1958.0438              272.9959716796875000
1958.1260              273.1100463867187500
1958.2054              272.8284606933593750
1958.2904              272.0696716308593750
1958.3726              271.6449584960937500
1958.4575              271.6641845703125000
1958.5397              271.6359558105468750
1958.6246              271.6184387207031250
1958.7096              271.6093444824218750
1958.7917              271.6330261230468750
1958.8767              271.8033752441406250
1958.9589              272.4726867675781250
1959.0438              273.0859375000000000
1959.1260              273.1265258789062500
1959.2054              272.9451599121093750
1959.2904              272.3022460937500000
1959.3726              271.7332153320312500
1959.4575              271.6961975097656250
1959.5397              271.6381225585937500
1959.6246              271.6323547363281250
1959.7096              271.6257934570312500
1959.7917              271.6333923339843750
1959.8767              271.7232055664062500
1959.9589              272.0841674804687500
1960.0437              272.7947998046875000
1960.1257              272.9706420898437500
1960.2076              272.7058715820312500
1960.2924              272.0201416015625000
1960.3743              271.6638793945312500
1960.4590              271.6017761230468750
1960.5410              271.5337829589843750
1960.6257              271.5019226074218750
1960.7103              271.5025024414062500
1960.7924              271.5137023925781250
1960.8771              271.5988464355468750
1960.9590              271.8748168945312500
1961.0438              272.6034545898437500
1961.1260              272.9412536621093750
1961.2054              272.6119995117187500
1961.2904              272.0082397460937500
1961.3726              271.6566467285156250
1961.4575              271.6887207031250000
1961.5397              271.6878662109375000
1961.6246              271.6902770996093750
1961.7096              271.6716918945312500
1961.7917              271.6850280761718750
1961.8767              271.7298583984375000
1961.9589              272.0370788574218750
1962.0438              272.6212768554687500
1962.1260              272.7987976074218750
1962.2054              272.5371093750000000
1962.2904              272.0110168457031250
1962.3726              271.5527954101562500
1962.4575              271.5080261230468750
1962.5397              271.4531250000000000
1962.6246              271.4790649414062500
1962.7096              271.4833068847656250
1962.7917              271.5021362304687500
1962.8767              271.5723571777343750
1962.9589              272.0046691894531250
1963.0438              272.7133178710937500
1963.1260              273.0188598632812500
1963.2054              272.7062072753906250
1963.2904              272.0315246582031250
1963.3726              271.6555480957031250
1963.4575              271.6071472167968750
1963.5397              271.5413818359375000
1963.6246              271.5250244140625000
1963.7096              271.5132141113281250
1963.7917              271.5260009765625000
1963.8767              271.6424865722656250
1963.9589              272.2510986328125000
1964.0437              272.8817138671875000
1964.1257              273.0636901855468750
1964.2076              272.7797546386718750
1964.2924              272.2283325195312500
1964.3743              271.6961364746093750
1964.4590              271.6142883300781250
1964.5410              271.5885620117187500
1964.6257              271.5618286132812500
1964.7103              271.5420532226562500
1964.7924              271.5868835449218750
1964.8771              271.7695617675781250
1964.9590              272.2656250000000000
1965.0438              272.7643127441406250
1965.1260              273.0380249023437500
1965.2054              272.8303527832031250
1965.2904              272.2908325195312500
1965.3726              271.7431640625000000
1965.4575              271.7413940429687500
1965.5397              271.7101745605468750
1965.6246              271.6929016113281250
1965.7096              271.6676940917968750
1965.7917              271.6531066894531250
1965.8767              271.7482910156250000
1965.9589              272.1753845214843750
1966.0438              272.8796691894531250
1966.1260              272.9427185058593750
1966.2054              272.6232299804687500
1966.2904              272.0478210449218750
1966.3726              271.5800476074218750
1966.4575              271.5562133789062500
1966.5397              271.5238037109375000
1966.6246              271.4448242187500000
1966.7096              271.4465026855468750
1966.7917              271.4555969238281250
1966.8767              271.5623474121093750
1966.9589              272.0871582031250000
1967.0438              272.5184631347656250
1967.1260              272.8161315917968750
1967.2054              272.5426330566406250
1967.2904              271.7595825195312500
1967.3726              271.5750732421875000
1967.4575              271.5364685058593750
1967.5397              271.5592651367187500
1967.6246              271.5349121093750000
1967.7096              271.4995422363281250
1967.7917              271.5171813964843750
1967.8767              271.6337585449218750
1967.9589              272.1047058105468750
1968.0437              272.6585388183593750
1968.1257              272.8164672851562500
1968.2076              272.5572814941406250
1968.2924              271.9679565429687500
1968.3743              271.5899047851562500
1968.4590              271.5859680175781250
1968.5410              271.5473937988281250
1968.6257              271.5382385253906250
1968.7103              271.5162048339843750
1968.7924              271.5139465332031250
1968.8771              271.5460205078125000
1968.9590              271.8847045898437500
1969.0438              272.4752197265625000
1969.1260              272.7583007812500000
1969.2054              272.4739990234375000
1969.2904              271.9152221679687500
1969.3726              271.5700988769531250
1969.4575              271.5809936523437500
1969.5397              271.5036315917968750
1969.6246              271.4801635742187500
1969.7096              271.5004272460937500
1969.7917              271.5224304199218750
1969.8767              271.6752929687500000
1969.9589              272.0664367675781250
1970.0438              272.8757629394531250
1970.1260              273.3479614257812500
1970.2054              272.7200317382812500
1970.2904              271.9407653808593750
1970.3726              271.5347595214843750
1970.4575              271.4794006347656250
1970.5397              271.4440612792968750
1970.6246              271.4262084960937500
1970.7096              271.4295349121093750
1970.7917              271.4851684570312500
1970.8767              271.5634765625000000
1970.9589              271.8937988281250000
1971.0438              272.5263977050781250
1971.1260              272.8912353515625000
1971.2054              272.5675659179687500
1971.2904              271.9884033203125000
1971.3726              271.5882263183593750
1971.4575              271.5831604003906250
1971.5397              271.5295410156250000
1971.6246              271.5350036621093750
1971.7096              271.5492858886718750
1971.7917              271.5696105957031250
1971.8767              271.6566772460937500
1971.9589              272.1948852539062500
1972.0437              272.7909851074218750
1972.1257              273.0093383789062500
1972.2076              272.8835144042968750
1972.2924              272.3348999023437500
1972.3743              271.7205200195312500
1972.4590              271.6425476074218750
1972.5410              271.6371765136718750
1972.6257              271.6723632812500000
1972.7103              271.6622619628906250
1972.7924              271.6544494628906250
1972.8771              271.7453918457031250
1972.9590              272.2491455078125000
1973.0438              272.9967956542968750
1973.1260              273.2830810546875000
1973.2054              272.8734436035156250
1973.2904              272.2817382812500000
1973.3726              271.7741088867187500
1973.4575              271.6533813476562500
1973.5397              271.6641845703125000
1973.6246              271.6282958984375000
1973.7096              271.6129150390625000
1973.7917              271.6554870605468750
1973.8767              271.6618347167968750
1973.9589              271.8492736816406250
1974.0438              272.2806701660156250
1974.1260              272.6676330566406250
1974.2054              272.6931762695312500
1974.2904              272.2403259277343750
1974.3726              271.7161254882812500
1974.4575              271.7438659667968750
1974.5397              271.6520690917968750
1974.6246              271.6178894042968750
1974.7096              271.6037292480468750
1974.7917              271.5989074707031250
1974.8767              271.8834838867187500
1974.9589              272.4065246582031250
1975.0438              273.0430908203125000
1975.1260              273.3506164550781250
1975.2054              272.9703674316406250
1975.2904              272.2185974121093750
1975.3726              271.7406311035156250
1975.4575              271.7066650390625000
1975.5397              271.7132568359375000
1975.6246              271.6968078613281250
1975.7096              271.6770019531250000
1975.7917              271.6680297851562500
1975.8767              271.8018188476562500
1975.9589              272.3791198730468750
1976.0437              272.8783264160156250
1976.1257              272.5837402343750000
1976.2076              272.6352233886718750
1976.2924              272.2732238769531250
1976.3743              271.8974609375000000
1976.4590              271.8973693847656250
1976.5410              271.8224792480468750
1976.6257              271.7452087402343750
1976.7103              271.6885681152343750
1976.7924              271.6754455566406250
1976.8771              271.7637939453125000
1976.9590              272.3405761718750000
1977.0438              272.9322509765625000
1977.1260              273.1825256347656250
1977.2054              272.8883056640625000
1977.2904              272.2609252929687500
1977.3726              271.6566162109375000
1977.4575              271.6156616210937500
1977.5397              271.6203002929687500
1977.6246              271.5911865234375000
1977.7096              271.6260070800781250
1977.7917              271.6498107910156250
1977.8767              271.6907653808593750
1977.9589              272.2205810546875000
1978.0438              273.2174072265625000
1978.1260              273.2728881835937500
1978.2054              273.0066833496093750
1978.2904              272.3664855957031250
1978.3726              271.8087158203125000
1978.4575              271.6798095703125000
1978.5397              271.6237487792968750
1978.6246              271.6200866699218750
1978.7096              271.6540527343750000
1978.7917              271.6896667480468750
1978.8767              271.8764953613281250
1978.9589              272.4122924804687500
1979.0438              273.0996704101562500
1979.1260              273.2129516601562500
1979.2054              273.0152587890625000
1979.2904              272.4109497070312500
1979.3726              271.8820495605468750
1979.4575              271.8278503417968750
1979.5397              271.7762451171875000
1979.6246              271.7153625488281250
1979.7096              271.7297363281250000
1979.7917              271.7194824218750000
1979.8767              271.8207702636718750
1979.9589              272.3625183105468750
1980.0437              272.9053649902343750
1980.1257              273.1026306152343750
1980.2076              272.8786315917968750
1980.2924              272.4546203613281250
1980.3743              271.8068847656250000
1980.4590              271.7474975585937500
1980.5410              271.6569824218750000
1980.6257              271.6141662597656250
1980.7103              271.6415100097656250
1980.7924              271.7285461425781250
1980.8771              271.9362487792968750
1980.9590              272.5468750000000000
1981.0438              273.2445373535156250
1981.1260              273.2977905273437500
1981.2054              273.0650939941406250
1981.2904              272.5349121093750000
1981.3726              271.8560485839843750
1981.4575              271.7322387695312500
1981.5397              271.6935119628906250
1981.6246              271.6847229003906250
1981.7096              271.6791381835937500
1981.7917              271.7506713867187500
1981.8767              272.0383300781250000
1981.9589              272.6337585449218750
1982.0438              273.2429809570312500
1982.1260              273.4119567871093750
1982.2054              273.0217895507812500
1982.2904              272.3576965332031250
1982.3726              271.8192443847656250
1982.4575              271.6820678710937500
1982.5397              271.6983947753906250
1982.6246              271.6861572265625000
1982.7096              271.7219543457031250
1982.7917              271.7616882324218750
1982.8767              271.9455261230468750
1982.9589              272.5343017578125000
1983.0438              273.0827941894531250
1983.1260              273.2533264160156250
1983.2054              273.0038757324218750
1983.2904              272.4452819824218750
1983.3726              271.8047485351562500
1983.4575              271.7348632812500000
1983.5397              271.6737670898437500
1983.6246              271.7066040039062500
1983.7096              271.7056579589843750
1983.7917              271.6559448242187500
1983.8767              271.8145141601562500
1983.9589              272.3548889160156250
1984.0437              272.8750610351562500
1984.1257              273.1409912109375000
1984.2076              273.0086975097656250
1984.2924              272.4811401367187500
1984.3743              271.8592224121093750
1984.4590              271.7696228027343750
1984.5410              271.7860412597656250
1984.6257              271.8345642089843750
1984.7103              271.8684692382812500
1984.7924              271.8835449218750000
1984.8771              271.9208068847656250
1984.9590              272.5628051757812500
1985.0438              273.1045837402343750
1985.1260              273.2278747558593750
1985.2054              272.9817810058593750
1985.2904              272.2134704589843750
1985.3726              271.8009338378906250
1985.4575              271.7411804199218750
1985.5397              271.6817321777343750
1985.6246              271.6520385742187500
1985.7096              271.7275695800781250
1985.7917              271.7214050292968750
1985.8767              272.0061645507812500
1985.9589              272.6401672363281250
1986.0438              273.0802001953125000
1986.1260              273.3947753906250000
1986.2054              273.0517883300781250
1986.2904              272.3114624023437500
1986.3726              271.8304443359375000
1986.4575              271.8483581542968750
1986.5397              271.8217163085937500
1986.6246              271.8132019042968750
1986.7096              271.7787780761718750
1986.7917              271.8136901855468750
1986.8767              272.0120239257812500
1986.9589              272.4740600585937500
1987.0438              273.0068359375000000
1987.1260              273.2224426269531250
1987.2054              273.0065307617187500
1987.2904              272.4740295410156250
1987.3726              271.7899169921875000
1987.4575              271.7391357421875000
1987.5397              271.7458801269531250
1987.6246              271.7558288574218750
1987.7096              271.7802124023437500
1987.7917              271.7498474121093750
1987.8767              271.9645690917968750
1987.9589              272.5273742675781250
1988.0437              273.1835937500000000
1988.1257              273.3038330078125000
1988.2076              272.9084472656250000
1988.2924              272.4614868164062500
1988.3743              271.8504028320312500
1988.4590              271.7862854003906250
1988.5410              271.7536926269531250
1988.6257              271.7177734375000000
1988.7103              271.7314147949218750
1988.7924              271.7224731445312500
1988.8771              271.8225402832031250
1988.9590              272.4324951171875000
1989.0438              272.9811096191406250
1989.1260              273.2227783203125000
1989.2054              272.9298400878906250
1989.2904              272.3417968750000000
1989.3726              271.8767089843750000
1989.4575              271.7952575683593750
1989.5397              271.7141723632812500
1989.6246              271.7246704101562500
1989.7096              271.7886352539062500
1989.7917              271.7578430175781250
1989.8767              271.7925720214843750
1989.9589              272.4768066406250000
1990.0438              273.1694641113281250
1990.1260              273.4501953125000000
1990.2054              273.1308593750000000
1990.2904              272.3535766601562500
1990.3726              271.7966918945312500
1990.4575              271.7976074218750000
1990.5397              271.7625122070312500
1990.6246              271.7581176757812500
1990.7096              271.7503356933593750
1990.7917              271.7775268554687500
1990.8767              272.0426025390625000
1990.9589              272.5517578125000000
1991.0438              273.2697448730468750
1991.1260              273.4102172851562500
1991.2054              273.1354064941406250
1991.2904              272.5396423339843750
1991.3726              271.8690185546875000
1991.4575              271.8447265625000000
1991.5397              271.8040161132812500
1991.6246              271.7956542968750000
1991.7096              271.8114318847656250
1991.7917              271.7439880371093750
1991.8767              271.8086242675781250
1991.9589              272.3464965820312500
1992.0437              272.9768981933593750
1992.1257              273.2537231445312500
1992.2076              273.1346740722656250
1992.2924              272.4235229492187500
1992.3743              271.7885742187500000
1992.4590              271.7202758789062500
1992.5410              271.6906433105468750
1992.6257              271.6584472656250000
1992.7103              271.6669311523437500
1992.7924              271.6557922363281250
1992.8771              271.7498474121093750
1992.9590              272.2556152343750000
1993.0438              272.9273681640625000
1993.1260              273.1555175781250000
1993.2054              272.9379882812500000
1993.2904              272.2023315429687500
1993.3726              271.6648254394531250
1993.4575              271.5790710449218750
1993.5397              271.5369567871093750
1993.6246              271.5736694335937500
1993.7096              271.5576782226562500
1993.7917              271.5254516601562500
1993.8767              271.6693420410156250
1993.9589              272.1179199218750000
1994.0438              272.7835388183593750
1994.1260              273.0500488281250000
1994.2054              272.6050415039062500
1994.2904              272.1049499511718750
1994.3726              271.6136474609375000
1994.4575              271.5139770507812500
1994.5397              271.4542846679687500
1994.6246              271.4608459472656250
1994.7096              271.4659118652343750
1994.7917              271.4985961914062500
1994.8767              271.6286621093750000
1994.9589              272.0950927734375000
1995.0438              272.7897949218750000
1995.1260              272.9856567382812500
1995.2054              272.6345520019531250
1995.2904              272.1203002929687500
1995.3726              271.6106567382812500
1995.4575              271.5506896972656250
1995.5397              271.5399780273437500
1995.6246              271.5878295898437500
1995.7096              271.6148071289062500
1995.7917              271.6339111328125000
1995.8767              271.6918029785156250
1995.9589              272.1318664550781250
1996.0437              272.6856079101562500
1996.1257              273.0129089355468750
1996.2076              272.7827148437500000
1996.2924              272.1069335937500000
1996.3743              271.7102355957031250
1996.4590              271.7020874023437500
1996.5410              271.6116638183593750
1996.6257              271.5880432128906250
1996.7103              271.5687255859375000
1996.7924              271.5710144042968750
1996.8771              271.7887268066406250
1996.9590              272.5135803222656250
1997.0438              273.1595458984375000
1997.1260              273.3798828125000000
1997.2054              272.9584655761718750
1997.2904              272.2301330566406250
1997.3726              271.6718444824218750
1997.4575              271.6585998535156250
1997.5397              271.6542053222656250
1997.6246              271.6393432617187500
1997.7096              271.6167907714843750
1997.7917              271.6951904296875000
1997.8767              272.0126953125000000
1997.9589              272.7304382324218750
1998.0438              273.1964111328125000
1998.1260              273.3996582031250000
1998.2054              273.0940246582031250
1998.2904              272.5162353515625000
1998.3726              271.9244384765625000
1998.4575              271.8405151367187500
1998.5397              271.7700805664062500
1998.6246              271.7370605468750000
1998.7096              271.7244567871093750
1998.7917              271.7551269531250000
1998.8767              271.8592834472656250
1998.9589              272.3189086914062500
1999.0438              272.8549499511718750
1999.1260              273.0512390136718750
1999.2054              272.7854919433593750
1999.2904              272.2497558593750000
1999.3726              271.8067626953125000
1999.4575              271.7628479003906250
1999.5397              271.7205810546875000
1999.6246              271.7180175781250000
1999.7096              271.7019348144531250
1999.7917              271.7333984375000000
1999.8767              271.8281860351562500
1999.9589              271.9453125000000000
