1870.0438              271.6622009277343750
1870.1260              271.8056030273437500
1870.2054              271.7872314453125000
1870.2904              271.4867553710937500
1870.3726              271.4293212890625000
1870.4575              271.3623046875000000
1870.5397              271.3662719726562500
1870.6246              271.3701782226562500
1870.7096              271.3602600097656250
1870.7917              271.4053039550781250
1870.8767              271.3914489746093750
1870.9589              271.4632568359375000
1871.0438              271.5942687988281250
1871.1260              271.9007568359375000
1871.2054              271.9163513183593750
1871.2904              271.5280761718750000
1871.3726              271.4383850097656250
1871.4575              271.3833923339843750
1871.5397              271.3976135253906250
1871.6246              271.3798828125000000
1871.7096              271.4142150878906250
1871.7917              271.4058837890625000
1871.8767              271.4164123535156250
1871.9589              271.4864196777343750
1872.0437              271.6936035156250000
1872.1257              272.0263366699218750
1872.2076              272.0068054199218750
1872.2924              271.5910949707031250
1872.3743              271.4163208007812500
1872.4590              271.3936462402343750
1872.5410              271.3731384277343750
1872.6257              271.3982238769531250
1872.7103              271.4299621582031250
1872.7924              271.3883361816406250
1872.8771              271.4477233886718750
1872.9590              271.5581665039062500
1873.0438              271.8125915527343750
1873.1260              272.2443237304687500
1873.2054              272.2635803222656250
1873.2904              271.7198181152343750
1873.3726              271.4378356933593750
1873.4575              271.3969116210937500
1873.5397              271.3693542480468750
1873.6246              271.3708801269531250
1873.7096              271.3820800781250000
1873.7917              271.3836364746093750
1873.8767              271.4318237304687500
1873.9589              271.4985351562500000
1874.0438              271.5706787109375000
1874.1260              271.8256835937500000
1874.2054              271.8851013183593750
1874.2904              271.5466613769531250
1874.3726              271.5091247558593750
1874.4575              271.4176940917968750
1874.5397              271.3698425292968750
1874.6246              271.3756103515625000
1874.7096              271.3626708984375000
1874.7917              271.3815307617187500
1874.8767              271.4229736328125000
1874.9589              271.5437011718750000
1875.0438              271.8693237304687500
1875.1260              272.2217102050781250
1875.2054              272.1593322753906250
1875.2904              271.7207336425781250
1875.3726              271.4523010253906250
1875.4575              271.4066162109375000
1875.5397              271.4321899414062500
1875.6246              271.3768615722656250
1875.7096              271.3654785156250000
1875.7917              271.3987731933593750
1875.8767              271.4114074707031250
1875.9589              271.4902954101562500
1876.0437              271.5885925292968750
1876.1257              271.8549499511718750
1876.2076              271.9620056152343750
1876.2924              271.5694580078125000
1876.3743              271.5052185058593750
1876.4590              271.4487609863281250
1876.5410              271.4040832519531250
1876.6257              271.4062805175781250
1876.7103              271.4123229980468750
1876.7924              271.3931579589843750
1876.8771              271.4258117675781250
1876.9590              271.5065612792968750
1877.0438              271.7338256835937500
1877.1260              272.1244506835937500
1877.2054              272.2016296386718750
1877.2904              271.8729858398437500
1877.3726              271.4575195312500000
1877.4575              271.3999023437500000
1877.5397              271.3952941894531250
1877.6246              271.3566589355468750
1877.7096              271.3912963867187500
1877.7917              271.3777465820312500
1877.8767              271.4139709472656250
1877.9589              271.5193176269531250
1878.0438              271.6263427734375000
1878.1260              271.8768005371093750
1878.2054              271.9155883789062500
1878.2904              271.5685119628906250
1878.3726              271.4992980957031250
1878.4575              271.3949279785156250
1878.5397              271.3644409179687500
1878.6246              271.3506469726562500
1878.7096              271.3646240234375000
1878.7917              271.3799133300781250
1878.8767              271.4102172851562500
1878.9589              271.5232543945312500
1879.0438              271.7077331542968750
1879.1260              272.0308837890625000
1879.2054              272.0557861328125000
1879.2904              271.5847473144531250
1879.3726              271.3873291015625000
1879.4575              271.3648986816406250
1879.5397              271.3565368652343750
1879.6246              271.3942565917968750
1879.7096              271.3889160156250000
1879.7917              271.3925170898437500
1879.8767              271.4350891113281250
1879.9589              271.5404663085937500
1880.0437              271.7909545898437500
1880.1257              272.0888977050781250
1880.2076              272.0733642578125000
1880.2924              271.7500610351562500
1880.3743              271.5000000000000000
1880.4590              271.4571533203125000
1880.5410              271.3742065429687500
1880.6257              271.4108886718750000
1880.7103              271.3972778320312500
1880.7924              271.4364929199218750
1880.8771              271.4664001464843750
1880.9590              271.5880432128906250
1881.0438              271.9056396484375000
1881.1260              272.2854614257812500
1881.2054              272.2716369628906250
1881.2904              271.8177795410156250
1881.3726              271.4807739257812500
1881.4575              271.4098510742187500
1881.5397              271.3652648925781250
1881.6246              271.3748779296875000
1881.7096              271.3920288085937500
1881.7917              271.3842163085937500
1881.8767              271.4282531738281250
1881.9589              271.4906616210937500
1882.0438              271.7317199707031250
1882.1260              272.1282348632812500
1882.2054              272.0655822753906250
1882.2904              271.6334838867187500
1882.3726              271.5202941894531250
1882.4575              271.4972839355468750
1882.5397              271.3807373046875000
1882.6246              271.3627014160156250
1882.7096              271.3883666992187500
1882.7917              271.3892211914062500
1882.8767              271.4399719238281250
1882.9589              271.5157775878906250
1883.0438              271.6859436035156250
1883.1260              272.0758361816406250
1883.2054              272.1863403320312500
1883.2904              271.8913269042968750
1883.3726              271.4963684082031250
1883.4575              271.4306945800781250
1883.5397              271.3588562011718750
1883.6246              271.4082336425781250
1883.7096              271.3918151855468750
1883.7917              271.4221191406250000
1883.8767              271.4148254394531250
1883.9589              271.5081481933593750
1884.0437              271.8154602050781250
1884.1257              272.2394409179687500
1884.2076              272.2297668457031250
1884.2924              271.8611145019531250
1884.3743              271.4951477050781250
1884.4590              271.3814086914062500
1884.5410              271.3910217285156250
1884.6257              271.3836059570312500
1884.7103              271.3784484863281250
1884.7924              271.4222717285156250
1884.8771              271.4546813964843750
1884.9590              271.5561828613281250
1885.0438              271.8211059570312500
1885.1260              272.1846008300781250
1885.2054              272.1231689453125000
1885.2904              271.7633666992187500
1885.3726              271.6136474609375000
1885.4575              271.4518737792968750
1885.5397              271.3894958496093750
1885.6246              271.3880310058593750
1885.7096              271.3929138183593750
1885.7917              271.3838500976562500
1885.8767              271.4240722656250000
1885.9589              271.5596923828125000
1886.0438              271.7849121093750000
1886.1260              272.0787048339843750
1886.2054              272.0186767578125000
1886.2904              271.5184326171875000
1886.3726              271.4340209960937500
1886.4575              271.3827819824218750
1886.5397              271.3576660156250000
1886.6246              271.4049682617187500
1886.7096              271.3853149414062500
1886.7917              271.3764648437500000
1886.8767              271.4275207519531250
1886.9589              271.4895324707031250
1887.0438              271.6705932617187500
1887.1260              272.1135864257812500
1887.2054              272.1883239746093750
1887.2904              271.9082031250000000
1887.3726              271.4212951660156250
1887.4575              271.3831176757812500
1887.5397              271.3692626953125000
1887.6246              271.3760070800781250
1887.7096              271.3498840332031250
1887.7917              271.3865051269531250
1887.8767              271.4209594726562500
1887.9589              271.5030517578125000
1888.0437              271.6477661132812500
1888.1257              271.9158020019531250
1888.2076              271.9070129394531250
1888.2924              271.5824279785156250
1888.3743              271.4931335449218750
1888.4590              271.4097290039062500
1888.5410              271.3808593750000000
1888.6257              271.3739013671875000
1888.7103              271.4230041503906250
1888.7924              271.4139404296875000
1888.8771              271.4190673828125000
1888.9590              271.4832153320312500
1889.0438              271.6574707031250000
1889.1260              271.9721374511718750
1889.2054              272.0456237792968750
1889.2904              271.7302856445312500
1889.3726              271.4374084472656250
1889.4575              271.3745422363281250
1889.5397              271.3614501953125000
1889.6246              271.3688964843750000
1889.7096              271.3773803710937500
1889.7917              271.4055480957031250
1889.8767              271.4479980468750000
1889.9589              271.5104370117187500
1890.0438              271.6871337890625000
1890.1260              271.9522705078125000
1890.2054              271.9729309082031250
1890.2904              271.5747985839843750
1890.3726              271.4225463867187500
1890.4575              271.3742065429687500
1890.5397              271.3741760253906250
1890.6246              271.3742675781250000
1890.7096              271.3754577636718750
1890.7917              271.3744506835937500
1890.8767              271.4320983886718750
1890.9589              271.5121154785156250
1891.0438              271.6168212890625000
1891.1260              271.8054809570312500
1891.2054              271.8723754882812500
1891.2904              271.5968627929687500
1891.3726              271.4729003906250000
1891.4575              271.3941650390625000
1891.5397              271.3580932617187500
1891.6246              271.3780212402343750
1891.7096              271.4316711425781250
1891.7917              271.3890991210937500
1891.8767              271.4123229980468750
1891.9589              271.4873352050781250
1892.0437              271.6474914550781250
1892.1257              272.0138244628906250
1892.2076              271.9921875000000000
1892.2924              271.5566101074218750
1892.3743              271.4297790527343750
1892.4590              271.3852233886718750
1892.5410              271.3946228027343750
1892.6257              271.4114074707031250
1892.7103              271.4007568359375000
1892.7924              271.4190673828125000
1892.8771              271.4065551757812500
1892.9590              271.4823913574218750
1893.0438              271.6528320312500000
1893.1260              271.9950866699218750
1893.2054              271.9717712402343750
1893.2904              271.6560058593750000
1893.3726              271.4631347656250000
1893.4575              271.4166259765625000
1893.5397              271.3670043945312500
1893.6246              271.3870849609375000
1893.7096              271.4029846191406250
1893.7917              271.4273681640625000
1893.8767              271.4497375488281250
1893.9589              271.5403747558593750
1894.0438              271.8516540527343750
1894.1260              272.2146911621093750
1894.2054              272.1803894042968750
1894.2904              271.6217651367187500
1894.3726              271.4329528808593750
1894.4575              271.3864746093750000
1894.5397              271.3648681640625000
1894.6246              271.3620605468750000
1894.7096              271.3544921875000000
1894.7917              271.3691406250000000
1894.8767              271.4210815429687500
1894.9589              271.5031127929687500
1895.0438              271.6011962890625000
1895.1260              271.7413330078125000
1895.2054              271.7630920410156250
1895.2904              271.5418701171875000
1895.3726              271.4952087402343750
1895.4575              271.4078063964843750
1895.5397              271.3642578125000000
1895.6246              271.3911132812500000
1895.7096              271.3710021972656250
1895.7917              271.3877563476562500
1895.8767              271.4160766601562500
1895.9589              271.5261230468750000
1896.0437              271.8726806640625000
1896.1257              272.1841430664062500
1896.2076              272.1448669433593750
1896.2924              271.6309814453125000
1896.3743              271.4737854003906250
1896.4590              271.4035949707031250
1896.5410              271.3975219726562500
1896.6257              271.3793945312500000
1896.7103              271.4180908203125000
1896.7924              271.4017333984375000
1896.8771              271.4711608886718750
1896.9590              271.5994567871093750
1897.0438              271.8939208984375000
1897.1260              272.2276000976562500
1897.2054              272.0830993652343750
1897.2904              271.6227111816406250
1897.3726              271.4479370117187500
1897.4575              271.4123535156250000
1897.5397              271.3694152832031250
1897.6246              271.3590698242187500
1897.7096              271.3598937988281250
1897.7917              271.3716430664062500
1897.8767              271.4517517089843750
1897.9589              271.6013488769531250
1898.0438              272.1088256835937500
1898.1260              272.4866333007812500
1898.2054              272.2984008789062500
1898.2904              271.6821594238281250
1898.3726              271.4763183593750000
1898.4575              271.4082946777343750
1898.5397              271.4141540527343750
1898.6246              271.4138183593750000
1898.7096              271.3980712890625000
1898.7917              271.4081420898437500
1898.8767              271.4257202148437500
1898.9589              271.4883117675781250
1899.0438              271.6658935546875000
1899.1260              271.9698791503906250
1899.2054              271.9562988281250000
1899.2904              271.4651184082031250
1899.3726              271.3911743164062500
1899.4575              271.3742370605468750
1899.5397              271.3885192871093750
1899.6246              271.3980102539062500
1899.7096              271.3552856445312500
1899.7917              271.4291076660156250
1899.8767              271.4313659667968750
1899.9589              271.5269470214843750
1900.0438              271.7083129882812500
1900.1260              272.0023803710937500
1900.2054              271.9696350097656250
1900.2904              271.5523681640625000
1900.3726              271.5010986328125000
1900.4575              271.4314575195312500
1900.5397              271.3891601562500000
1900.6246              271.3865966796875000
1900.7096              271.3927001953125000
1900.7917              271.3873596191406250
1900.8767              271.4221496582031250
1900.9589              271.5492553710937500
1901.0438              271.7013244628906250
1901.1260              271.9762878417968750
1901.2054              272.0095214843750000
1901.2904              271.6364440917968750
1901.3726              271.4773559570312500
1901.4575              271.3790283203125000
1901.5397              271.3902282714843750
1901.6246              271.3640747070312500
1901.7096              271.4020996093750000
1901.7917              271.4225769042968750
1901.8767              271.4959106445312500
1901.9589              271.6589050292968750
1902.0438              271.9183349609375000
1902.1260              272.3591308593750000
1902.2054              272.3821105957031250
1902.2904              271.8535766601562500
1902.3726              271.5971679687500000
1902.4575              271.4847412109375000
1902.5397              271.3837585449218750
1902.6246              271.3695983886718750
1902.7096              271.3624267578125000
1902.7917              271.4045715332031250
1902.8767              271.4319152832031250
1902.9589              271.5314025878906250
1903.0438              271.9917297363281250
1903.1260              272.3284301757812500
1903.2054              272.2218017578125000
1903.2904              271.7319030761718750
1903.3726              271.4880065917968750
1903.4575              271.4097595214843750
1903.5397              271.3934326171875000
1903.6246              271.4485473632812500
1903.7096              271.4020080566406250
1903.7917              271.3716125488281250
1903.8767              271.4138488769531250
1903.9589              271.5090026855468750
1904.0437              271.7423706054687500
1904.1257              272.1417846679687500
1904.2076              272.1884460449218750
1904.2924              271.6700744628906250
1904.3743              271.5238952636718750
1904.4590              271.4566345214843750
1904.5410              271.3918151855468750
1904.6257              271.3870239257812500
1904.7103              271.3975219726562500
1904.7924              271.3817138671875000
1904.8771              271.4218444824218750
1904.9590              271.5277099609375000
1905.0438              271.8005981445312500
1905.1260              272.1854858398437500
1905.2054              272.1018371582031250
1905.2904              271.7328796386718750
1905.3726              271.4288635253906250
1905.4575              271.3849487304687500
1905.5397              271.3821411132812500
1905.6246              271.4108581542968750
1905.7096              271.4181213378906250
1905.7917              271.4218750000000000
1905.8767              271.4180297851562500
1905.9589              271.4824829101562500
1906.0438              271.7496643066406250
1906.1260              272.1471252441406250
1906.2054              272.0888366699218750
1906.2904              271.6901245117187500
1906.3726              271.4599914550781250
1906.4575              271.3890686035156250
1906.5397              271.3603210449218750
1906.6246              271.3500976562500000
1906.7096              271.3780517578125000
1906.7917              271.4106750488281250
1906.8767              271.4134826660156250
1906.9589              271.4676818847656250
1907.0438              271.5657043457031250
1907.1260              271.9075927734375000
1907.2054              272.0576477050781250
1907.2904              271.7610473632812500
1907.3726              271.4064331054687500
1907.4575              271.3694458007812500
1907.5397              271.3867492675781250
1907.6246              271.3598632812500000
1907.7096              271.4127502441406250
1907.7917              271.4211730957031250
1907.8767              271.4197692871093750
1907.9589              271.4941101074218750
1908.0437              271.7278442382812500
1908.1257              272.1401062011718750
1908.2076              272.1656494140625000
1908.2924              271.7257995605468750
1908.3743              271.3895263671875000
1908.4590              271.3576049804687500
1908.5410              271.3684387207031250
1908.6257              271.4123535156250000
1908.7103              271.3771972656250000
1908.7924              271.3638305664062500
1908.8771              271.3900451660156250
1908.9590              271.4672546386718750
1909.0438              271.6210632324218750
1909.1260              272.0361328125000000
1909.2054              272.0169982910156250
1909.2904              271.5243530273437500
1909.3726              271.3980102539062500
1909.4575              271.3772583007812500
1909.5397              271.3990783691406250
1909.6246              271.4043273925781250
1909.7096              271.3856506347656250
1909.7917              271.3962097167968750
1909.8767              271.4131469726562500
1909.9589              271.4631958007812500
1910.0438              271.7297058105468750
1910.1260              272.1541748046875000
1910.2054              272.0955505371093750
1910.2904              271.5203247070312500
1910.3726              271.4177246093750000
1910.4575              271.3692321777343750
1910.5397              271.3595275878906250
1910.6246              271.4274597167968750
1910.7096              271.3973083496093750
1910.7917              271.3982543945312500
1910.8767              271.4615783691406250
1910.9589              271.5433959960937500
1911.0438              271.8274841308593750
1911.1260              272.2136230468750000
1911.2054              272.1980590820312500
1911.2904              271.8147277832031250
1911.3726              271.4441528320312500
1911.4575              271.3885192871093750
1911.5397              271.3739929199218750
1911.6246              271.4201660156250000
1911.7096              271.3737182617187500
1911.7917              271.3888244628906250
1911.8767              271.4036865234375000
1911.9589              271.4985351562500000
1912.0437              271.6947631835937500
1912.1257              272.0940856933593750
1912.2076              272.1055603027343750
1912.2924              271.6067199707031250
1912.3743              271.4076538085937500
1912.4590              271.3726806640625000
1912.5410              271.3749389648437500
1912.6257              271.3584594726562500
1912.7103              271.3645629882812500
1912.7924              271.3604736328125000
1912.8771              271.4320678710937500
1912.9590              271.4833374023437500
1913.0438              271.6499633789062500
1913.1260              271.9798889160156250
1913.2054              271.8685607910156250
1913.2904              271.5737304687500000
1913.3726              271.4449157714843750
1913.4575              271.3886413574218750
1913.5397              271.4001770019531250
1913.6246              271.3809814453125000
1913.7096              271.4145202636718750
1913.7917              271.4277954101562500
1913.8767              271.4416503906250000
1913.9589              271.5107727050781250
1914.0438              271.7617797851562500
1914.1260              272.1267395019531250
1914.2054              272.1364746093750000
1914.2904              271.7874450683593750
1914.3726              271.4165344238281250
1914.4575              271.3916625976562500
1914.5397              271.3701782226562500
1914.6246              271.3887023925781250
1914.7096              271.3952331542968750
1914.7917              271.3786010742187500
1914.8767              271.4052734375000000
1914.9589              271.4909667968750000
1915.0438              271.7027893066406250
1915.1260              272.1816711425781250
1915.2054              272.2671203613281250
1915.2904              271.8198852539062500
1915.3726              271.4088439941406250
1915.4575              271.3806457519531250
1915.5397              271.3596496582031250
1915.6246              271.3719177246093750
1915.7096              271.3852539062500000
1915.7917              271.4108581542968750
1915.8767              271.4654541015625000
1915.9589              271.5411071777343750
1916.0437              271.7434387207031250
1916.1257              272.0539245605468750
1916.2076              272.0402221679687500
1916.2924              271.4960632324218750
1916.3743              271.4252929687500000
1916.4590              271.3734436035156250
1916.5410              271.3902893066406250
1916.6257              271.4020385742187500
1916.7103              271.3829650878906250
1916.7924              271.4047851562500000
1916.8771              271.4549255371093750
1916.9590              271.4978637695312500
1917.0438              271.6857299804687500
1917.1260              272.1047668457031250
1917.2054              272.1889648437500000
1917.2904              271.8403320312500000
1917.3726              271.3732299804687500
1917.4575              271.3470458984375000
1917.5397              271.3568115234375000
1917.6246              271.3702087402343750
1917.7096              271.3656005859375000
1917.7917              271.4198913574218750
1917.8767              271.4224243164062500
1917.9589              271.4912719726562500
1918.0438              271.7676391601562500
1918.1260              272.2162170410156250
1918.2054              272.2145690917968750
1918.2904              271.7259826660156250
1918.3726              271.3948059082031250
1918.4575              271.3591918945312500
1918.5397              271.3616333007812500
1918.6246              271.4158935546875000
1918.7096              271.3578186035156250
1918.7917              271.3599548339843750
1918.8767              271.4140930175781250
1918.9589              271.5437927246093750
1919.0438              271.7361450195312500
1919.1260              272.1008300781250000
1919.2054              272.0789489746093750
1919.2904              271.6197204589843750
1919.3726              271.4126281738281250
1919.4575              271.3778686523437500
1919.5397              271.3687744140625000
1919.6246              271.3808288574218750
1919.7096              271.3557434082031250
1919.7917              271.4052734375000000
1919.8767              271.4257812500000000
1919.9589              271.5272521972656250
1920.0437              271.8434753417968750
1920.1257              272.3264465332031250
1920.2076              272.2772521972656250
1920.2924              271.8329772949218750
1920.3743              271.4327697753906250
1920.4590              271.3674011230468750
1920.5410              271.3782653808593750
1920.6257              271.3610839843750000
1920.7103              271.3594970703125000
1920.7924              271.4016113281250000
1920.8771              271.4205017089843750
1920.9590              271.5164489746093750
1921.0438              271.6817016601562500
1921.1260              271.9445190429687500
1921.2054              272.0053100585937500
1921.2904              271.6272583007812500
1921.3726              271.4809570312500000
1921.4575              271.4467468261718750
1921.5397              271.4016113281250000
1921.6246              271.3640747070312500
1921.7096              271.4163818359375000
1921.7917              271.3936462402343750
1921.8767              271.4773559570312500
1921.9589              271.6361694335937500
1922.0438              271.8934631347656250
1922.1260              272.3116760253906250
1922.2054              272.3872680664062500
1922.2904              272.0776062011718750
1922.3726              271.5870666503906250
1922.4575              271.4263000488281250
1922.5397              271.3708496093750000
1922.6246              271.3614501953125000
1922.7096              271.3764953613281250
1922.7917              271.4610595703125000
1922.8767              271.4566955566406250
1922.9589              271.5186462402343750
1923.0438              271.6723022460937500
1923.1260              271.9460144042968750
1923.2054              272.0823974609375000
1923.2904              271.8277282714843750
1923.3726              271.5530700683593750
1923.4575              271.4515686035156250
1923.5397              271.3651123046875000
1923.6246              271.4015197753906250
1923.7096              271.4016113281250000
1923.7917              271.3649597167968750
1923.8767              271.4224243164062500
1923.9589              271.5680236816406250
1924.0437              271.6933898925781250
1924.1257              271.8936157226562500
1924.2076              272.0069885253906250
1924.2924              271.7773742675781250
1924.3743              271.6387023925781250
1924.4590              271.5292053222656250
1924.5410              271.4102172851562500
1924.6257              271.3782348632812500
1924.7103              271.4062194824218750
1924.7924              271.4381408691406250
1924.8771              271.4526062011718750
1924.9590              271.5376892089843750
1925.0438              271.8569335937500000
1925.1260              272.2789916992187500
1925.2054              272.2996215820312500
1925.2904              271.9382629394531250
1925.3726              271.4596557617187500
1925.4575              271.4578857421875000
1925.5397              271.3854370117187500
1925.6246              271.3728027343750000
1925.7096              271.3694152832031250
1925.7917              271.3999633789062500
1925.8767              271.4419860839843750
1925.9589              271.5193176269531250
1926.0438              271.7828063964843750
1926.1260              272.2520751953125000
1926.2054              272.2581787109375000
1926.2904              271.6914062500000000
1926.3726              271.4084472656250000
1926.4575              271.3696594238281250
1926.5397              271.3518981933593750
1926.6246              271.3582458496093750
1926.7096              271.3833618164062500
1926.7917              271.3809204101562500
1926.8767              271.4084472656250000
1926.9589              271.4892578125000000
1927.0438              271.6626892089843750
1927.1260              271.9875488281250000
1927.2054              272.0128479003906250
1927.2904              271.6115417480468750
1927.3726              271.4247741699218750
1927.4575              271.3770141601562500
1927.5397              271.3602294921875000
1927.6246              271.3635253906250000
1927.7096              271.3965454101562500
1927.7917              271.3793945312500000
1927.8767              271.4082946777343750
1927.9589              271.5165405273437500
1928.0437              271.7004394531250000
1928.1257              272.0469360351562500
1928.2076              272.0961303710937500
1928.2924              271.7899169921875000
1928.3743              271.3856811523437500
1928.4590              271.4146118164062500
1928.5410              271.3736572265625000
1928.6257              271.3698425292968750
1928.7103              271.3695678710937500
1928.7924              271.3806762695312500
1928.8771              271.4050903320312500
1928.9590              271.5127258300781250
1929.0438              271.5996093750000000
1929.1260              271.8006286621093750
1929.2054              271.8493041992187500
1929.2904              271.5125427246093750
1929.3726              271.4143676757812500
1929.4575              271.3639831542968750
1929.5397              271.3776855468750000
1929.6246              271.4006347656250000
1929.7096              271.3867492675781250
1929.7917              271.4102172851562500
1929.8767              271.4201049804687500
1929.9589              271.5070190429687500
1930.0438              271.6552734375000000
1930.1260              272.0268554687500000
1930.2054              272.0578308105468750
1930.2904              271.6252746582031250
1930.3726              271.4088439941406250
1930.4575              271.3771362304687500
1930.5397              271.3468017578125000
1930.6246              271.3584289550781250
1930.7096              271.3766479492187500
1930.7917              271.3763122558593750
1930.8767              271.4150085449218750
1930.9589              271.5198669433593750
1931.0438              271.7579040527343750
1931.1260              272.1782226562500000
1931.2054              272.2863769531250000
1931.2904              271.8652343750000000
1931.3726              271.4580688476562500
1931.4575              271.4137573242187500
1931.5397              271.3786315917968750
1931.6246              271.3591003417968750
1931.7096              271.3809814453125000
1931.7917              271.4060974121093750
1931.8767              271.4250183105468750
1931.9589              271.5096740722656250
1932.0437              271.7076721191406250
1932.1257              272.0423278808593750
1932.2076              272.0769653320312500
1932.2924              271.6694335937500000
1932.3743              271.4783935546875000
1932.4590              271.4170532226562500
1932.5410              271.3825683593750000
1932.6257              271.3876647949218750
1932.7103              271.3659362792968750
1932.7924              271.3730468750000000
1932.8771              271.4230041503906250
1932.9590              271.5358886718750000
1933.0438              271.8336486816406250
1933.1260              272.2023925781250000
1933.2054              272.1770324707031250
1933.2904              271.6328125000000000
1933.3726              271.4794006347656250
1933.4575              271.3889770507812500
1933.5397              271.3872375488281250
1933.6246              271.3717041015625000
1933.7096              271.3659973144531250
1933.7917              271.4152832031250000
1933.8767              271.4559936523437500
1933.9589              271.5459289550781250
1934.0438              271.7655334472656250
1934.1260              272.1359863281250000
1934.2054              272.1136169433593750
1934.2904              271.6072082519531250
1934.3726              271.4458007812500000
1934.4575              271.3754882812500000
1934.5397              271.4050903320312500
1934.6246              271.3678283691406250
1934.7096              271.3883972167968750
1934.7917              271.4015502929687500
1934.8767              271.4443054199218750
1934.9589              271.5517578125000000
1935.0438              271.8034057617187500
1935.1260              272.0960998535156250
1935.2054              272.1459960937500000
1935.2904              271.7343139648437500
1935.3726              271.4945373535156250
1935.4575              271.4163208007812500
1935.5397              271.3735656738281250
1935.6246              271.3814392089843750
1935.7096              271.3829956054687500
1935.7917              271.4382629394531250
1935.8767              271.4707336425781250
1935.9589              271.5325012207031250
1936.0437              271.7289733886718750
1936.1257              272.1372070312500000
1936.2076              272.2349243164062500
1936.2924              271.7776184082031250
1936.3743              271.4350280761718750
1936.4590              271.3801879882812500
1936.5410              271.3864746093750000
1936.6257              271.3801574707031250
1936.7103              271.3754882812500000
1936.7924              271.4254455566406250
1936.8771              271.4174499511718750
1936.9590              271.5199584960937500
1937.0438              271.7698974609375000
1937.1260              272.0780639648437500
1937.2054              272.0363464355468750
1937.2904              271.6293640136718750
1937.3726              271.5045776367187500
1937.4575              271.3983154296875000
1937.5397              271.3966979980468750
1937.6246              271.3826904296875000
1937.7096              271.3959960937500000
1937.7917              271.3887939453125000
1937.8767              271.4033508300781250
1937.9589              271.5252685546875000
1938.0438              271.6249694824218750
1938.1260              271.7997436523437500
1938.2054              271.8042297363281250
1938.2904              271.5382080078125000
1938.3726              271.4704284667968750
1938.4575              271.4121704101562500
1938.5397              271.3867797851562500
1938.6246              271.4028930664062500
1938.7096              271.3725585937500000
1938.7917              271.3893127441406250
1938.8767              271.4252624511718750
1938.9589              271.5018310546875000
1939.0438              271.6126098632812500
1939.1260              271.8816833496093750
1939.2054              271.9418029785156250
1939.2904              271.5619506835937500
1939.3726              271.5404357910156250
1939.4575              271.4588012695312500
1939.5397              271.3795471191406250
1939.6246              271.4013977050781250
1939.7096              271.4118041992187500
1939.7917              271.3800048828125000
1939.8767              271.4383850097656250
1939.9589              271.4887390136718750
1940.0437              271.6324157714843750
1940.1257              271.8741455078125000
1940.2076              271.8693237304687500
1940.2924              271.4834594726562500
1940.3743              271.4287414550781250
1940.4590              271.3770446777343750
1940.5410              271.3652648925781250
1940.6257              271.3788452148437500
1940.7103              271.4405822753906250
1940.7924              271.3966674804687500
1940.8771              271.3992614746093750
1940.9590              271.4594421386718750
1941.0438              271.6911926269531250
1941.1260              272.0475158691406250
1941.2054              271.9979858398437500
1941.2904              271.5899353027343750
1941.3726              271.4169006347656250
1941.4575              271.3846740722656250
1941.5397              271.4030456542968750
1941.6246              271.3712463378906250
1941.7096              271.3799438476562500
1941.7917              271.4386596679687500
1941.8767              271.4513244628906250
1941.9589              271.5467834472656250
1942.0438              271.8201904296875000
1942.1260              272.1808471679687500
1942.2054              272.0199279785156250
1942.2904              271.5672607421875000
1942.3726              271.4149169921875000
1942.4575              271.3630676269531250
1942.5397              271.3555908203125000
1942.6246              271.4151916503906250
1942.7096              271.3800354003906250
1942.7917              271.3982849121093750
1942.8767              271.4228210449218750
1942.9589              271.5008850097656250
1943.0438              271.6324157714843750
1943.1260              271.9743041992187500
1943.2054              271.9756774902343750
1943.2904              271.5989990234375000
1943.3726              271.4393920898437500
1943.4575              271.3924865722656250
1943.5397              271.3638000488281250
1943.6246              271.4027404785156250
1943.7096              271.3762512207031250
1943.7917              271.3759155273437500
1943.8767              271.4293518066406250
1943.9589              271.5019226074218750
1944.0437              271.6448059082031250
1944.1257              271.9828796386718750
1944.2076              271.9611206054687500
1944.2924              271.5707397460937500
1944.3743              271.4758605957031250
1944.4590              271.3742675781250000
1944.5410              271.3913879394531250
1944.6257              271.3736877441406250
1944.7103              271.3679809570312500
1944.7924              271.3595581054687500
1944.8771              271.4198913574218750
1944.9590              271.5177307128906250
1945.0438              271.7526550292968750
1945.1260              272.1203918457031250
1945.2054              272.1005859375000000
1945.2904              271.6831054687500000
1945.3726              271.4947204589843750
1945.4575              271.3835449218750000
1945.5397              271.3905029296875000
1945.6246              271.4143981933593750
1945.7096              271.3868713378906250
1945.7917              271.3941955566406250
1945.8767              271.4169006347656250
1945.9589              271.5020446777343750
1946.0438              271.8411254882812500
1946.1260              272.3005371093750000
1946.2054              272.3187561035156250
1946.2904              271.9746398925781250
1946.3726              271.4231262207031250
1946.4575              271.3653564453125000
1946.5397              271.3626708984375000
1946.6246              271.3636474609375000
1946.7096              271.3548278808593750
1946.7917              271.3901062011718750
1946.8767              271.3957214355468750
1946.9589              271.5182495117187500
1947.0438              271.6416625976562500
1947.1260              271.9241027832031250
1947.2054              271.9763793945312500
1947.2904              271.6070861816406250
1947.3726              271.4376831054687500
1947.4575              271.3723449707031250
1947.5397              271.3755493164062500
1947.6246              271.3734130859375000
1947.7096              271.3696594238281250
1947.7917              271.3954162597656250
1947.8767              271.4004821777343750
1947.9589              271.5099792480468750
1948.0437              271.6551818847656250
1948.1257              271.9973144531250000
1948.2076              271.9000244140625000
1948.2924              271.4138183593750000
1948.3743              271.4113769531250000
1948.4590              271.3769836425781250
1948.5410              271.3529968261718750
1948.6257              271.3615417480468750
1948.7103              271.3941345214843750
1948.7924              271.4242553710937500
1948.8771              271.4273681640625000
1948.9590              271.5283813476562500
1949.0438              271.6717529296875000
1949.1260              271.9681091308593750
1949.2054              271.9407653808593750
1949.2904              271.5104064941406250
1949.3726              271.4319763183593750
1949.4575              271.3616333007812500
1949.5397              271.3906250000000000
1949.6246              271.3716125488281250
1949.7096              271.4104003906250000
1949.7917              271.4002685546875000
1949.8767              271.4065246582031250
1949.9589              271.5083007812500000
1950.0438              271.6412353515625000
1950.1260              271.9048767089843750
1950.2054              271.9115600585937500
1950.2904              271.5333862304687500
1950.3726              271.4440002441406250
1950.4575              271.3652648925781250
1950.5397              271.3669738769531250
1950.6246              271.3959655761718750
1950.7096              271.3716430664062500
1950.7917              271.3872680664062500
1950.8767              271.4108886718750000
1950.9589              271.4822998046875000
1951.0438              271.6101684570312500
1951.1260              271.9177551269531250
1951.2054              271.9639587402343750
1951.2904              271.5703735351562500
1951.3726              271.4823608398437500
1951.4575              271.3951110839843750
1951.5397              271.3841857910156250
1951.6246              271.3715209960937500
1951.7096              271.4181213378906250
1951.7917              271.4000244140625000
1951.8767              271.4291992187500000
1951.9589              271.5074157714843750
1952.0437              271.6635437011718750
1952.1257              272.1063537597656250
1952.2076              272.1220703125000000
1952.2924              271.7077026367187500
1952.3743              271.4226379394531250
1952.4590              271.4066467285156250
1952.5410              271.3783264160156250
1952.6257              271.3766784667968750
1952.7103              271.3528442382812500
1952.7924              271.3583374023437500
1952.8771              271.4093933105468750
1952.9590              271.5011596679687500
1953.0438              271.6428833007812500
1953.1260              271.9168090820312500
1953.2054              271.9649658203125000
1953.2904              271.5821228027343750
1953.3726              271.4908752441406250
1953.4575              271.4299316406250000
1953.5397              271.3849182128906250
1953.6246              271.3898010253906250
1953.7096              271.3639831542968750
1953.7917              271.4279174804687500
1953.8767              271.4459228515625000
1953.9589              271.5687866210937500
1954.0438              271.9458923339843750
1954.1260              272.3187866210937500
1954.2054              272.2364807128906250
1954.2904              271.6223754882812500
1954.3726              271.4335632324218750
1954.4575              271.3619384765625000
1954.5397              271.3572692871093750
1954.6246              271.3911437988281250
1954.7096              271.3989257812500000
1954.7917              271.3922119140625000
1954.8767              271.4205932617187500
1954.9589              271.4764709472656250
1955.0438              271.6855773925781250
1955.1260              272.1123352050781250
1955.2054              272.0838317871093750
1955.2904              271.5942077636718750
1955.3726              271.4649047851562500
1955.4575              271.3861694335937500
1955.5397              271.4076538085937500
1955.6246              271.3497314453125000
1955.7096              271.3970336914062500
1955.7917              271.3561096191406250
1955.8767              271.4006958007812500
1955.9589              271.4976196289062500
1956.0437              271.6422729492187500
1956.1257              271.9880371093750000
1956.2076              271.9689636230468750
1956.2924              271.5180358886718750
1956.3743              271.4431457519531250
1956.4590              271.3778076171875000
1956.5410              271.3575744628906250
1956.6257              271.3583068847656250
1956.7103              271.3885498046875000
1956.7924              271.4405517578125000
1956.8771              271.4404296875000000
1956.9590              271.5435791015625000
1957.0438              271.9124145507812500
1957.1260              272.3127746582031250
1957.2054              272.3811340332031250
1957.2904              271.7218627929687500
1957.3726              271.4325561523437500
1957.4575              271.3924255371093750
1957.5397              271.3497924804687500
1957.6246              271.3601684570312500
1957.7096              271.3748168945312500
1957.7917              271.4303588867187500
1957.8767              271.4539184570312500
1957.9589              271.5202636718750000
1958.0438              271.6924743652343750
1958.1260              272.0846252441406250
1958.2054              272.1757202148437500
1958.2904              271.8277282714843750
1958.3726              271.5617370605468750
1958.4575              271.5050659179687500
1958.5397              271.4039001464843750
1958.6246              271.4129638671875000
1958.7096              271.3728637695312500
1958.7917              271.4085998535156250
1958.8767              271.4532775878906250
1958.9589              271.5915222167968750
1959.0438              271.9020080566406250
1959.1260              272.1867065429687500
1959.2054              272.2152709960937500
1959.2904              271.8478088378906250
1959.3726              271.5254211425781250
1959.4575              271.4707946777343750
1959.5397              271.3972167968750000
1959.6246              271.3719787597656250
1959.7096              271.4090270996093750
1959.7917              271.4203491210937500
1959.8767              271.4623718261718750
1959.9589              271.5061035156250000
1960.0437              271.6282348632812500
1960.1257              271.8294067382812500
1960.2076              271.9305725097656250
1960.2924              271.5551757812500000
1960.3743              271.4593811035156250
1960.4590              271.4093322753906250
1960.5410              271.3635559082031250
1960.6257              271.3686523437500000
1960.7103              271.3747863769531250
1960.7924              271.3841247558593750
1960.8771              271.4259643554687500
1960.9590              271.5734863281250000
1961.0438              272.0202331542968750
1961.1260              272.3445434570312500
1961.2054              272.2952270507812500
1961.2904              271.8941040039062500
1961.3726              271.5454406738281250
1961.4575              271.4415588378906250
1961.5397              271.3609008789062500
1961.6246              271.3857421875000000
1961.7096              271.3830566406250000
1961.7917              271.3616638183593750
1961.8767              271.4218139648437500
1961.9589              271.5106506347656250
1962.0438              271.6950378417968750
1962.1260              272.0746765136718750
1962.2054              272.1116333007812500
1962.2904              271.8138427734375000
1962.3726              271.4878540039062500
1962.4575              271.4005737304687500
1962.5397              271.3699035644531250
1962.6246              271.4051818847656250
1962.7096              271.3953857421875000
1962.7917              271.4241638183593750
1962.8767              271.4176330566406250
1962.9589              271.4844055175781250
1963.0438              271.6752624511718750
1963.1260              272.1746520996093750
1963.2054              272.2158813476562500
1963.2904              271.8516235351562500
1963.3726              271.4106140136718750
1963.4575              271.4026489257812500
1963.5397              271.3705749511718750
1963.6246              271.3598327636718750
1963.7096              271.3541564941406250
1963.7917              271.3656921386718750
1963.8767              271.4457397460937500
1963.9589              271.4731750488281250
1964.0437              271.6186218261718750
1964.1257              271.9594116210937500
1964.2076              271.9918823242187500
1964.2924              271.5505981445312500
1964.3743              271.4101257324218750
1964.4590              271.3551330566406250
1964.5410              271.3463745117187500
1964.6257              271.3648376464843750
1964.7103              271.3797302246093750
1964.7924              271.3994750976562500
1964.8771              271.4103088378906250
1964.9590              271.4898376464843750
1965.0438              271.6563415527343750
1965.1260              271.8508911132812500
1965.2054              271.8419494628906250
1965.2904              271.4663391113281250
1965.3726              271.4093322753906250
1965.4575              271.3703002929687500
1965.5397              271.3643798828125000
1965.6246              271.3578796386718750
1965.7096              271.4103088378906250
1965.7917              271.4183959960937500
1965.8767              271.4604187011718750
1965.9589              271.6375122070312500
1966.0438              271.8409423828125000
1966.1260              272.0574035644531250
1966.2054              271.9465026855468750
1966.2904              271.5684814453125000
1966.3726              271.4677124023437500
1966.4575              271.3998413085937500
1966.5397              271.3803710937500000
1966.6246              271.3898010253906250
1966.7096              271.3902587890625000
1966.7917              271.4331970214843750
1966.8767              271.4367675781250000
1966.9589              271.5117492675781250
1967.0438              271.7842407226562500
1967.1260              272.0505981445312500
1967.2054              272.1228637695312500
1967.2904              271.8532714843750000
1967.3726              271.4338378906250000
1967.4575              271.3906860351562500
1967.5397              271.3762207031250000
1967.6246              271.3654174804687500
1967.7096              271.3635253906250000
1967.7917              271.3919372558593750
1967.8767              271.3998107910156250
1967.9589              271.4843750000000000
1968.0437              271.6132812500000000
1968.1257              271.9292907714843750
1968.2076              272.0148315429687500
1968.2924              271.6790771484375000
1968.3743              271.4486389160156250
1968.4590              271.3845520019531250
1968.5410              271.3673706054687500
1968.6257              271.3694458007812500
1968.7103              271.3768310546875000
1968.7924              271.4022827148437500
1968.8771              271.4323120117187500
1968.9590              271.5432128906250000
1969.0438              271.7153930664062500
1969.1260              272.1824340820312500
1969.2054              272.2435302734375000
1969.2904              271.8410034179687500
1969.3726              271.4779357910156250
1969.4575              271.4117431640625000
1969.5397              271.3815307617187500
1969.6246              271.4089660644531250
1969.7096              271.3793640136718750
1969.7917              271.4104614257812500
1969.8767              271.4375000000000000
1969.9589              271.5007324218750000
1970.0438              271.6374511718750000
1970.1260              272.0079040527343750
1970.2054              272.1070251464843750
1970.2904              271.8056335449218750
1970.3726              271.4726867675781250
1970.4575              271.4137573242187500
1970.5397              271.3641052246093750
1970.6246              271.3595275878906250
1970.7096              271.3507995605468750
1970.7917              271.3722839355468750
1970.8767              271.4001770019531250
1970.9589              271.4743957519531250
1971.0438              271.5971069335937500
1971.1260              271.7792663574218750
1971.2054              271.7562561035156250
1971.2904              271.4870605468750000
1971.3726              271.4398193359375000
1971.4575              271.3734130859375000
1971.5397              271.3638916015625000
1971.6246              271.3921508789062500
1971.7096              271.3833618164062500
1971.7917              271.4339599609375000
1971.8767              271.4314270019531250
1971.9589              271.4958801269531250
1972.0437              271.8202209472656250
1972.1257              272.1513061523437500
1972.2076              272.1161804199218750
1972.2924              271.7973937988281250
1972.3743              271.4171142578125000
1972.4590              271.4002685546875000
1972.5410              271.3823242187500000
1972.6257              271.3995971679687500
1972.7103              271.4384460449218750
1972.7924              271.3877563476562500
1972.8771              271.4115295410156250
1972.9590              271.5063781738281250
1973.0438              271.7111816406250000
1973.1260              272.0060729980468750
1973.2054              271.9894714355468750
1973.2904              271.6387939453125000
1973.3726              271.4917602539062500
1973.4575              271.4226684570312500
1973.5397              271.3750305175781250
1973.6246              271.3731689453125000
1973.7096              271.3720092773437500
1973.7917              271.3707580566406250
1973.8767              271.4387817382812500
1973.9589              271.5097351074218750
1974.0438              271.6654357910156250
1974.1260              271.9312744140625000
1974.2054              271.9752502441406250
1974.2904              271.5835266113281250
1974.3726              271.4653930664062500
1974.4575              271.4097900390625000
1974.5397              271.3862609863281250
1974.6246              271.3854064941406250
1974.7096              271.3816528320312500
1974.7917              271.3770141601562500
1974.8767              271.4213256835937500
1974.9589              271.5035095214843750
1975.0438              271.6796875000000000
1975.1260              272.0154724121093750
1975.2054              272.0757446289062500
1975.2904              271.6895446777343750
1975.3726              271.4942626953125000
1975.4575              271.3873901367187500
1975.5397              271.3675842285156250
1975.6246              271.3709411621093750
1975.7096              271.4563903808593750
1975.7917              271.4123229980468750
1975.8767              271.4494934082031250
1975.9589              271.5087280273437500
1976.0437              271.6988220214843750
1976.1257              272.0603332519531250
1976.2076              272.0249938964843750
1976.2924              271.5662231445312500
1976.3743              271.4174499511718750
1976.4590              271.3647766113281250
1976.5410              271.3852844238281250
1976.6257              271.4375915527343750
1976.7103              271.4203491210937500
1976.7924              271.4203491210937500
1976.8771              271.4134826660156250
1976.9590              271.4794921875000000
1977.0438              271.5839233398437500
1977.1260              271.9449157714843750
1977.2054              271.9621582031250000
1977.2904              271.6382446289062500
1977.3726              271.4228820800781250
1977.4575              271.3819580078125000
1977.5397              271.3621826171875000
1977.6246              271.3661804199218750
1977.7096              271.3507080078125000
1977.7917              271.3922424316406250
1977.8767              271.4030761718750000
1977.9589              271.4926452636718750
1978.0438              271.6705017089843750
1978.1260              271.9167785644531250
1978.2054              271.8701171875000000
1978.2904              271.5498962402343750
1978.3726              271.4505920410156250
1978.4575              271.4170837402343750
1978.5397              271.3910827636718750
1978.6246              271.3771362304687500
1978.7096              271.3770446777343750
1978.7917              271.4141235351562500
1978.8767              271.4688415527343750
1978.9589              271.5088806152343750
1979.0438              271.7408752441406250
1979.1260              272.0865783691406250
1979.2054              272.1302795410156250
1979.2904              271.6749267578125000
1979.3726              271.4524536132812500
1979.4575              271.3946838378906250
1979.5397              271.3620605468750000
1979.6246              271.3516845703125000
1979.7096              271.3639221191406250
1979.7917              271.4058532714843750
1979.8767              271.4113159179687500
1979.9589              271.4830017089843750
1980.0437              271.7567443847656250
1980.1257              272.1288452148437500
1980.2076              272.1742858886718750
1980.2924              271.6805114746093750
1980.3743              271.4243774414062500
1980.4590              271.3793334960937500
1980.5410              271.3826599121093750
1980.6257              271.3743286132812500
1980.7103              271.3854675292968750
1980.7924              271.3787231445312500
1980.8771              271.4207458496093750
1980.9590              271.5901794433593750
1981.0438              272.0205078125000000
1981.1260              272.4068298339843750
1981.2054              272.2921447753906250
1981.2904              271.6996459960937500
1981.3726              271.4254760742187500
1981.4575              271.3921508789062500
1981.5397              271.3960876464843750
1981.6246              271.3797302246093750
1981.7096              271.3637084960937500
1981.7917              271.3927612304687500
1981.8767              271.4049682617187500
1981.9589              271.5081787109375000
1982.0438              271.6723327636718750
1982.1260              272.0641479492187500
1982.2054              272.1395263671875000
1982.2904              271.6962585449218750
1982.3726              271.4729309082031250
1982.4575              271.4117736816406250
1982.5397              271.3682861328125000
1982.6246              271.3578186035156250
1982.7096              271.4139404296875000
1982.7917              271.3893432617187500
1982.8767              271.3954467773437500
1982.9589              271.4723510742187500
1983.0438              271.5692443847656250
1983.1260              271.7874145507812500
1983.2054              271.7972717285156250
1983.2904              271.5029907226562500
1983.3726              271.4403991699218750
1983.4575              271.3785400390625000
1983.5397              271.3615417480468750
1983.6246              271.3539123535156250
1983.7096              271.4165954589843750
1983.7917              271.3664550781250000
1983.8767              271.4224548339843750
1983.9589              271.4890441894531250
1984.0437              271.6371154785156250
1984.1257              271.9615173339843750
1984.2076              271.9287109375000000
1984.2924              271.5494079589843750
1984.3743              271.4911499023437500
1984.4590              271.4403686523437500
1984.5410              271.3848571777343750
1984.6257              271.3753051757812500
1984.7103              271.4220886230468750
1984.7924              271.4307250976562500
1984.8771              271.4376220703125000
1984.9590              271.5604553222656250
1985.0438              271.6891174316406250
1985.1260              271.8963317871093750
1985.2054              271.8484497070312500
1985.2904              271.4486999511718750
1985.3726              271.4423217773437500
1985.4575              271.3862609863281250
1985.5397              271.3968200683593750
1985.6246              271.3655090332031250
1985.7096              271.3943786621093750
1985.7917              271.4655761718750000
1985.8767              271.4490966796875000
1985.9589              271.5375366210937500
1986.0438              271.7237243652343750
1986.1260              272.0375976562500000
1986.2054              272.0985107421875000
1986.2904              271.7627258300781250
1986.3726              271.5050659179687500
1986.4575              271.5042114257812500
1986.5397              271.4409179687500000
1986.6246              271.3795166015625000
1986.7096              271.3557739257812500
1986.7917              271.3837280273437500
1986.8767              271.4228210449218750
1986.9589              271.5161743164062500
1987.0438              271.6608581542968750
1987.1260              271.8695068359375000
1987.2054              272.0274658203125000
1987.2904              271.7634887695312500
1987.3726              271.6551818847656250
1987.4575              271.6179199218750000
1987.5397              271.5158386230468750
1987.6246              271.4297790527343750
1987.7096              271.4062805175781250
1987.7917              271.3903808593750000
1987.8767              271.4203186035156250
1987.9589              271.5511169433593750
1988.0437              271.7688903808593750
1988.1257              272.0759582519531250
1988.2076              272.0932312011718750
1988.2924              271.8441772460937500
1988.3743              271.5256347656250000
1988.4590              271.4332580566406250
1988.5410              271.3978576660156250
1988.6257              271.3793334960937500
1988.7103              271.4071350097656250
1988.7924              271.4053649902343750
1988.8771              271.4170837402343750
1988.9590              271.4894714355468750
1989.0438              271.6790466308593750
1989.1260              272.0244750976562500
1989.2054              272.0497741699218750
1989.2904              271.6448364257812500
1989.3726              271.4306030273437500
1989.4575              271.4129943847656250
1989.5397              271.3822937011718750
1989.6246              271.3704528808593750
1989.7096              271.3806457519531250
1989.7917              271.4048767089843750
1989.8767              271.4328308105468750
1989.9589              271.5394897460937500
1990.0438              271.7092895507812500
1990.1260              272.1013183593750000
1990.2054              272.1546630859375000
1990.2904              271.9186096191406250
1990.3726              271.6408081054687500
1990.4575              271.5454101562500000
1990.5397              271.4249267578125000
1990.6246              271.3550720214843750
1990.7096              271.3736877441406250
1990.7917              271.4131164550781250
1990.8767              271.4741821289062500
1990.9589              271.6282958984375000
1991.0438              271.9661865234375000
1991.1260              272.2743835449218750
1991.2054              272.2751159667968750
1991.2904              271.9313964843750000
1991.3726              271.5371704101562500
1991.4575              271.5768737792968750
1991.5397              271.4522094726562500
1991.6246              271.3825988769531250
1991.7096              271.4207153320312500
1991.7917              271.4237976074218750
1991.8767              271.4768676757812500
1991.9589              271.5432434082031250
1992.0437              271.7582092285156250
1992.1257              272.2002868652343750
1992.2076              272.2474060058593750
1992.2924              271.8657836914062500
1992.3743              271.5076599121093750
1992.4590              271.4096069335937500
1992.5410              271.3707885742187500
1992.6257              271.3857727050781250
1992.7103              271.3927612304687500
1992.7924              271.4075317382812500
1992.8771              271.4360046386718750
1992.9590              271.4876403808593750
1993.0438              271.6468200683593750
1993.1260              271.8717956542968750
1993.2054              271.9372558593750000
1993.2904              271.6139831542968750
1993.3726              271.4558105468750000
1993.4575              271.4206542968750000
1993.5397              271.3746337890625000
1993.6246              271.3495788574218750
1993.7096              271.3721923828125000
1993.7917              271.3861694335937500
1993.8767              271.4147033691406250
1993.9589              271.5130615234375000
1994.0438              271.6693725585937500
1994.1260              271.9574279785156250
1994.2054              272.0185852050781250
1994.2904              271.6498718261718750
1994.3726              271.4891052246093750
1994.4575              271.4620056152343750
1994.5397              271.4183044433593750
1994.6246              271.3679809570312500
1994.7096              271.3767700195312500
1994.7917              271.3873596191406250
1994.8767              271.4544067382812500
1994.9589              271.5002746582031250
1995.0438              271.6182250976562500
1995.1260              271.9367980957031250
1995.2054              271.9982604980468750
1995.2904              271.6243591308593750
1995.3726              271.5402221679687500
1995.4575              271.4067382812500000
1995.5397              271.4412841796875000
1995.6246              271.3889770507812500
1995.7096              271.3669128417968750
1995.7917              271.4349975585937500
1995.8767              271.4477844238281250
1995.9589              271.5090942382812500
1996.0437              271.6257324218750000
1996.1257              271.8067626953125000
1996.2076              271.8904724121093750
1996.2924              271.6039123535156250
1996.3743              271.5419311523437500
1996.4590              271.5012817382812500
1996.5410              271.4142761230468750
1996.6257              271.3676757812500000
1996.7103              271.3742065429687500
1996.7924              271.3804931640625000
1996.8771              271.4587402343750000
1996.9590              271.5486450195312500
1997.0438              271.8573303222656250
1997.1260              272.2285156250000000
1997.2054              272.1978454589843750
1997.2904              271.8042602539062500
1997.3726              271.4775390625000000
1997.4575              271.4248046875000000
1997.5397              271.4055786132812500
1997.6246              271.4112548828125000
1997.7096              271.4092102050781250
1997.7917              271.3873596191406250
1997.8767              271.3973083496093750
1997.9589              271.4890441894531250
1998.0438              271.6272277832031250
1998.1260              272.1250000000000000
1998.2054              272.2443847656250000
1998.2904              271.8853454589843750
1998.3726              271.4857482910156250
1998.4575              271.4654541015625000
1998.5397              271.4103088378906250
1998.6246              271.3844604492187500
1998.7096              271.3819274902343750
1998.7917              271.4028320312500000
1998.8767              271.4458923339843750
1998.9589              271.5511474609375000
1999.0438              271.9262695312500000
1999.1260              272.2402648925781250
1999.2054              272.2674865722656250
1999.2904              271.8788452148437500
1999.3726              271.6268005371093750
1999.4575              271.5354309082031250
1999.5397              271.4108886718750000
1999.6246              271.3999023437500000
1999.7096              271.4076843261718750
1999.7917              271.3780212402343750
1999.8767              271.4087524414062500
1999.9589              271.4855041503906250
