   0.0437               12.2824707031250000
   0.1257               12.4498291015625000
   0.2077               12.8713684082031250
   0.2923               13.6810607910156250
   0.3743               14.6668701171875000
   0.4590               15.3764648437500000
   0.5410               15.7066650390625000
   0.6257               15.3630676269531250
   0.7104               14.7615356445312500
   0.7923               13.8162536621093750
   0.8770               12.9556274414062500
   0.9590               12.2408447265625000
   2.0438               12.1782836914062500
   2.1260               12.3104553222656250
   2.2055               12.9010314941406250
   2.2904               13.6782836914062500
   2.3726               14.6136169433593750
   2.4575               15.3438415527343750
   2.5397               15.5755004882812500
   2.6247               15.3649597167968750
   2.7096               14.7313232421875000
   2.7918               13.8064880371093750
   2.8767               13.0576477050781250
   2.9589               12.4734802246093750
   3.0438               12.3093872070312500
   3.1260               12.5152282714843750
   3.2055               12.9838867187500000
   3.2904               13.7551879882812500
   3.3726               14.6448059082031250
   3.4575               15.3868103027343750
   3.5397               15.6304321289062500
   3.6247               15.4243774414062500
   3.7096               14.7306518554687500
   3.7918               13.7562255859375000
   3.8767               12.8404235839843750
   3.9589               12.2996215820312500
   4.0437               12.1970520019531250
   4.1257               12.3734130859375000
   4.2077               12.8045959472656250
   4.2923               13.7481384277343750
   4.3743               14.7519531250000000
   4.4590               15.4375610351562500
   4.5410               15.8023376464843750
   4.6257               15.5821533203125000
   4.7104               14.7859497070312500
   4.7923               13.8544311523437500
   4.8770               12.8493347167968750
   4.9590               12.2612304687500000
   5.0438               12.1647949218750000
   5.1260               12.4226379394531250
   5.2055               12.8604125976562500
   5.2904               13.6241760253906250
   5.3726               14.5472717285156250
   5.4575               15.4030151367187500
   5.5397               15.4843139648437500
   5.6247               15.2496032714843750
   5.7096               14.7304687500000000
   5.7918               13.6971740722656250
   5.8767               12.8670043945312500
   5.9589               12.2849121093750000
   6.0438               11.9619445800781250
   6.1260               12.3068237304687500
   6.2055               12.7814025878906250
   6.2904               13.6962585449218750
   6.3726               14.5351257324218750
   6.4575               15.3128967285156250
   6.5397               15.6431884765625000
   6.6247               15.3915405273437500
   6.7096               14.6770935058593750
   6.7918               13.7434997558593750
   6.8767               12.8992919921875000
   6.9589               12.3612670898437500
   7.0438               12.0932312011718750
   7.1260               12.3482971191406250
   7.2055               12.9273376464843750
   7.2904               13.7756347656250000
   7.3726               14.6745910644531250
   7.4575               15.3639831542968750
   7.5397               15.6962280273437500
   7.6247               15.5227966308593750
   7.7096               14.8917846679687500
   7.7918               13.9408874511718750
   7.8767               13.0427246093750000
   7.9589               12.5452270507812500
   8.0437               12.1857604980468750
   8.1257               12.5795593261718750
   8.2077               13.0524597167968750
   8.2923               13.7691040039062500
   8.3743               14.7393493652343750
   8.4590               15.3696289062500000
   8.5410               15.6202392578125000
   8.6257               15.3958740234375000
   8.7104               14.6473388671875000
   8.7923               13.7887878417968750
   8.8770               12.8883056640625000
   8.9590               12.2908935546875000
   9.0438               12.2492370605468750
   9.1260               12.4443359375000000
   9.2055               12.7705383300781250
   9.2904               13.6841735839843750
   9.3726               14.6965637207031250
   9.4575               15.4120483398437500
   9.5397               15.7105407714843750
   9.6247               15.3687438964843750
   9.7096               14.6908569335937500
   9.7918               13.7839965820312500
   9.8767               12.8765563964843750
   9.9589               12.2824707031250000
  10.0438               12.1687622070312500
  10.1260               12.2807617187500000
  10.2055               12.6772766113281250
  10.2904               13.4872131347656250
  10.3726               14.6324768066406250
  10.4575               15.2756652832031250
  10.5397               15.5781250000000000
  10.6247               15.3791198730468750
  10.7096               14.6728210449218750
  10.7918               13.6191101074218750
  10.8767               12.7191772460937500
  10.9589               12.2720642089843750
  11.0438               12.1161193847656250
  11.1260               12.2263488769531250
  11.2055               12.9001159667968750
  11.2904               13.7384643554687500
  11.3726               14.6316833496093750
  11.4575               15.2874450683593750
  11.5397               15.6047363281250000
  11.6247               15.4385986328125000
  11.7096               14.8073730468750000
  11.7918               13.7711791992187500
  11.8767               12.9431152343750000
  11.9589               12.4565429687500000
  12.0437               12.1873168945312500
  12.1257               12.4386291503906250
  12.2077               13.1282653808593750
  12.2923               13.6756896972656250
  12.3743               14.5652770996093750
  12.4590               15.3417968750000000
  12.5410               15.6414489746093750
  12.6257               15.4244995117187500
  12.7104               14.7680053710937500
  12.7923               13.8311462402343750
  12.8770               12.9547119140625000
  12.9590               12.3564453125000000
  13.0438               12.1765747070312500
  13.1260               12.2934875488281250
  13.2055               12.7653503417968750
  13.2904               13.6111755371093750
  13.3726               14.6807250976562500
  13.4575               15.3537292480468750
  13.5397               15.6545715332031250
  13.6247               15.4350585937500000
  13.7096               14.7346801757812500
  13.7918               13.7887878417968750
  13.8767               12.8436279296875000
  13.9589               12.2896728515625000
  14.0438               12.1770935058593750
  14.1260               12.2355651855468750
  14.2055               12.9117126464843750
  14.2904               13.6019287109375000
  14.3726               14.5786743164062500
  14.4575               15.4380798339843750
  14.5397               15.5937500000000000
  14.6247               15.4627380371093750
  14.7096               14.8282775878906250
  14.7918               13.8211975097656250
  14.8767               12.9661865234375000
  14.9589               12.4030151367187500
  15.0438               12.0225524902343750
  15.1260               12.2525634765625000
  15.2055               12.8013916015625000
  15.2904               13.6235351562500000
  15.3726               14.5936889648437500
  15.4575               15.3123168945312500
  15.5397               15.7502441406250000
  15.6247               15.3629760742187500
  15.7096               14.7803039550781250
  15.7918               13.8615722656250000
  15.8767               12.9181213378906250
  15.9589               12.3930664062500000
  16.0437               12.1970520019531250
  16.1257               12.3654785156250000
  16.2077               12.8523559570312500
  16.2923               13.5741882324218750
  16.3743               14.5695800781250000
  16.4590               15.2888183593750000
  16.5410               15.6240234375000000
  16.6257               15.4086303710937500
  16.7104               14.7915649414062500
  16.7923               13.7868041992187500
  16.8770               12.8561096191406250
  16.9590               12.4050903320312500
  17.0438               12.2958374023437500
  17.1260               12.5201110839843750
  17.2055               12.8873596191406250
  17.2904               13.9010314941406250
  17.3726               14.7571105957031250
  17.4575               15.4203491210937500
  17.5397               15.6608276367187500
  17.6247               15.4413757324218750
  17.7096               14.8166198730468750
  17.7918               13.8099670410156250
  17.8767               13.1819152832031250
  17.9589               12.6211547851562500
  18.0438               12.3479003906250000
  18.1260               12.3489379882812500
  18.2055               13.0590820312500000
  18.2904               13.8380737304687500
  18.3726               14.8922424316406250
  18.4575               15.5209045410156250
  18.5397               15.7852172851562500
  18.6247               15.4640197753906250
  18.7096               14.9219055175781250
  18.7918               13.8520507812500000
  18.8767               13.0057678222656250
  18.9589               12.5045166015625000
  19.0438               12.1930236816406250
  19.1260               12.5789794921875000
  19.2055               12.9761047363281250
  19.2904               13.6958312988281250
  19.3726               14.7253112792968750
  19.4575               15.4126892089843750
  19.5397               15.6472473144531250
  19.6247               15.4378662109375000
  19.7096               14.7278442382812500
  19.7918               13.8154907226562500
  19.8767               12.9013061523437500
  19.9589               12.3408813476562500
  20.0437               12.2369079589843750
  20.1257               12.5635986328125000
  20.2077               13.0429077148437500
  20.2923               13.8229675292968750
  20.3743               14.6739196777343750
  20.4590               15.3706665039062500
  20.5410               15.6230773925781250
  20.6257               15.5622253417968750
  20.7104               14.8681640625000000
  20.7923               13.8336791992187500
  20.8770               13.0039978027343750
  20.9590               12.4239196777343750
  21.0438               12.2545776367187500
  21.1260               12.3829956054687500
  21.2055               12.8650207519531250
  21.2904               13.7371826171875000
  21.3726               14.6724243164062500
  21.4575               15.4149169921875000
  21.5397               15.7480468750000000
  21.6247               15.4555358886718750
  21.7096               14.8212890625000000
  21.7918               13.8052978515625000
  21.8767               12.8556823730468750
  21.9589               12.4790649414062500
  22.0438               12.1585998535156250
  22.1260               12.4459838867187500
  22.2055               12.9048461914062500
  22.2904               13.8336791992187500
  22.3726               14.8462829589843750
  22.4575               15.4559326171875000
  22.5397               15.7327880859375000
  22.6247               15.4653015136718750
  22.7096               14.7698364257812500
  22.7918               13.9459228515625000
  22.8767               13.0844726562500000
  22.9589               12.4679870605468750
  23.0438               12.2782592773437500
  23.1260               12.5062255859375000
  23.2055               13.0211791992187500
  23.2904               13.8646545410156250
  23.3726               14.7084350585937500
  23.4575               15.5037536621093750
  23.5397               15.6473083496093750
  23.6247               15.6041870117187500
  23.7096               14.9769897460937500
  23.7918               13.9660034179687500
  23.8767               13.0651550292968750
  23.9589               12.4401245117187500
  24.0437               12.1269836425781250
  24.1257               12.3670654296875000
  24.2077               12.9500427246093750
  24.2923               13.7692871093750000
  24.3743               14.7090454101562500
  24.4590               15.5158386230468750
  24.5410               15.7810058593750000
  24.6257               15.4412841796875000
  24.7104               14.8192138671875000
  24.7923               13.8266601562500000
  24.8770               12.9906921386718750
  24.9590               12.4124145507812500
  25.0438               12.3019409179687500
  25.1260               12.4590148925781250
  25.2055               12.8696899414062500
  25.2904               13.7837219238281250
  25.3726               14.8093566894531250
  25.4575               15.5716552734375000
  25.5397               15.8345031738281250
  25.6247               15.5646057128906250
  25.7096               14.8734130859375000
  25.7918               13.8226318359375000
  25.8767               12.8945007324218750
  25.9589               12.4302978515625000
  26.0438               12.2800903320312500
  26.1260               12.3869323730468750
  26.2055               12.8648986816406250
  26.2904               13.8872375488281250
  26.3726               14.7872924804687500
  26.4575               15.4642639160156250
  26.5397               15.7462158203125000
  26.6247               15.4977416992187500
  26.7096               14.8898925781250000
  26.7918               13.9193725585937500
  26.8767               13.0658874511718750
  26.9589               12.2368469238281250
  27.0438               12.1695861816406250
  27.1260               12.1788024902343750
  27.2055               12.7726135253906250
  27.2904               13.5923156738281250
  27.3726               14.5701904296875000
  27.4575               15.3907470703125000
  27.5397               15.8276367187500000
  27.6247               15.5223083496093750
  27.7096               14.7906494140625000
  27.7918               13.9555969238281250
  27.8767               13.0871276855468750
  27.9589               12.4983215332031250
  28.0437               12.5031127929687500
  28.1257               12.5618591308593750
  28.2077               12.9562683105468750
  28.2923               13.9306945800781250
  28.3743               14.8498229980468750
  28.4590               15.6597595214843750
  28.5410               15.7345886230468750
  28.6257               15.4893493652343750
  28.7104               14.8742065429687500
  28.7923               14.0125732421875000
  28.8770               13.0292663574218750
  28.9590               12.4566650390625000
  29.0438               12.1948852539062500
  29.1260               12.3845825195312500
  29.2055               13.0225830078125000
  29.2904               13.8433227539062500
  29.3726               14.8632507324218750
  29.4575               15.4587707519531250
  29.5397               15.7649841308593750
  29.6247               15.5171203613281250
  29.7096               14.8697814941406250
  29.7918               13.8473815917968750
  29.8767               13.0726318359375000
  29.9589               12.4855957031250000
  30.0438               12.3461303710937500
  30.1260               12.3475952148437500
  30.2055               12.6900634765625000
  30.2904               13.7737731933593750
  30.3726               14.6948852539062500
  30.4575               15.3944091796875000
  30.5397               15.7439270019531250
  30.6247               15.2955017089843750
  30.7096               14.7475280761718750
  30.7918               13.7560729980468750
  30.8767               12.9511413574218750
  30.9589               12.4823303222656250
  31.0438               12.1363220214843750
  31.1260               12.4769592285156250
  31.2055               12.8930053710937500
  31.2904               13.6795349121093750
  31.3726               14.6875000000000000
  31.4575               15.5128479003906250
  31.5397               15.8177185058593750
  31.6247               15.6057739257812500
  31.7096               14.8499755859375000
  31.7918               13.7534179687500000
  31.8767               12.8840332031250000
  31.9589               12.2983703613281250
  32.0437               12.1914672851562500
  32.1257               12.4334716796875000
  32.2076               12.8699645996093750
  32.2924               13.6038818359375000
  32.3743               14.5338745117187500
  32.4590               15.4273681640625000
  32.5410               15.7908935546875000
  32.6257               15.4006958007812500
  32.7104               14.6639709472656250
  32.7924               13.7997131347656250
  32.8770               12.8844909667968750
  32.9590               12.4007263183593750
  33.0438               12.2031555175781250
  33.1260               12.4709472656250000
  33.2055               13.2568359375000000
  33.2904               13.9343261718750000
  33.3726               14.8163452148437500
  33.4575               15.5261535644531250
  33.5397               15.7032775878906250
  33.6247               15.3937377929687500
  33.7096               14.7661743164062500
  33.7918               13.7611999511718750
  33.8767               12.9339904785156250
  33.9589               12.4203491210937500
  34.0438               12.0283508300781250
  34.1260               12.5460815429687500
  34.2055               13.0002441406250000
  34.2904               13.6252136230468750
  34.3726               14.7480163574218750
  34.4575               15.5177917480468750
  34.5397               15.7024230957031250
  34.6247               15.5319213867187500
  34.7096               14.8776855468750000
  34.7918               13.8387756347656250
  34.8767               12.9587707519531250
  34.9589               12.4680786132812500
  35.0438               12.1656188964843750
  35.1260               12.4504089355468750
  35.2055               13.0381164550781250
  35.2904               13.8330688476562500
  35.3726               14.7759704589843750
  35.4575               15.6210632324218750
  35.5397               15.8696594238281250
  35.6247               15.4915161132812500
  35.7096               14.8182983398437500
  35.7918               13.8368530273437500
  35.8767               13.0234375000000000
  35.9589               12.3538818359375000
  36.0437               12.2797241210937500
  36.1257               12.3765258789062500
  36.2076               12.9336242675781250
  36.2924               13.8437500000000000
  36.3743               14.7601928710937500
  36.4590               15.5181884765625000
  36.5410               15.6776428222656250
  36.6257               15.4961242675781250
  36.7104               14.7445373535156250
  36.7924               13.7846069335937500
  36.8770               12.9452209472656250
  36.9590               12.4266967773437500
  37.0438               12.1794738769531250
  37.1260               12.5816040039062500
  37.2055               12.8642883300781250
  37.2904               13.6777648925781250
  37.3726               14.6528015136718750
  37.4575               15.3432922363281250
  37.5397               15.7612609863281250
  37.6247               15.4470825195312500
  37.7096               14.8804931640625000
  37.7918               13.9634704589843750
  37.8767               12.8496093750000000
  37.9589               12.3398437500000000
  38.0438               12.3138732910156250
  38.1260               12.4575805664062500
  38.2055               12.9338684082031250
  38.2904               13.7236022949218750
  38.3726               14.7218933105468750
  38.4575               15.4334716796875000
  38.5397               15.6063537597656250
  38.6247               15.6720275878906250
  38.7096               14.9447021484375000
  38.7918               13.9810791015625000
  38.8767               13.1904602050781250
  38.9589               12.5444030761718750
  39.0438               12.3680114746093750
  39.1260               12.7326965332031250
  39.2055               13.0428466796875000
  39.2904               13.7868041992187500
  39.3726               14.8038330078125000
  39.4575               15.5233459472656250
  39.5397               15.7370605468750000
  39.6247               15.6100463867187500
  39.7096               14.8631286621093750
  39.7918               13.8895568847656250
  39.8767               12.9916381835937500
  39.9589               12.4161682128906250
  40.0437               12.2523803710937500
  40.1257               12.3858337402343750
  40.2076               13.0757751464843750
  40.2924               13.6860656738281250
  40.3743               14.7326354980468750
  40.4590               15.4322204589843750
  40.5410               15.7160949707031250
  40.6257               15.4874572753906250
  40.7104               14.8140258789062500
  40.7924               13.8808593750000000
  40.8770               12.9187316894531250
  40.9590               12.5105590820312500
  41.0438               12.3156433105468750
  41.1260               12.3730468750000000
  41.2055               12.9763793945312500
  41.2904               13.7008666992187500
  41.3726               14.7175903320312500
  41.4575               15.5677185058593750
  41.5397               15.8156433105468750
  41.6247               15.6049194335937500
  41.7096               14.8490600585937500
  41.7918               13.9295654296875000
  41.8767               13.1111450195312500
  41.9589               12.5144042968750000
  42.0438               12.3470153808593750
  42.1260               12.6385803222656250
  42.2055               13.1069946289062500
  42.2904               13.7086181640625000
  42.3726               14.7048950195312500
  42.4575               15.4966430664062500
  42.5397               15.7675781250000000
  42.6247               15.5270385742187500
  42.7096               14.8288269042968750
  42.7918               13.8928527832031250
  42.8767               12.9282531738281250
  42.9589               12.5016784667968750
  43.0438               12.3799743652343750
  43.1260               12.5151367187500000
  43.2055               12.9342956542968750
  43.2904               13.6480407714843750
  43.3726               14.6346435546875000
  43.4575               15.3823242187500000
  43.5397               15.6968078613281250
  43.6247               15.4633178710937500
  43.7096               14.8314819335937500
  43.7918               14.0194702148437500
  43.8767               12.8941345214843750
  43.9589               12.3305664062500000
  44.0437               12.2197875976562500
  44.1257               12.2518005371093750
  44.2076               12.9375000000000000
  44.2924               13.6738586425781250
  44.3743               14.6591491699218750
  44.4590               15.4981384277343750
  44.5410               15.8110961914062500
  44.6257               15.4778137207031250
  44.7104               14.8258972167968750
  44.7924               13.7030944824218750
  44.8770               12.9700927734375000
  44.9590               12.3452148437500000
  45.0438               12.2145080566406250
  45.1260               12.4246520996093750
  45.2055               12.8198242187500000
  45.2904               13.8363037109375000
  45.3726               14.6900634765625000
  45.4575               15.4011535644531250
  45.5397               15.6040954589843750
  45.6247               15.4419555664062500
  45.7096               14.7846679687500000
  45.7918               13.7930297851562500
  45.8767               12.8804321289062500
  45.9589               12.2661132812500000
  46.0438               12.0474548339843750
  46.1260               12.4663391113281250
  46.2055               12.9878540039062500
  46.2904               13.5807189941406250
  46.3726               14.6430053710937500
  46.4575               15.3980407714843750
  46.5397               15.7678833007812500
  46.6247               15.4249877929687500
  46.7096               14.8120117187500000
  46.7918               13.9206237792968750
  46.8767               13.0305175781250000
  46.9589               12.6535034179687500
  47.0438               12.4838867187500000
  47.1260               12.5029296875000000
  47.2055               13.0824584960937500
  47.2904               13.8092041015625000
  47.3726               14.8325500488281250
  47.4575               15.5098876953125000
  47.5397               15.7401733398437500
  47.6247               15.4157409667968750
  47.7096               14.8509521484375000
  47.7918               13.9377746582031250
  47.8767               13.1146850585937500
  47.9589               12.3325805664062500
  48.0437               12.1844177246093750
  48.1257               12.3215332031250000
  48.2076               12.8306274414062500
  48.2924               13.6836242675781250
  48.3743               14.5835571289062500
  48.4590               15.6040649414062500
  48.5410               15.8091430664062500
  48.6257               15.4902954101562500
  48.7104               14.7507629394531250
  48.7924               13.9924621582031250
  48.8770               12.9890136718750000
  48.9590               12.3878173828125000
  49.0438               12.2578125000000000
  49.1260               12.5577697753906250
  49.2055               13.0083618164062500
  49.2904               13.8211669921875000
  49.3726               14.8181152343750000
  49.4575               15.5126037597656250
  49.5397               15.7581176757812500
  49.6247               15.5984497070312500
  49.7096               14.9132690429687500
  49.7918               13.8970031738281250
  49.8767               12.9874572753906250
  49.9589               12.4297485351562500
  50.0438               12.2833557128906250
  50.1260               12.4579162597656250
  50.2055               12.8959045410156250
  50.2904               13.8659057617187500
  50.3726               14.7130126953125000
  50.4575               15.4730529785156250
  50.5397               15.7038879394531250
  50.6247               15.5804443359375000
  50.7096               14.8138122558593750
  50.7918               13.8417968750000000
  50.8767               12.8738403320312500
  50.9589               12.4005432128906250
  51.0438               12.3554382324218750
  51.1260               12.3153991699218750
  51.2055               12.9426574707031250
  51.2904               13.7183227539062500
  51.3726               14.6594238281250000
  51.4575               15.4305725097656250
  51.5397               15.7321166992187500
  51.6247               15.4842224121093750
  51.7096               14.8016052246093750
  51.7918               13.8751831054687500
  51.8767               12.9640197753906250
  51.9589               12.4525146484375000
  52.0437               12.2415466308593750
  52.1257               12.2894287109375000
  52.2076               12.8976745605468750
  52.2924               13.7785339355468750
  52.3743               14.6922302246093750
  52.4590               15.3390808105468750
  52.5410               15.7653198242187500
  52.6257               15.6452331542968750
  52.7104               14.8995666503906250
  52.7924               13.8857727050781250
  52.8770               13.0354614257812500
  52.9590               12.3554687500000000
  53.0438               12.1756591796875000
  53.1260               12.4050598144531250
  53.2055               13.0031127929687500
  53.2904               13.7420043945312500
  53.3726               14.7114868164062500
  53.4575               15.3868713378906250
  53.5397               15.7116088867187500
  53.6247               15.3715515136718750
  53.7096               14.7618408203125000
  53.7918               13.7845153808593750
  53.8767               12.9332275390625000
  53.9589               12.4358825683593750
  54.0438               12.3058166503906250
  54.1260               12.4295654296875000
  54.2055               12.9407653808593750
  54.2904               13.7369384765625000
  54.3726               14.6312866210937500
  54.4575               15.3111572265625000
  54.5397               15.6042480468750000
  54.6247               15.4382934570312500
  54.7096               14.7357788085937500
  54.7918               13.7546386718750000
  54.8767               13.0107116699218750
  54.9589               12.4099426269531250
  55.0438               12.2032775878906250
  55.1260               12.5027160644531250
  55.2055               12.9112243652343750
  55.2904               13.8109130859375000
  55.3726               14.7987060546875000
  55.4575               15.4906921386718750
  55.5397               15.6933593750000000
  55.6247               15.5678710937500000
  55.7096               14.8374328613281250
  55.7918               13.9135742187500000
  55.8767               13.0880737304687500
  55.9589               12.4656982421875000
  56.0437               12.3461914062500000
  56.1257               12.5976257324218750
  56.2076               13.1037292480468750
  56.2924               13.7276306152343750
  56.3743               14.7040710449218750
  56.4590               15.5093994140625000
  56.5410               15.8363647460937500
  56.6257               15.5260314941406250
  56.7104               14.9592590332031250
  56.7924               13.9853210449218750
  56.8770               12.9758300781250000
  56.9590               12.4310607910156250
  57.0438               12.3441772460937500
  57.1260               12.4593200683593750
  57.2055               12.8275756835937500
  57.2904               13.6537780761718750
  57.3726               14.7209472656250000
  57.4575               15.4503173828125000
  57.5397               15.7694091796875000
  57.6247               15.5682067871093750
  57.7096               14.8686523437500000
  57.7918               14.0020446777343750
  57.8767               13.0610351562500000
  57.9589               12.4305725097656250
  58.0438               12.1056518554687500
  58.1260               12.5661926269531250
  58.2055               12.9189758300781250
  58.2904               13.5881347656250000
  58.3726               14.7873229980468750
  58.4575               15.4841613769531250
  58.5397               15.7765808105468750
  58.6247               15.5227050781250000
  58.7096               14.8432006835937500
  58.7918               13.9112243652343750
  58.8767               13.0744628906250000
  58.9589               12.6365051269531250
  59.0438               12.3387756347656250
  59.1260               12.6384277343750000
  59.2055               12.9564514160156250
  59.2904               13.7453308105468750
  59.3726               14.7163085937500000
  59.4575               15.4943237304687500
  59.5397               15.6814575195312500
  59.6247               15.3984985351562500
  59.7096               14.8699035644531250
  59.7918               13.8293762207031250
  59.8767               12.8306884765625000
  59.9589               12.3685607910156250
  60.0437               12.2028808593750000
  60.1257               12.2108154296875000
  60.2076               12.8703308105468750
  60.2924               13.7695312500000000
  60.3743               14.6920776367187500
  60.4590               15.5219421386718750
  60.5410               15.7481994628906250
  60.6257               15.6350097656250000
  60.7104               14.9405212402343750
  60.7924               14.0618286132812500
  60.8770               13.1123962402343750
  60.9590               12.5389404296875000
  61.0438               12.4230651855468750
  61.1260               12.6475219726562500
  61.2055               13.1705932617187500
  61.2904               13.8985290527343750
  61.3726               14.7912597656250000
  61.4575               15.4909973144531250
  61.5397               15.7682495117187500
  61.6247               15.5246276855468750
  61.7096               14.7752075195312500
  61.7918               13.8744201660156250
  61.8767               12.9543151855468750
  61.9589               12.3963623046875000
  62.0438               12.2012329101562500
  62.1260               12.3882751464843750
  62.2055               12.9880065917968750
  62.2904               13.6782531738281250
  62.3726               14.6259155273437500
  62.4575               15.4215393066406250
  62.5397               15.7404174804687500
  62.6247               15.5111083984375000
  62.7096               14.9660339355468750
  62.7918               13.8171691894531250
  62.8767               13.0221557617187500
  62.9589               12.3930664062500000
  63.0438               12.3137207031250000
  63.1260               12.2623291015625000
  63.2055               12.9362487792968750
  63.2904               13.6651306152343750
  63.3726               14.6656188964843750
  63.4575               15.3142395019531250
  63.5397               15.6903381347656250
  63.6247               15.6159973144531250
  63.7096               14.7263488769531250
  63.7918               13.8117370605468750
  63.8767               12.9270629882812500
  63.9589               12.3523254394531250
  64.0437               12.2473754882812500
  64.1257               12.5469360351562500
  64.2076               13.0053100585937500
  64.2924               13.8477478027343750
  64.3743               14.8037719726562500
  64.4590               15.4994506835937500
  64.5410               15.7571411132812500
  64.6257               15.5336914062500000
  64.7104               14.7419738769531250
  64.7924               13.8081054687500000
  64.8771               12.8336791992187500
  64.9590               12.4973144531250000
  65.0438               12.3939514160156250
  65.1260               12.5252075195312500
  65.2055               12.9002380371093750
  65.2904               13.7567138671875000
  65.3726               14.8336486816406250
  65.4575               15.5220031738281250
  65.5397               15.7728271484375000
  65.6247               15.4378662109375000
  65.7096               14.7359008789062500
  65.7918               13.8258361816406250
  65.8767               12.9545288085937500
  65.9589               12.3990783691406250
  66.0438               12.3097839355468750
  66.1260               12.3729858398437500
  66.2055               12.9576110839843750
  66.2904               13.7774963378906250
  66.3726               14.7352294921875000
  66.4575               15.4646606445312500
  66.5397               15.6070861816406250
  66.6247               15.4155273437500000
  66.7096               14.7241821289062500
  66.7918               13.8102416992187500
  66.8767               12.9608459472656250
  66.9589               12.4174194335937500
  67.0438               12.2420349121093750
  67.1260               12.4378356933593750
  67.2055               12.9820251464843750
  67.2904               13.7107849121093750
  67.3726               14.6990356445312500
  67.4575               15.4100646972656250
  67.5397               15.7395935058593750
  67.6247               15.5154724121093750
  67.7096               14.8202514648437500
  67.7918               13.8780822753906250
  67.8767               12.9216918945312500
  67.9589               12.5276794433593750
  68.0437               12.3739318847656250
  68.1257               12.7206420898437500
  68.2076               13.0495910644531250
  68.2924               13.8009643554687500
  68.3743               14.7787475585937500
  68.4590               15.5390014648437500
  68.5410               15.7082519531250000
  68.6257               15.6181945800781250
  68.7104               14.9487609863281250
  68.7924               13.8795166015625000
  68.8771               13.0195007324218750
  68.9590               12.4898986816406250
  69.0438               12.1769409179687500
  69.1260               12.6398010253906250
  69.2055               12.9838256835937500
  69.2904               13.8617248535156250
  69.3726               14.8371276855468750
  69.4575               15.5850830078125000
  69.5397               15.8146057128906250
  69.6247               15.5505981445312500
  69.7096               14.9496459960937500
  69.7918               13.9555664062500000
  69.8767               13.1388854980468750
  69.9589               12.5466003417968750
  70.0438               12.2346496582031250
  70.1260               12.5201721191406250
  70.2055               12.8712463378906250
  70.2904               13.6509094238281250
  70.3726               14.7427978515625000
  70.4575               15.4237976074218750
  70.5397               15.6857910156250000
  70.6247               15.4130554199218750
  70.7096               14.8417968750000000
  70.7918               13.9859313964843750
  70.8767               13.0778198242187500
  70.9589               12.5535583496093750
  71.0438               12.5418701171875000
  71.1260               12.4708251953125000
  71.2055               13.0515747070312500
  71.2904               13.7963867187500000
  71.3726               14.7758789062500000
  71.4575               15.5097656250000000
  71.5397               15.7465515136718750
  71.6247               15.5841064453125000
  71.7096               14.8162841796875000
  71.7918               13.8463745117187500
  71.8767               12.9822387695312500
  71.9589               12.4547729492187500
  72.0437               12.1820983886718750
  72.1257               12.4432373046875000
  72.2076               12.8567504882812500
  72.2924               13.8120117187500000
  72.3743               14.8049316406250000
  72.4590               15.5511474609375000
  72.5410               15.6879577636718750
  72.6257               15.5628967285156250
  72.7104               14.8530883789062500
  72.7924               13.8768920898437500
  72.8771               13.1452331542968750
  72.9590               12.4194030761718750
  73.0438               12.2795715332031250
  73.1260               12.3961486816406250
  73.2055               12.8225708007812500
  73.2904               13.7346801757812500
  73.3726               14.7376403808593750
  73.4575               15.4518432617187500
  73.5397               15.7148437500000000
  73.6247               15.4877929687500000
  73.7096               14.7686462402343750
  73.7918               13.8255310058593750
  73.8767               13.1258850097656250
  73.9589               12.5649719238281250
  74.0438               12.2751159667968750
  74.1260               12.5826110839843750
  74.2055               13.0139770507812500
  74.2904               13.8603515625000000
  74.3726               14.7367248535156250
  74.4575               15.5505065917968750
  74.5397               15.6888122558593750
  74.6247               15.4544982910156250
  74.7096               14.9570922851562500
  74.7918               13.9851074218750000
  74.8767               13.0943603515625000
  74.9589               12.5059814453125000
  75.0438               12.3936462402343750
  75.1260               12.5686340332031250
  75.2055               13.0844421386718750
  75.2904               13.8671875000000000
  75.3726               14.7480163574218750
  75.4575               15.5097656250000000
  75.5397               15.8328857421875000
  75.6247               15.5139160156250000
  75.7096               14.9212951660156250
  75.7918               13.9277648925781250
  75.8767               13.0261230468750000
  75.9589               12.5713806152343750
  76.0437               12.2455139160156250
  76.1257               12.5567626953125000
  76.2076               12.8775939941406250
  76.2924               13.6699218750000000
  76.3743               14.6738586425781250
  76.4590               15.4267883300781250
  76.5410               15.7350158691406250
  76.6257               15.4813842773437500
  76.7104               14.8619995117187500
  76.7924               13.7658386230468750
  76.8771               12.9177551269531250
  76.9590               12.3649291992187500
  77.0438               12.2617187500000000
  77.1260               12.4361877441406250
  77.2055               12.9319458007812500
  77.2904               13.7565307617187500
  77.3726               14.7570800781250000
  77.4575               15.4250793457031250
  77.5397               15.7264709472656250
  77.6247               15.5130920410156250
  77.7096               14.8593444824218750
  77.7918               13.8711547851562500
  77.8767               12.9758605957031250
  77.9589               12.4205627441406250
  78.0438               12.2406311035156250
  78.1260               12.3612976074218750
  78.2055               12.8460388183593750
  78.2904               13.7938842773437500
  78.3726               14.7613220214843750
  78.4575               15.5105590820312500
  78.5397               15.7456970214843750
  78.6247               15.5915222167968750
  78.7096               14.8424682617187500
  78.7918               13.8859252929687500
  78.8767               13.0308227539062500
  78.9589               12.4146728515625000
  79.0438               12.3991699218750000
  79.1260               12.5312500000000000
  79.2055               12.9824829101562500
  79.2904               13.8229675292968750
  79.3726               14.7890014648437500
  79.4575               15.4906311035156250
  79.5397               15.6651000976562500
  79.6247               15.4939270019531250
  79.7096               14.7049255371093750
  79.7918               13.8539428710937500
  79.8767               13.0023803710937500
  79.9589               12.3927917480468750
  80.0437               12.2752075195312500
  80.1257               12.4547119140625000
  80.2076               13.2593383789062500
  80.2924               13.8452148437500000
  80.3743               14.7608337402343750
  80.4590               15.5498046875000000
  80.5410               15.7700500488281250
  80.6257               15.6168518066406250
  80.7104               14.9321289062500000
  80.7924               13.9819335937500000
  80.8771               13.1441040039062500
  80.9590               12.5956420898437500
  81.0438               12.3381958007812500
  81.1260               12.4337158203125000
  81.2055               13.0783386230468750
  81.2904               13.6476440429687500
  81.3726               14.7132873535156250
  81.4575               15.4822387695312500
  81.5397               15.7221069335937500
  81.6247               15.5021972656250000
  81.7096               14.8496398925781250
  81.7918               14.0555114746093750
  81.8767               12.9591674804687500
  81.9589               12.3685913085937500
  82.0438               12.1939086914062500
  82.1260               12.3628540039062500
  82.2055               12.9278564453125000
  82.2904               13.7413024902343750
  82.3726               14.7177734375000000
  82.4575               15.4437866210937500
  82.5397               15.7090454101562500
  82.6247               15.5663452148437500
  82.7096               14.7967529296875000
  82.7918               13.9306945800781250
  82.8767               13.1047363281250000
  82.9589               12.6031799316406250
  83.0438               12.2890930175781250
  83.1260               12.5137939453125000
  83.2055               12.9806823730468750
  83.2904               13.7925415039062500
  83.3726               14.7405395507812500
  83.4575               15.3508911132812500
  83.5397               15.6753845214843750
  83.6247               15.4416198730468750
  83.7096               14.9338073730468750
  83.7918               13.8107604980468750
  83.8767               13.0262756347656250
  83.9589               12.5960083007812500
  84.0437               12.2625732421875000
  84.1257               12.6175537109375000
  84.2076               12.9534606933593750
  84.2924               13.8377685546875000
  84.3743               14.7015686035156250
  84.4590               15.4830627441406250
  84.5410               15.6767883300781250
  84.6257               15.5391540527343750
  84.7104               14.7532043457031250
  84.7924               13.8864135742187500
  84.8771               13.0049743652343750
  84.9590               12.5047912597656250
  85.0438               12.4056091308593750
  85.1260               12.6453552246093750
  85.2055               13.0992736816406250
  85.2904               13.8965148925781250
  85.3726               14.7564086914062500
  85.4575               15.4727783203125000
  85.5397               15.7454223632812500
  85.6247               15.5125427246093750
  85.7096               14.7072143554687500
  85.7918               13.8286132812500000
  85.8767               13.0434570312500000
  85.9589               12.4580993652343750
  86.0438               12.3339538574218750
  86.1260               12.4789123535156250
  86.2055               13.1447448730468750
  86.2904               13.8502197265625000
  86.3726               14.8637695312500000
  86.4575               15.5607604980468750
  86.5397               15.8877868652343750
  86.6247               15.5554809570312500
  86.7096               14.8339843750000000
  86.7918               13.9508666992187500
  86.8767               13.0526123046875000
  86.9589               12.5723266601562500
  87.0438               12.4781494140625000
  87.1260               12.6111450195312500
  87.2055               13.0436706542968750
  87.2904               13.7425537109375000
  87.3726               14.8310546875000000
  87.4575               15.4356079101562500
  87.5397               15.7013244628906250
  87.6247               15.5661926269531250
  87.7096               14.7423095703125000
  87.7918               13.8637390136718750
  87.8767               13.0622558593750000
  87.9589               12.5394897460937500
  88.0437               12.3028259277343750
  88.1257               12.3750000000000000
  88.2076               12.8286132812500000
  88.2924               13.6369934082031250
  88.3743               14.6272583007812500
  88.4590               15.3585510253906250
  88.5410               15.5858154296875000
  88.6257               15.5479125976562500
  88.7104               14.7997741699218750
  88.7924               13.8695678710937500
  88.8771               12.9074096679687500
  88.9590               12.5156250000000000
  89.0438               12.3229980468750000
  89.1260               12.4600524902343750
  89.2055               12.8597106933593750
  89.2904               13.7479553222656250
  89.3726               14.7334594726562500
  89.4575               15.5136718750000000
  89.5397               15.8488769531250000
  89.6247               15.5554199218750000
  89.7096               14.7604980468750000
  89.7918               13.9860839843750000
  89.8767               12.9953308105468750
  89.9589               12.4696655273437500
  90.0438               12.2337646484375000
  90.1260               12.5613403320312500
  90.2055               13.1184692382812500
  90.2904               13.8370666503906250
  90.3726               14.7484741210937500
  90.4575               15.5635375976562500
  90.5397               15.7702026367187500
  90.6247               15.4693298339843750
  90.7096               14.7878723144531250
  90.7918               13.9773559570312500
  90.8767               12.9968872070312500
  90.9589               12.4922790527343750
  91.0438               12.2575378417968750
  91.1260               12.4403686523437500
  91.2055               12.9189147949218750
  91.2904               13.7071533203125000
  91.3726               14.7771301269531250
  91.4575               15.4125061035156250
  91.5397               15.6549377441406250
  91.6247               15.5003356933593750
  91.7096               14.8203735351562500
  91.7918               13.8373413085937500
  91.8767               12.9505004882812500
  91.9589               12.3939819335937500
  92.0437               12.2958068847656250
  92.1257               12.5132141113281250
  92.2076               13.0139160156250000
  92.2924               13.7421264648437500
  92.3743               14.6083679199218750
  92.4590               15.3322143554687500
  92.5410               15.7248229980468750
  92.6257               15.5806579589843750
  92.7104               14.9675292968750000
  92.7924               13.9701538085937500
  92.8771               13.1524353027343750
  92.9590               12.4891967773437500
  93.0438               12.3975219726562500
  93.1260               12.3316650390625000
  93.2055               12.9167480468750000
  93.2904               13.7430419921875000
  93.3726               14.7638549804687500
  93.4575               15.4696044921875000
  93.5397               15.7643432617187500
  93.6247               15.4514770507812500
  93.7096               14.8469238281250000
  93.7918               13.8962707519531250
  93.8767               13.0891418457031250
  93.9589               12.4162597656250000
  94.0438               12.3643493652343750
  94.1260               12.6787109375000000
  94.2055               12.9995117187500000
  94.2904               13.9302062988281250
  94.3726               14.9079895019531250
  94.4575               15.6398315429687500
  94.5397               15.9023132324218750
  94.6247               15.6797790527343750
  94.7096               14.9835510253906250
  94.7918               14.0344238281250000
  94.8767               13.1910400390625000
  94.9589               12.6681213378906250
  95.0438               12.5650939941406250
  95.1260               12.6684265136718750
  95.2055               13.0735473632812500
  95.2904               14.0339965820312500
  95.3726               14.9181213378906250
  95.4575               15.6679077148437500
  95.5397               15.8709411621093750
  95.6247               15.7769470214843750
  95.7096               15.0330200195312500
  95.7918               14.0782165527343750
  95.8767               13.1917724609375000
  95.9589               12.6091003417968750
  96.0437               12.5135192871093750
  96.1257               12.3842773437500000
  96.2076               12.9324645996093750
  96.2924               13.8392333984375000
  96.3743               14.7827758789062500
  96.4590               15.4762573242187500
  96.5410               15.8501281738281250
  96.6257               15.6116943359375000
  96.7104               14.8569946289062500
  96.7924               13.8973083496093750
  96.8771               13.0899963378906250
  96.9590               12.5727539062500000
  97.0438               12.2596130371093750
  97.1260               12.3875122070312500
  97.2055               12.8557434082031250
  97.2904               13.8076477050781250
  97.3726               14.9140625000000000
  97.4575               15.4869995117187500
  97.5397               15.7876281738281250
  97.6247               15.5144653320312500
  97.7096               14.8200988769531250
  97.7918               13.9694213867187500
  97.8767               13.1484375000000000
  97.9589               12.5897521972656250
  98.0438               12.3726196289062500
  98.1260               12.6544189453125000
  98.2055               13.0495605468750000
  98.2904               13.8650207519531250
  98.3726               14.8254699707031250
  98.4575               15.6885681152343750
  98.5397               15.8419494628906250
  98.6247               15.5859375000000000
  98.7096               14.9630432128906250
  98.7918               14.0062255859375000
  98.8767               13.0841979980468750
  98.9589               12.4781494140625000
  99.0438               12.4029235839843750
  99.1260               12.6381530761718750
  99.2055               13.1659851074218750
  99.2904               13.9216918945312500
  99.3726               14.8515014648437500
  99.4575               15.6338806152343750
  99.5397               15.8842163085937500
  99.6247               15.6303710937500000
  99.7096               14.8898620605468750
  99.7918               13.8973388671875000
  99.8767               13.0971984863281250
  99.9589               12.6295776367187500
 100.0438               12.2809143066406250
 100.1260               12.3784484863281250
 100.2055               13.0485229492187500
 100.2904               13.7438964843750000
 100.3726               14.7516784667968750
 100.4575               15.4670104980468750
 100.5397               15.8011169433593750
 100.6247               15.5184020996093750
 100.7096               14.8058166503906250
 100.7918               13.9108276367187500
 100.8767               12.9806823730468750
 100.9589               12.5124816894531250
