2001.0438              273.0121459960937500
2001.1260              273.5234680175781250
2001.2054              273.4532470703125000
2001.2904              273.2095031738281250
2001.3726              272.5988769531250000
2001.4575              271.9888000488281250
2001.5397              271.6466064453125000
2001.6246              271.3694458007812500
2001.7096              271.3273620605468750
2001.7917              271.3940429687500000
2001.8767              271.6834106445312500
2001.9589              272.1682739257812500
2002.0438              272.6738891601562500
2002.1260              273.2022094726562500
2002.2054              273.2243957519531250
2002.2904              272.8780822753906250
2002.3726              272.3457031250000000
2002.4575              271.7788085937500000
2002.5397              271.4981994628906250
2002.6246              271.3416748046875000
2002.7096              271.3334960937500000
2002.7917              271.3875427246093750
2002.8767              271.6496276855468750
2002.9589              272.1791076660156250
2003.0438              273.0608825683593750
2003.1260              273.4971618652343750
2003.2054              273.3904724121093750
2003.2904              273.0169982910156250
2003.3726              272.3966674804687500
2003.4575              271.8941345214843750
2003.5397              271.5404968261718750
2003.6246              271.3552856445312500
2003.7096              271.3168945312500000
2003.7917              271.3711853027343750
2003.8767              271.6429138183593750
2003.9589              272.3043212890625000
2004.0437              272.7485656738281250
2004.1257              273.1307373046875000
2004.2076              273.1856689453125000
2004.2924              272.8923034667968750
2004.3743              272.2971496582031250
2004.4590              271.8973388671875000
2004.5410              271.6294555664062500
2004.6257              271.5475769042968750
2004.7103              271.4480895996093750
2004.7924              271.4751892089843750
2004.8771              271.8450927734375000
2004.9590              272.3410644531250000
2005.0438              272.8205261230468750
2005.1260              273.0745849609375000
2005.2054              273.0944213867187500
2005.2904              272.7184448242187500
2005.3726              272.1576538085937500
2005.4575              271.7741394042968750
2005.5397              271.4891967773437500
2005.6246              271.3526000976562500
2005.7096              271.3305969238281250
2005.7917              271.3821716308593750
2005.8767              271.6502380371093750
2005.9589              272.1813049316406250
2006.0438              272.7867431640625000
2006.1260              273.1776123046875000
2006.2054              273.2801513671875000
2006.2904              272.9771423339843750
2006.3726              272.4057006835937500
2006.4575              271.8421936035156250
2006.5397              271.4774780273437500
2006.6246              271.3273620605468750
2006.7096              271.3310852050781250
2006.7917              271.4029846191406250
2006.8767              271.6714477539062500
2006.9589              272.2543945312500000
2007.0438              272.8121337890625000
2007.1260              273.3179931640625000
2007.2054              273.2591247558593750
2007.2904              272.8463134765625000
2007.3726              272.2961425781250000
2007.4575              271.7674255371093750
2007.5397              271.3903198242187500
2007.6246              271.3245239257812500
2007.7096              271.3298034667968750
2007.7917              271.3739318847656250
2007.8767              271.6853027343750000
2007.9589              272.1745300292968750
2008.0437              272.8365478515625000
2008.1257              273.0191040039062500
2008.2076              273.1104431152343750
2008.2924              272.5958557128906250
2008.3743              272.0324707031250000
2008.4590              271.5900573730468750
2008.5410              271.3459777832031250
2008.6257              271.3141174316406250
2008.7103              271.3249206542968750
2008.7924              271.3683166503906250
2008.8771              271.5867004394531250
2008.9590              272.1091003417968750
2009.0438              272.7393493652343750
2009.1260              273.0740661621093750
2009.2054              273.3519592285156250
2009.2904              273.0340270996093750
2009.3726              272.4344177246093750
2009.4575              271.8999633789062500
2009.5397              271.5216064453125000
2009.6246              271.4143981933593750
2009.7096              271.3719482421875000
2009.7917              271.4653320312500000
2009.8767              271.8500976562500000
2009.9589              272.5306701660156250
2010.0438              273.3273620605468750
2010.1260              273.8930053710937500
2010.2054              273.9179687500000000
2010.2904              273.4523010253906250
2010.3726              272.9399414062500000
2010.4575              272.3012695312500000
2010.5397              271.7952270507812500
2010.6246              271.3790283203125000
2010.7096              271.3601379394531250
2010.7917              271.4783325195312500
2010.8767              271.7911071777343750
2010.9589              272.5020446777343750
2011.0438              273.3657836914062500
2011.1260              273.6882629394531250
2011.2054              273.4778137207031250
2011.2904              273.3473510742187500
2011.3726              272.8000793457031250
2011.4575              272.2209167480468750
2011.5397              271.7960815429687500
2011.6246              271.5559082031250000
2011.7096              271.4399719238281250
2011.7917              271.5421447753906250
2011.8767              272.0561218261718750
2011.9589              272.8532104492187500
2012.0437              273.7451477050781250
2012.1257              274.0111083984375000
2012.2076              273.9466857910156250
2012.2924              273.4469604492187500
2012.3743              272.7905578613281250
2012.4590              272.2702331542968750
2012.5410              271.8054504394531250
2012.6257              271.4928588867187500
2012.7103              271.4480285644531250
2012.7924              271.5085754394531250
2012.8771              271.9259338378906250
2012.9590              272.6791687011718750
2013.0438              273.3821716308593750
2013.1260              273.8784790039062500
2013.2054              273.7415161132812500
2013.2904              273.2933349609375000
2013.3726              272.7210998535156250
2013.4575              272.2502746582031250
2013.5397              271.9695434570312500
2013.6246              271.8288269042968750
2013.7096              271.7996215820312500
2013.7917              271.8594970703125000
2013.8767              272.2258300781250000
2013.9589              272.8255310058593750
2014.0438              273.5121459960937500
2014.1260              273.8938598632812500
2014.2054              273.7524719238281250
2014.2904              273.3134155273437500
2014.3726              272.7534179687500000
2014.4575              272.1015930175781250
2014.5397              271.8432617187500000
2014.6246              271.6295471191406250
2014.7096              271.4523315429687500
2014.7917              271.4795532226562500
2014.8767              271.7877197265625000
2014.9589              272.4235839843750000
2015.0438              273.1377563476562500
2015.1260              273.5585937500000000
2015.2054              273.6586914062500000
2015.2904              273.2950134277343750
2015.3726              272.7850646972656250
2015.4575              272.3901672363281250
2015.5397              271.9936523437500000
2015.6246              271.6847534179687500
2015.7096              271.6237182617187500
2015.7917              271.6371154785156250
2015.8767              271.8887634277343750
2015.9589              272.6206054687500000
2016.0437              273.3465576171875000
2016.1257              274.0039672851562500
2016.2076              273.9322204589843750
2016.2924              273.3442993164062500
2016.3743              272.8065185546875000
2016.4590              272.2737426757812500
2016.5410              271.9334106445312500
2016.6257              271.6988220214843750
2016.7103              271.6258544921875000
2016.7924              271.6906738281250000
2016.8771              271.9788513183593750
2016.9590              272.5276794433593750
2017.0438              273.1647338867187500
2017.1260              273.7137451171875000
2017.2054              273.6860046386718750
2017.2904              273.1310119628906250
2017.3726              272.5748901367187500
2017.4575              272.0415039062500000
2017.5397              271.6217651367187500
2017.6246              271.4058532714843750
2017.7096              271.3291015625000000
2017.7917              271.3923645019531250
2017.8767              271.7324829101562500
2017.9589              272.2494201660156250
2018.0438              273.0632324218750000
2018.1260              273.2077636718750000
2018.2054              273.2184143066406250
2018.2904              272.8532104492187500
2018.3726              272.2184753417968750
2018.4575              271.6561584472656250
2018.5397              271.4274597167968750
2018.6246              271.3343811035156250
2018.7096              271.3333435058593750
2018.7917              271.3753051757812500
2018.8767              271.6109008789062500
2018.9589              272.1171569824218750
2019.0438              272.8638916015625000
2019.1260              273.2132263183593750
2019.2054              273.3637084960937500
2019.2904              272.9222106933593750
2019.3726              272.3850097656250000
2019.4575              271.9271850585937500
2019.5397              271.6457214355468750
2019.6246              271.4743347167968750
2019.7096              271.3761291503906250
2019.7917              271.4431457519531250
2019.8767              271.7709350585937500
2019.9589              272.3890075683593750
2020.0437              272.8875427246093750
2020.1257              273.4086303710937500
2020.2076              273.5095520019531250
2020.2924              273.0242004394531250
2020.3743              272.4336242675781250
2020.4590              272.0075683593750000
2020.5410              271.5870666503906250
2020.6257              271.3428955078125000
2020.7103              271.3380737304687500
2020.7924              271.4160461425781250
2020.8771              271.7371520996093750
2020.9590              272.2713623046875000
2021.0438              272.9369506835937500
2021.1260              273.1468200683593750
2021.2054              273.1234130859375000
2021.2904              272.8665771484375000
2021.3726              272.4087829589843750
2021.4575              272.0464172363281250
2021.5397              271.7559509277343750
2021.6246              271.5450439453125000
2021.7096              271.4348144531250000
2021.7917              271.5269470214843750
2021.8767              271.9340515136718750
2021.9589              272.4772338867187500
2022.0438              273.2951965332031250
2022.1260              273.5250244140625000
2022.2054              273.8492126464843750
2022.2904              273.5661926269531250
2022.3726              272.8485107421875000
2022.4575              272.2834472656250000
2022.5397              271.9462890625000000
2022.6246              271.7941894531250000
2022.7096              271.7532958984375000
2022.7917              271.8883361816406250
2022.8767              272.3294982910156250
2022.9589              273.0790405273437500
2023.0438              273.9996337890625000
2023.1260              274.4996337890625000
2023.2054              274.1967773437500000
2023.2904              273.8783264160156250
2023.3726              273.2551574707031250
2023.4575              272.7646179199218750
2023.5397              272.4601135253906250
2023.6246              272.2752685546875000
2023.7096              272.0407714843750000
2023.7917              272.0796508789062500
2023.8767              272.4985046386718750
2023.9589              273.0733032226562500
2024.0437              273.9663391113281250
2024.1257              274.6861267089843750
2024.2076              274.6978759765625000
2024.2924              273.9569091796875000
2024.3743              273.3825378417968750
2024.4590              272.6553039550781250
2024.5410              272.2244873046875000
2024.6257              271.9895324707031250
2024.7103              271.7947692871093750
2024.7924              271.8842773437500000
2024.8771              272.2040100097656250
2024.9590              272.6961975097656250
2025.0438              273.4920043945312500
2025.1260              274.2064514160156250
2025.2054              274.2103881835937500
2025.2904              273.8477783203125000
2025.3726              272.9714660644531250
2025.4575              272.3576049804687500
2025.5397              271.9639587402343750
2025.6246              271.6785583496093750
2025.7096              271.6590576171875000
2025.7917              271.7012939453125000
2025.8767              272.1290588378906250
2025.9589              272.7289428710937500
2026.0438              273.3934326171875000
2026.1260              273.6101989746093750
2026.2054              273.5342407226562500
2026.2904              273.0422668457031250
2026.3726              272.4699096679687500
2026.4575              271.9431152343750000
2026.5397              271.6831359863281250
2026.6246              271.4858703613281250
2026.7096              271.4285583496093750
2026.7917              271.4454040527343750
2026.8767              271.7174072265625000
2026.9589              272.2623901367187500
2027.0438              272.9030151367187500
2027.1260              273.1942749023437500
2027.2054              273.2754821777343750
2027.2904              272.8662414550781250
2027.3726              272.1900329589843750
2027.4575              271.7337341308593750
2027.5397              271.5227661132812500
2027.6246              271.3403930664062500
2027.7096              271.3357849121093750
2027.7917              271.4021301269531250
2027.8767              271.7605285644531250
2027.9589              272.5836791992187500
2028.0437              273.4183959960937500
2028.1257              273.7587890625000000
2028.2076              273.7067260742187500
2028.2924              273.5669860839843750
2028.3743              272.8923034667968750
2028.4590              272.1600646972656250
2028.5410              271.8439941406250000
2028.6257              271.6914062500000000
2028.7103              271.6567687988281250
2028.7924              271.8139953613281250
2028.8771              272.2391967773437500
2028.9590              272.8668518066406250
2029.0438              273.3904418945312500
2029.1260              274.0975646972656250
2029.2054              274.1628723144531250
2029.2904              273.8730163574218750
2029.3726              273.2787475585937500
2029.4575              272.6806335449218750
2029.5397              272.3525085449218750
2029.6246              272.1426696777343750
2029.7096              271.9564208984375000
2029.7917              272.0177307128906250
2029.8767              272.4726867675781250
2029.9589              273.2097167968750000
2030.0438              274.3196411132812500
2030.1260              274.9747009277343750
2030.2054              274.6269226074218750
2030.2904              274.1099853515625000
2030.3726              273.4908142089843750
2030.4575              272.9271850585937500
2030.5397              272.5178527832031250
2030.6246              272.2311401367187500
2030.7096              272.1287536621093750
2030.7917              272.2457275390625000
2030.8767              272.6453857421875000
2030.9589              273.3080444335937500
2031.0438              273.8341674804687500
2031.1260              274.1644897460937500
2031.2054              274.2529602050781250
2031.2904              273.6258544921875000
2031.3726              272.9479675292968750
2031.4575              272.5218811035156250
2031.5397              272.1907653808593750
2031.6246              271.9169311523437500
2031.7096              271.7945556640625000
2031.7917              271.7882995605468750
2031.8767              272.0965881347656250
2031.9589              272.6985778808593750
2032.0437              273.3689880371093750
2032.1257              273.7856750488281250
2032.2076              273.7498779296875000
2032.2924              273.3141479492187500
2032.3743              272.7005004882812500
2032.4590              272.2220458984375000
2032.5410              271.9387207031250000
2032.6257              271.7365417480468750
2032.7103              271.6714477539062500
2032.7924              271.7125854492187500
2032.8771              272.0639343261718750
2032.9590              272.5343627929687500
2033.0438              273.1100158691406250
2033.1260              273.5843811035156250
2033.2054              273.5704650878906250
2033.2904              273.1711730957031250
2033.3726              272.5454406738281250
2033.4575              272.1676635742187500
2033.5397              271.8023986816406250
2033.6246              271.5990600585937500
2033.7096              271.5306701660156250
2033.7917              271.5952758789062500
2033.8767              271.9355773925781250
2033.9589              272.6556091308593750
2034.0438              273.4232177734375000
2034.1260              273.8918151855468750
2034.2054              273.8338928222656250
2034.2904              273.3899536132812500
2034.3726              272.8669128417968750
2034.4575              272.4007873535156250
2034.5397              272.0785217285156250
2034.6246              271.8648986816406250
2034.7096              271.7807312011718750
2034.7917              271.9963073730468750
2034.8767              272.3734741210937500
2034.9589              272.9497680664062500
2035.0438              273.7232360839843750
2035.1260              274.2354431152343750
2035.2054              274.2611694335937500
2035.2904              273.8863830566406250
2035.3726              273.1575622558593750
2035.4575              272.6622314453125000
2035.5397              272.4090881347656250
2035.6246              272.2322082519531250
2035.7096              272.1177368164062500
2035.7917              272.1495361328125000
2035.8767              272.4834899902343750
2035.9589              273.1278381347656250
2036.0437              273.8751525878906250
2036.1257              274.5871887207031250
2036.2076              274.5512695312500000
2036.2924              273.7698974609375000
2036.3743              273.1489562988281250
2036.4590              272.6757812500000000
2036.5410              272.4928283691406250
2036.6257              272.3612365722656250
2036.7103              272.3257751464843750
2036.7924              272.3652038574218750
2036.8771              272.7366333007812500
2036.9590              273.4719543457031250
2037.0438              274.0454406738281250
2037.1260              274.4253234863281250
2037.2054              274.4877014160156250
2037.2904              273.9822692871093750
2037.3726              273.2816162109375000
2037.4575              272.7887268066406250
2037.5397              272.4770507812500000
2037.6246              272.2551574707031250
2037.7096              272.1886291503906250
2037.7917              272.2574462890625000
2037.8767              272.5554504394531250
2037.9589              273.2849426269531250
2038.0438              274.0868530273437500
2038.1260              274.3571472167968750
2038.2054              274.4610290527343750
2038.2904              273.6672363281250000
2038.3726              272.9937744140625000
2038.4575              272.6542358398437500
2038.5397              272.3526000976562500
2038.6246              272.2004699707031250
2038.7096              272.1394653320312500
2038.7917              272.3073425292968750
2038.8767              272.7970886230468750
2038.9589              273.2454223632812500
2039.0438              273.8321228027343750
2039.1260              274.0258789062500000
2039.2054              273.9155883789062500
2039.2904              273.4663085937500000
2039.3726              273.0175781250000000
2039.4575              272.6121520996093750
2039.5397              272.4218750000000000
2039.6246              272.3038635253906250
2039.7096              272.2732543945312500
2039.7917              272.3380126953125000
2039.8767              272.7118530273437500
2039.9589              273.5091247558593750
2040.0437              274.1358947753906250
2040.1257              274.3451843261718750
2040.2076              274.3273925781250000
2040.2924              274.0681762695312500
2040.3743              273.4149169921875000
2040.4590              273.0473632812500000
2040.5410              272.7425842285156250
2040.6257              272.4797363281250000
2040.7103              272.3377685546875000
2040.7924              272.3615417480468750
2040.8771              272.7340698242187500
2040.9590              273.6365966796875000
2041.0438              274.3994445800781250
2041.1260              274.4258728027343750
2041.2054              274.8523254394531250
2041.2904              274.5523376464843750
2041.3726              273.6631469726562500
2041.4575              273.0070190429687500
2041.5397              272.5459594726562500
2041.6246              272.3056030273437500
2041.7096              272.2433471679687500
2041.7917              272.3103027343750000
2041.8767              272.7463378906250000
2041.9589              273.5397033691406250
2042.0438              274.1766357421875000
2042.1260              274.3355407714843750
2042.2054              274.3758544921875000
2042.2904              273.7464599609375000
2042.3726              273.1823425292968750
2042.4575              272.9203796386718750
2042.5397              272.6436157226562500
2042.6246              272.5181274414062500
2042.7096              272.4379272460937500
2042.7917              272.5059509277343750
2042.8767              272.8218994140625000
2042.9589              273.4052429199218750
2043.0438              273.8580932617187500
2043.1260              274.1735229492187500
2043.2054              274.2218627929687500
2043.2904              273.7671203613281250
2043.3726              273.3206787109375000
2043.4575              272.8755798339843750
2043.5397              272.5746765136718750
2043.6246              272.4066162109375000
2043.7096              272.3860473632812500
2043.7917              272.4970397949218750
2043.8767              272.7148132324218750
2043.9589              273.3481445312500000
2044.0437              274.1477355957031250
2044.1257              274.4518432617187500
2044.2076              274.2787475585937500
2044.2924              273.8266601562500000
2044.3743              273.1508789062500000
2044.4590              272.6974792480468750
2044.5410              272.4023742675781250
2044.6257              272.3631286621093750
2044.7103              272.3696289062500000
2044.7924              272.4405822753906250
2044.8771              272.7945861816406250
2044.9590              273.4251098632812500
2045.0438              274.3422241210937500
2045.1260              274.3614501953125000
2045.2054              274.3657226562500000
2045.2904              273.8192138671875000
2045.3726              273.3280944824218750
2045.4575              272.7440795898437500
2045.5397              272.3807678222656250
2045.6246              272.1714172363281250
2045.7096              272.0793762207031250
2045.7917              272.0181884765625000
2045.8767              272.3117980957031250
2045.9589              273.1593627929687500
2046.0438              273.8683471679687500
2046.1260              273.9846191406250000
2046.2054              274.0349426269531250
2046.2904              273.6712036132812500
2046.3726              273.0847778320312500
2046.4575              272.6010437011718750
2046.5397              272.3007507324218750
2046.6246              272.1373901367187500
2046.7096              272.0886840820312500
2046.7917              272.2015991210937500
2046.8767              272.5625305175781250
2046.9589              273.2904357910156250
2047.0438              273.9745178222656250
2047.1260              274.3166503906250000
2047.2054              274.2432250976562500
2047.2904              273.8193969726562500
2047.3726              273.3666687011718750
2047.4575              272.9429626464843750
2047.5397              272.6144714355468750
2047.6246              272.3905639648437500
2047.7096              272.2058410644531250
2047.7917              272.1948547363281250
2047.8767              272.4674987792968750
2047.9589              273.0495300292968750
2048.0437              273.8315429687500000
2048.1257              274.2684631347656250
2048.2078              274.2605895996093750
2048.2922              273.6664733886718750
2048.3743              273.0046386718750000
2048.4590              272.5447692871093750
2048.5410              272.2784423828125000
2048.6257              272.0124816894531250
2048.7104              272.0391235351562500
2048.7922              272.1142578125000000
2048.8770              272.5225219726562500
2048.9590              273.0581970214843750
2049.0439              273.7624206542968750
2049.1260              273.8131713867187500
2049.2056              274.0400085449218750
2049.2905              273.4797668457031250
2049.3726              272.8654174804687500
2049.4575              272.4813842773437500
2049.5398              272.2138366699218750
2049.6248              272.1036987304687500
2049.7095              272.0690307617187500
2049.7917              272.2034606933593750
2049.8767              272.6578063964843750
2049.9590              273.4519958496093750
2050.0439              273.9916992187500000
2050.1260              274.3005981445312500
2050.2056              274.5790710449218750
2050.2905              274.4121704101562500
2050.3726              273.6210937500000000
2050.4575              273.0279846191406250
2050.5398              272.6298828125000000
2050.6248              272.4096679687500000
2050.7095              272.3064575195312500
2050.7917              272.3508605957031250
2050.8767              272.7066345214843750
2050.9590              273.4381103515625000
2051.0439              274.1454772949218750
2051.1260              274.7549438476562500
2051.2056              274.7402648925781250
2051.2905              273.8951721191406250
2051.3726              273.0986633300781250
2051.4575              272.4776916503906250
2051.5398              272.1215209960937500
2051.6248              271.8510131835937500
2051.7095              271.8484802246093750
2051.7917              271.9534301757812500
2051.8767              272.4776611328125000
2051.9590              273.2234802246093750
2052.0437              273.7222290039062500
2052.1257              274.1970825195312500
2052.2078              274.2084960937500000
2052.2922              273.8823852539062500
2052.3743              273.3943786621093750
2052.4590              272.9287414550781250
2052.5410              272.4963073730468750
2052.6257              272.3538513183593750
2052.7104              272.3700561523437500
2052.7922              272.4556884765625000
2052.8770              272.7888793945312500
2052.9590              273.5040893554687500
2053.0439              274.1783752441406250
2053.1260              274.5198669433593750
2053.2056              274.5339965820312500
2053.2905              274.2713012695312500
2053.3726              273.6632995605468750
2053.4575              273.0053710937500000
2053.5398              272.6191406250000000
2053.6248              272.5202331542968750
2053.7095              272.4782104492187500
2053.7917              272.6148071289062500
2053.8767              272.9694519042968750
2053.9590              273.7673339843750000
2054.0439              274.5953674316406250
2054.1260              274.6806030273437500
2054.2056              274.5330200195312500
2054.2905              274.0431823730468750
2054.3726              273.5234069824218750
2054.4575              273.0840759277343750
2054.5398              272.7546997070312500
2054.6248              272.3368225097656250
2054.7095              272.1579284667968750
2054.7917              272.1801452636718750
2054.8767              272.5128479003906250
2054.9590              273.2337341308593750
2055.0439              274.0491027832031250
2055.1260              274.4166870117187500
2055.2056              274.4872741699218750
2055.2905              274.1180419921875000
2055.3726              273.6299438476562500
2055.4575              273.0032348632812500
2055.5398              272.4932250976562500
2055.6248              272.2870788574218750
2055.7095              272.1292724609375000
2055.7917              272.0289611816406250
2055.8767              272.3736877441406250
2055.9590              273.1168518066406250
2056.0437              273.6821899414062500
2056.1257              273.9059143066406250
2056.2078              273.7692871093750000
2056.2922              273.3232421875000000
2056.3743              272.6886901855468750
2056.4590              272.4625244140625000
2056.5410              272.2643127441406250
2056.6257              272.1723327636718750
2056.7104              272.1858520507812500
2056.7922              272.2839660644531250
2056.8770              272.6372375488281250
2056.9590              273.5020446777343750
2057.0439              274.4490966796875000
2057.1260              274.3103637695312500
2057.2056              274.3617248535156250
2057.2905              273.9276123046875000
2057.3726              273.4898681640625000
2057.4575              273.1557922363281250
2057.5398              272.8656921386718750
2057.6248              272.6606750488281250
2057.7095              272.5245666503906250
2057.7917              272.5533752441406250
2057.8767              272.8372497558593750
2057.9590              273.4229736328125000
2058.0439              273.8556213378906250
2058.1260              274.3233642578125000
2058.2056              274.2477722167968750
2058.2905              273.7718200683593750
2058.3726              273.1213684082031250
2058.4575              272.6352233886718750
2058.5398              272.3861389160156250
2058.6248              272.2088928222656250
2058.7095              272.0454406738281250
2058.7917              272.1283874511718750
2058.8767              272.4392395019531250
2058.9590              272.9737854003906250
2059.0439              273.6544799804687500
2059.1260              274.2317810058593750
2059.2056              274.0413513183593750
2059.2905              273.5146484375000000
2059.3726              273.0317077636718750
2059.4575              272.7334594726562500
2059.5398              272.4596557617187500
2059.6248              272.2239379882812500
2059.7095              272.0977783203125000
2059.7917              272.1108093261718750
2059.8767              272.4639892578125000
2059.9590              273.0595703125000000
2060.0437              274.0405883789062500
2060.1257              274.2110900878906250
2060.2078              274.2549133300781250
2060.2922              273.9199829101562500
2060.3743              273.3398132324218750
2060.4590              272.8838500976562500
2060.5410              272.6754760742187500
2060.6257              272.4187927246093750
2060.7104              272.2185363769531250
2060.7922              272.1460266113281250
2060.8770              272.5065917968750000
2060.9590              273.0838928222656250
2061.0439              273.6503601074218750
2061.1260              273.9017028808593750
2061.2056              274.3331298828125000
2061.2905              273.9031372070312500
2061.3726              273.3041992187500000
2061.4575              272.8632812500000000
2061.5398              272.5204772949218750
2061.6248              272.2561340332031250
2061.7095              272.1715087890625000
2061.7917              272.2202758789062500
2061.8767              272.5409545898437500
2061.9590              273.2904357910156250
2062.0439              273.8487854003906250
2062.1260              274.5146789550781250
2062.2056              274.5923156738281250
2062.2905              274.1296081542968750
2062.3726              273.5105590820312500
2062.4575              272.9934387207031250
2062.5398              272.5133972167968750
2062.6248              272.3040771484375000
2062.7095              272.2244873046875000
2062.7917              272.3220214843750000
2062.8767              272.7283935546875000
2062.9590              273.3097534179687500
2063.0439              274.0981750488281250
2063.1260              274.6079406738281250
2063.2056              274.5118713378906250
2063.2905              273.9264526367187500
2063.3726              273.2052307128906250
2063.4575              272.7504577636718750
2063.5398              272.3435363769531250
2063.6248              272.1492309570312500
2063.7095              272.1732788085937500
2063.7917              272.2689819335937500
2063.8767              272.6677246093750000
2063.9590              273.5088195800781250
2064.0437              274.2099609375000000
2064.1257              274.7127685546875000
2064.2078              274.5573120117187500
2064.2922              274.1265258789062500
2064.3743              273.2337036132812500
2064.4590              272.5177917480468750
2064.5410              272.1950378417968750
2064.6257              272.0213928222656250
2064.7104              271.9527282714843750
2064.7922              272.0369262695312500
2064.8770              272.3655700683593750
2064.9590              273.0704345703125000
2065.0439              273.8655700683593750
2065.1260              274.4569091796875000
2065.2056              274.5927124023437500
2065.2905              273.9403686523437500
2065.3726              273.2361755371093750
2065.4575              272.7733154296875000
2065.5398              272.4777832031250000
2065.6248              272.3002014160156250
2065.7095              272.3020629882812500
2065.7917              272.3878479003906250
2065.8767              272.7241210937500000
2065.9590              273.3478393554687500
2066.0439              274.0522460937500000
2066.1260              274.1346130371093750
2066.2056              274.1660766601562500
2066.2905              273.9071960449218750
2066.3726              273.2142944335937500
2066.4575              272.6304626464843750
2066.5398              272.2240905761718750
2066.6248              271.9819946289062500
2066.7095              271.9078674316406250
2066.7917              272.0581054687500000
2066.8767              272.4087219238281250
2066.9590              272.8903198242187500
2067.0439              273.4057006835937500
2067.1260              273.8692016601562500
2067.2056              273.8326721191406250
2067.2905              273.4288330078125000
2067.3726              272.9679565429687500
2067.4575              272.4681396484375000
2067.5398              272.1053771972656250
2067.6248              271.9845886230468750
2067.7095              271.9201049804687500
2067.7917              272.0390930175781250
2067.8767              272.3813171386718750
2067.9590              272.9856872558593750
2068.0437              273.6178283691406250
2068.1257              274.1483459472656250
2068.2078              274.1583557128906250
2068.2922              273.6751403808593750
2068.3743              272.8240966796875000
2068.4590              272.2701416015625000
2068.5410              271.8598022460937500
2068.6257              271.6084899902343750
2068.7104              271.5147399902343750
2068.7922              271.5615844726562500
2068.8770              271.7566528320312500
2068.9590              272.2376708984375000
2069.0439              272.9729003906250000
2069.1260              273.3624572753906250
2069.2056              273.4783935546875000
2069.2905              273.1240844726562500
2069.3726              272.4803161621093750
2069.4575              272.1759033203125000
2069.5398              272.0061645507812500
2069.6248              272.0232543945312500
2069.7095              271.9841308593750000
2069.7917              272.0301818847656250
2069.8767              272.2891845703125000
2069.9590              272.8958740234375000
2070.0439              273.6106872558593750
2070.1260              273.9007873535156250
2070.2056              273.9017944335937500
2070.2905              273.5827331542968750
2070.3726              272.9199523925781250
2070.4575              272.3570556640625000
2070.5398              272.0911865234375000
2070.6248              271.9964904785156250
2070.7095              271.9611511230468750
2070.7917              272.0546264648437500
2070.8767              272.4253234863281250
2070.9590              273.2980651855468750
2071.0439              274.1761169433593750
2071.1260              274.5935363769531250
2071.2056              274.4160766601562500
2071.2905              274.1289062500000000
2071.3726              273.4092102050781250
2071.4575              272.7373352050781250
2071.5398              272.3049621582031250
2071.6248              272.0895996093750000
2071.7095              272.0809936523437500
2071.7917              272.1756286621093750
2071.8767              272.5738220214843750
2071.9590              273.3435363769531250
2072.0437              273.9918823242187500
2072.1257              274.5895080566406250
2072.2078              274.6483154296875000
2072.2922              274.1855468750000000
2072.3743              273.2142333984375000
2072.4590              272.6283264160156250
2072.5410              272.3487854003906250
2072.6257              272.2402648925781250
2072.7104              272.2281494140625000
2072.7922              272.3684692382812500
2072.8770              272.7285461425781250
2072.9590              273.2765197753906250
2073.0439              273.9380798339843750
2073.1260              274.2771606445312500
2073.2056              274.5907592773437500
2073.2905              273.9955139160156250
2073.3726              273.3598327636718750
2073.4575              272.8051757812500000
2073.5398              272.5000610351562500
2073.6248              272.2992858886718750
2073.7095              272.2859802246093750
2073.7917              272.3895874023437500
2073.8767              272.7590942382812500
2073.9590              273.5628051757812500
2074.0439              274.2795715332031250
2074.1260              274.6868896484375000
2074.2056              274.9528808593750000
2074.2905              274.3852539062500000
2074.3726              273.5806579589843750
2074.4575              272.9142761230468750
2074.5398              272.5363769531250000
2074.6248              272.2979736328125000
2074.7095              272.3070068359375000
2074.7917              272.4062805175781250
2074.8767              272.7477416992187500
2074.9590              273.5875549316406250
2075.0439              274.5165710449218750
2075.1260              274.7522277832031250
2075.2056              274.8362731933593750
2075.2905              274.5612182617187500
2075.3726              273.9007568359375000
2075.4575              273.3538208007812500
2075.5398              273.0095520019531250
2075.6248              272.8659057617187500
2075.7095              272.6311035156250000
2075.7917              272.5529785156250000
2075.8767              272.8330078125000000
2075.9590              273.7037353515625000
2076.0437              274.4733886718750000
2076.1257              274.7993774414062500
2076.2078              274.9077453613281250
2076.2922              274.5165405273437500
2076.3743              273.8119506835937500
2076.4590              273.1995849609375000
2076.5410              272.5919494628906250
2076.6257              272.3987426757812500
2076.7104              272.3964538574218750
2076.7922              272.3675842285156250
2076.8770              272.6920776367187500
2076.9590              273.3701477050781250
2077.0439              273.8319091796875000
2077.1260              274.4710998535156250
2077.2056              274.5063781738281250
2077.2905              273.8957519531250000
2077.3726              273.0898132324218750
2077.4575              272.5975952148437500
2077.5398              272.3135070800781250
2077.6248              272.0690307617187500
2077.7095              271.9779357910156250
2077.7917              272.1174316406250000
2077.8767              272.4371643066406250
2077.9590              273.1371765136718750
2078.0439              273.8876647949218750
2078.1260              274.2257690429687500
2078.2056              274.3135070800781250
2078.2905              274.0079956054687500
2078.3726              273.2080383300781250
2078.4575              272.8901977539062500
2078.5398              272.4617309570312500
2078.6248              272.2123413085937500
2078.7095              272.1171875000000000
2078.7917              272.2273254394531250
2078.8767              272.6595458984375000
2078.9590              273.3619995117187500
2079.0439              274.0973510742187500
2079.1260              274.2811889648437500
2079.2056              274.1852722167968750
2079.2905              273.6492919921875000
2079.3726              273.2338562011718750
2079.4575              272.7825622558593750
2079.5398              272.4382324218750000
2079.6248              272.2739562988281250
2079.7095              272.1886596679687500
2079.7917              272.2511901855468750
2079.8767              272.5354003906250000
2079.9590              273.0766601562500000
2080.0437              274.0438842773437500
2080.1257              274.3354797363281250
2080.2078              274.4529113769531250
2080.2922              273.9145202636718750
2080.3743              273.2296142578125000
2080.4590              272.6086730957031250
2080.5410              272.1974182128906250
2080.6257              272.0451354980468750
2080.7104              272.1241149902343750
2080.7922              272.3128967285156250
2080.8770              272.7494506835937500
2080.9590              273.3956604003906250
2081.0439              274.1312561035156250
2081.1260              274.3637390136718750
2081.2056              274.5811767578125000
2081.2905              274.0769348144531250
2081.3726              273.5229187011718750
2081.4575              273.0175170898437500
2081.5398              272.7384338378906250
2081.6248              272.5855102539062500
2081.7095              272.4935607910156250
2081.7917              272.5695190429687500
2081.8767              272.8542785644531250
2081.9590              273.5358276367187500
2082.0439              274.3054504394531250
2082.1260              274.4845275878906250
2082.2056              274.3282775878906250
2082.2905              274.0868530273437500
2082.3726              273.4477844238281250
2082.4575              272.8065795898437500
2082.5398              272.5112609863281250
2082.6248              272.3614196777343750
2082.7095              272.3209838867187500
2082.7917              272.4566345214843750
2082.8767              272.8588867187500000
2082.9590              273.4277648925781250
2083.0439              274.2619628906250000
2083.1260              274.5372619628906250
2083.2056              274.8472900390625000
2083.2905              274.5541992187500000
2083.3726              273.9934082031250000
2083.4575              273.4439697265625000
2083.5398              273.0404663085937500
2083.6248              272.9801940917968750
2083.7095              272.8954467773437500
2083.7917              272.9568786621093750
2083.8767              273.2791137695312500
2083.9590              273.9960632324218750
2084.0437              274.5409545898437500
2084.1257              275.2355651855468750
2084.2078              275.3431396484375000
2084.2922              274.7022399902343750
2084.3743              273.8792724609375000
2084.4590              273.3366699218750000
2084.5410              272.9522094726562500
2084.6257              272.7640075683593750
2084.7104              272.7012023925781250
2084.7922              272.7099304199218750
2084.8770              273.1918945312500000
2084.9590              274.1120605468750000
2085.0439              274.8536376953125000
2085.1260              275.1297302246093750
2085.2056              274.7992248535156250
2085.2905              274.3233337402343750
2085.3726              273.6862182617187500
2085.4575              273.1348876953125000
2085.5398              272.8493347167968750
2085.6248              272.7135620117187500
2085.7095              272.5529174804687500
2085.7917              272.6808471679687500
2085.8767              273.0384826660156250
2085.9590              273.6545410156250000
2086.0439              274.1437988281250000
2086.1260              274.7573547363281250
2086.2056              274.5238342285156250
2086.2905              274.0462036132812500
2086.3726              273.3673095703125000
2086.4575              272.9215393066406250
2086.5398              272.6813964843750000
2086.6248              272.5979309082031250
2086.7095              272.5174255371093750
2086.7917              272.7164001464843750
2086.8767              273.0337829589843750
2086.9590              273.6641235351562500
2087.0439              274.3553771972656250
2087.1260              274.4982910156250000
2087.2056              274.6235351562500000
2087.2905              274.1538391113281250
2087.3726              273.5310058593750000
2087.4575              273.0497131347656250
2087.5398              272.7413635253906250
2087.6248              272.5708618164062500
2087.7095              272.5340270996093750
2087.7917              272.6642150878906250
2087.8767              272.9861755371093750
2087.9590              273.7069702148437500
2088.0437              274.4967041015625000
2088.1257              274.7659301757812500
2088.2078              274.7150268554687500
2088.2922              274.2013549804687500
2088.3743              273.4930725097656250
2088.4590              273.2328796386718750
2088.5410              273.0051879882812500
2088.6257              272.8418579101562500
2088.7104              272.7668151855468750
2088.7922              272.9453430175781250
2088.8770              273.4698181152343750
2088.9590              274.2493591308593750
2089.0439              275.0415954589843750
2089.1260              275.4208374023437500
2089.2056              275.4645690917968750
2089.2905              275.0389709472656250
2089.3726              274.3101806640625000
2089.4575              273.7408447265625000
2089.5398              273.5611572265625000
2089.6248              273.3540649414062500
2089.7095              273.2097167968750000
2089.7917              273.2590332031250000
2089.8767              273.6978454589843750
2089.9590              274.3741149902343750
2090.0439              274.7237854003906250
2090.1260              274.9993896484375000
2090.2056              274.9713134765625000
2090.2905              274.7009277343750000
2090.3726              274.1897888183593750
2090.4575              273.8408813476562500
2090.5398              273.5740661621093750
2090.6248              273.2909851074218750
2090.7095              273.1791687011718750
2090.7917              273.1835632324218750
2090.8767              273.5030822753906250
2090.9590              274.0303039550781250
2091.0439              274.6123657226562500
2091.1260              274.7156372070312500
2091.2056              274.7214965820312500
2091.2905              274.4022216796875000
2091.3726              273.8056640625000000
2091.4575              273.3309631347656250
2091.5398              273.1919860839843750
2091.6248              272.9935302734375000
2091.7095              272.8824462890625000
2091.7917              273.0165405273437500
2091.8767              273.3940124511718750
2091.9590              273.8645935058593750
2092.0437              274.5609130859375000
2092.1257              274.8831176757812500
2092.2078              274.8830261230468750
2092.2922              274.4972229003906250
2092.3743              273.9619140625000000
2092.4590              273.5441284179687500
2092.5410              273.2832641601562500
2092.6257              273.1055603027343750
2092.7104              273.0676879882812500
2092.7922              273.1013793945312500
2092.8770              273.5322570800781250
2092.9590              274.3370971679687500
2093.0439              275.0444335937500000
2093.1260              275.3070373535156250
2093.2056              275.4229125976562500
2093.2905              274.9248962402343750
2093.3726              274.1899719238281250
2093.4575              273.4937438964843750
2093.5398              273.0828857421875000
2093.6248              272.7093811035156250
2093.7095              272.6713867187500000
2093.7917              272.8049621582031250
2093.8767              273.1231689453125000
2093.9590              273.7595520019531250
2094.0439              274.2676391601562500
2094.1260              274.5540771484375000
2094.2056              274.5957031250000000
2094.2905              274.0571594238281250
2094.3726              273.3984375000000000
2094.4575              272.9210205078125000
2094.5398              272.6755676269531250
2094.6248              272.6106262207031250
2094.7095              272.6861267089843750
2094.7917              272.8852539062500000
2094.8767              273.3147277832031250
2094.9590              274.0873107910156250
2095.0439              274.9252624511718750
2095.1260              275.4785461425781250
2095.2056              275.4818115234375000
2095.2905              274.9746704101562500
2095.3726              274.3339233398437500
2095.4575              273.8265075683593750
2095.5398              273.4888000488281250
2095.6248              273.4213256835937500
2095.7095              273.3093261718750000
2095.7917              273.2794799804687500
2095.8767              273.5362854003906250
2095.9590              274.2401733398437500
2096.0437              275.0307006835937500
2096.1257              275.0961303710937500
2096.2078              275.2004089355468750
2096.2922              274.6178283691406250
2096.3743              273.7746887207031250
2096.4590              273.3202819824218750
2096.5410              273.1199340820312500
2096.6257              272.9696960449218750
2096.7104              272.9031677246093750
2096.7922              272.9711608886718750
2096.8770              273.3819885253906250
2096.9590              274.2194824218750000
2097.0439              274.7601013183593750
2097.1260              275.3509826660156250
2097.2056              275.1741027832031250
2097.2905              274.7415771484375000
2097.3726              274.2962646484375000
2097.4575              273.7104492187500000
2097.5398              273.2833862304687500
2097.6248              273.1589355468750000
2097.7095              273.0106506347656250
2097.7917              272.9420166015625000
2097.8767              273.1091613769531250
2097.9590              273.9124450683593750
2098.0439              274.8184814453125000
2098.1260              275.1400146484375000
2098.2056              274.8558654785156250
2098.2905              274.5365600585937500
2098.3726              273.9166564941406250
2098.4575              273.4374389648437500
2098.5398              273.1783447265625000
2098.6248              272.9626770019531250
2098.7095              272.8268432617187500
2098.7917              272.9425964355468750
2098.8767              273.3733520507812500
2098.9590              273.9833374023437500
2099.0439              274.6405334472656250
2099.1260              274.9458007812500000
2099.2056              274.5932006835937500
2099.2905              274.2648620605468750
2099.3726              273.6928710937500000
2099.4575              273.1413574218750000
2099.5398              272.8534240722656250
2099.6248              272.6223144531250000
2099.7095              272.4413452148437500
2099.7917              272.4968261718750000
2099.8767              272.8824462890625000
2099.9590              273.4937438964843750
2100.0439              273.9955139160156250
2100.1260              274.3794860839843750
2100.2056              274.4896850585937500
2100.2905              274.0631103515625000
2100.3726              273.4969787597656250
2100.4575              273.0606079101562500
2100.5398              272.7763671875000000
2100.6248              272.7382507324218750
2100.7095              272.6891174316406250
2100.7917              272.8062133789062500
2100.8767              273.2433471679687500
2100.9590              273.8992004394531250
