2001.0438              275.6559753417968750
2001.1260              276.2351379394531250
2001.2054              276.2824707031250000
2001.2904              275.4960021972656250
2001.3726              274.5559387207031250
2001.4575              273.6286926269531250
2001.5397              273.4698791503906250
2001.6246              273.5062255859375000
2001.7096              273.5287780761718750
2001.7917              273.5686340332031250
2001.8767              273.9617309570312500
2001.9589              274.8214416503906250
2002.0438              275.7566833496093750
2002.1260              276.2020568847656250
2002.2054              276.1030883789062500
2002.2904              275.3777465820312500
2002.3726              274.5312500000000000
2002.4575              273.7305908203125000
2002.5397              273.5035705566406250
2002.6246              273.5007324218750000
2002.7096              273.4945678710937500
2002.7917              273.5433044433593750
2002.8767              274.0195312500000000
2002.9589              274.8925476074218750
2003.0438              275.7213745117187500
2003.1260              276.0680236816406250
2003.2054              275.9436950683593750
2003.2904              275.2807922363281250
2003.3726              274.2353820800781250
2003.4575              273.6371459960937500
2003.5397              273.4841918945312500
2003.6246              273.4123229980468750
2003.7096              273.4845886230468750
2003.7917              273.5352172851562500
2003.8767              273.9039001464843750
2003.9589              274.8204650878906250
2004.0437              275.6335144042968750
2004.1257              276.1038208007812500
2004.2076              275.9902038574218750
2004.2924              275.1286315917968750
2004.3743              274.3194580078125000
2004.4590              273.4984436035156250
2004.5410              273.0110168457031250
2004.6257              273.2003173828125000
2004.7103              273.1283569335937500
2004.7924              272.5400390625000000
2004.8771              272.3782958984375000
2004.9590              273.1536254882812500
2005.0438              273.9812622070312500
2005.1260              274.4375915527343750
2005.2054              274.5416259765625000
2005.2904              273.9669494628906250
2005.3726              273.2700195312500000
2005.4575              272.4918518066406250
2005.5397              271.5639038085937500
2005.6246              271.3184814453125000
2005.7096              271.2984313964843750
2005.7917              271.3397521972656250
2005.8767              271.8782348632812500
2005.9589              272.8958129882812500
2006.0438              274.1376647949218750
2006.1260              274.6861267089843750
2006.2054              274.7508850097656250
2006.2904              274.0625305175781250
2006.3726              273.1535339355468750
2006.4575              272.0443420410156250
2006.5397              271.3322753906250000
2006.6246              271.4161682128906250
2006.7096              271.8172912597656250
2006.7917              271.6790161132812500
2006.8767              272.1640625000000000
2006.9589              273.1737976074218750
2007.0438              274.1191711425781250
2007.1260              274.6704406738281250
2007.2054              274.6221923828125000
2007.2904              273.8670349121093750
2007.3726              272.9274597167968750
2007.4575              272.0758361816406250
2007.5397              271.8769226074218750
2007.6246              271.6543273925781250
2007.7096              271.3159179687500000
2007.7917              271.3495178222656250
2007.8767              272.0017395019531250
2007.9589              273.1712341308593750
2008.0437              274.1563415527343750
2008.1257              274.6855468750000000
2008.2076              274.7682800292968750
2008.2924              274.2378234863281250
2008.3743              273.2045593261718750
2008.4590              272.0937194824218750
2008.5410              271.7443237304687500
2008.6257              271.3967895507812500
2008.7103              271.9490661621093750
2008.7924              272.5021057128906250
2008.8771              272.6325988769531250
2008.9590              273.6502990722656250
2009.0438              274.6028747558593750
2009.1260              275.2062683105468750
2009.2054              275.0944213867187500
2009.2904              274.5583190917968750
2009.3726              273.9244995117187500
2009.4575              273.1042785644531250
2009.5397              272.3752136230468750
2009.6246              271.9139099121093750
2009.7096              272.5411987304687500
2009.7917              272.7901000976562500
2009.8767              272.9198913574218750
2009.9589              273.8116149902343750
2010.0438              274.6687011718750000
2010.1260              275.0302429199218750
2010.2054              275.0219421386718750
2010.2904              274.3215637207031250
2010.3726              273.5241088867187500
2010.4575              272.7452392578125000
2010.5397              272.8519592285156250
2010.6246              273.0307312011718750
2010.7096              273.2978210449218750
2010.7917              273.3220520019531250
2010.8767              273.6721191406250000
2010.9589              274.6040649414062500
2011.0438              275.3986511230468750
2011.1260              275.8279418945312500
2011.2054              275.7234497070312500
2011.2904              274.9798583984375000
2011.3726              274.2272644042968750
2011.4575              273.4883422851562500
2011.5397              273.3634948730468750
2011.6246              273.5055541992187500
2011.7096              273.6481933593750000
2011.7917              273.6701049804687500
2011.8767              273.9869995117187500
2011.9589              274.7257385253906250
2012.0437              275.4742431640625000
2012.1257              276.0640869140625000
2012.2076              275.8477172851562500
2012.2924              275.1928100585937500
2012.3743              274.1543884277343750
2012.4590              273.3938293457031250
2012.5410              273.4884948730468750
2012.6257              273.5797119140625000
2012.7103              273.6233825683593750
2012.7924              273.6096496582031250
2012.8771              273.8703613281250000
2012.9590              274.6665039062500000
2013.0438              275.3424072265625000
2013.1260              275.6278076171875000
2013.2054              275.5833740234375000
2013.2904              274.8137207031250000
2013.3726              274.1593017578125000
2013.4575              273.2663269042968750
2013.5397              272.6104431152343750
2013.6246              272.5348205566406250
2013.7096              273.2694396972656250
2013.7917              273.4133605957031250
2013.8767              273.6947937011718750
2013.9589              274.2294921875000000
2014.0438              274.9971923828125000
2014.1260              275.5819091796875000
2014.2054              275.5469055175781250
2014.2904              274.8629760742187500
2014.3726              273.9755554199218750
2014.4575              273.0451049804687500
2014.5397              272.4942016601562500
2014.6246              272.1982727050781250
2014.7096              272.0287780761718750
2014.7917              272.2571716308593750
2014.8767              272.4423522949218750
2014.9589              273.3934936523437500
2015.0438              274.3266601562500000
2015.1260              275.0144348144531250
2015.2054              275.0494079589843750
2015.2904              274.2006835937500000
2015.3726              273.3905639648437500
2015.4575              272.5246887207031250
2015.5397              272.0434570312500000
2015.6246              271.6427001953125000
2015.7096              271.3096618652343750
2015.7917              271.3892517089843750
2015.8767              271.9355773925781250
2015.9589              273.0924377441406250
2016.0437              274.0560607910156250
2016.1257              274.6480407714843750
2016.2076              274.7262268066406250
2016.2924              274.0896911621093750
2016.3743              273.2960510253906250
2016.4590              272.4381713867187500
2016.5410              272.0400085449218750
2016.6257              271.7024841308593750
2016.7103              271.3618469238281250
2016.7924              271.3322753906250000
2016.8771              271.9349365234375000
2016.9590              273.1477966308593750
2017.0438              274.1076965332031250
2017.1260              274.7045288085937500
2017.2054              274.8050842285156250
2017.2904              274.2050170898437500
2017.3726              273.5076599121093750
2017.4575              272.6760253906250000
2017.5397              272.3594970703125000
2017.6246              272.0500793457031250
2017.7096              273.1316528320312500
2017.7917              273.4065856933593750
2017.8767              273.6560363769531250
2017.9589              274.4140930175781250
2018.0438              275.2103881835937500
2018.1260              275.6816406250000000
2018.2054              275.7088623046875000
2018.2904              274.9872131347656250
2018.3726              274.1913146972656250
2018.4575              273.4005126953125000
2018.5397              272.7739868164062500
2018.6246              273.2127685546875000
2018.7096              273.6154174804687500
2018.7917              273.6196594238281250
2018.8767              273.9375915527343750
2018.9589              274.7185974121093750
2019.0438              275.4169921875000000
2019.1260              275.6947937011718750
2019.2054              275.6040954589843750
2019.2904              274.7716369628906250
2019.3726              274.0474853515625000
2019.4575              273.1618347167968750
2019.5397              272.8731689453125000
2019.6246              273.5296936035156250
2019.7096              273.5431823730468750
2019.7917              273.5997924804687500
2019.8767              274.0068969726562500
2019.9589              274.9826965332031250
2020.0437              276.0467529296875000
2020.1257              276.4611816406250000
2020.2076              276.2313842773437500
2020.2924              275.3837585449218750
2020.3743              274.6081542968750000
2020.4590              273.7023315429687500
2020.5410              273.3756408691406250
2020.6257              273.4220581054687500
2020.7103              273.4589233398437500
2020.7924              273.5659790039062500
2020.8771              274.0262145996093750
2020.9590              275.0141601562500000
2021.0438              275.6979675292968750
2021.1260              276.1738281250000000
2021.2054              276.1057128906250000
2021.2904              275.5339050292968750
2021.3726              274.7671508789062500
2021.4575              273.8455810546875000
2021.5397              273.5982971191406250
2021.6246              273.4426269531250000
2021.7096              273.4454345703125000
2021.7917              273.5477600097656250
2021.8767              274.0290527343750000
2021.9589              275.0331420898437500
2022.0438              275.7210083007812500
2022.1260              275.8941040039062500
2022.2054              275.9255676269531250
2022.2904              275.1680908203125000
2022.3726              274.4531860351562500
2022.4575              273.6328735351562500
2022.5397              273.4577026367187500
2022.6246              273.4020690917968750
2022.7096              273.4479370117187500
2022.7917              273.5502624511718750
2022.8767              274.0781555175781250
2022.9589              274.9961242675781250
2023.0438              275.7572631835937500
2023.1260              276.2611389160156250
2023.2054              276.1083374023437500
2023.2904              275.2693176269531250
2023.3726              274.3781127929687500
2023.4575              273.4265747070312500
2023.5397              273.1224060058593750
2023.6246              273.4615783691406250
2023.7096              273.6234130859375000
2023.7917              273.6348571777343750
2023.8767              273.9294128417968750
2023.9589              274.7399291992187500
2024.0437              275.4631958007812500
2024.1257              275.7637634277343750
2024.2076              275.6651000976562500
2024.2924              275.0683898925781250
2024.3743              274.2952270507812500
2024.4590              273.3437194824218750
2024.5410              272.9145507812500000
2024.6257              273.2823791503906250
2024.7103              273.5742797851562500
2024.7924              273.6142272949218750
2024.8771              273.8861999511718750
2024.9590              274.6436462402343750
2025.0438              275.2674255371093750
2025.1260              275.5743408203125000
2025.2054              275.2629699707031250
2025.2904              274.5693664550781250
2025.3726              273.6656494140625000
2025.4575              272.8401489257812500
2025.5397              272.5602722167968750
2025.6246              272.7636413574218750
2025.7096              273.1671142578125000
2025.7917              273.3256530761718750
2025.8767              273.6751098632812500
2025.9589              274.4222106933593750
2026.0438              275.0295104980468750
2026.1260              275.4499816894531250
2026.2054              275.3884277343750000
2026.2904              274.7070617675781250
2026.3726              274.0919494628906250
2026.4575              273.2188110351562500
2026.5397              272.5541381835937500
2026.6246              272.2227172851562500
2026.7096              271.9912719726562500
2026.7917              271.9503784179687500
2026.8767              272.4679870605468750
2026.9589              273.4030151367187500
2027.0438              274.3227539062500000
2027.1260              274.8578796386718750
2027.2054              274.9783630371093750
2027.2904              274.3155517578125000
2027.3726              273.7167358398437500
2027.4575              272.7640075683593750
2027.5397              271.6820373535156250
2027.6246              271.3218688964843750
2027.7096              271.2974243164062500
2027.7917              271.3790893554687500
2027.8767              271.9902343750000000
2027.9589              273.0717773437500000
2028.0437              274.1245422363281250
2028.1257              274.7327880859375000
2028.2076              274.7062072753906250
2028.2924              274.0934448242187500
2028.3743              273.3241882324218750
2028.4590              272.1682128906250000
2028.5410              271.8517456054687500
2028.6257              271.4136962890625000
2028.7103              271.4505920410156250
2028.7924              271.6464843750000000
2028.8771              272.1220397949218750
2028.9590              273.1534118652343750
2029.0438              274.0740966796875000
2029.1260              274.5827941894531250
2029.2054              274.6822509765625000
2029.2904              273.9139404296875000
2029.3726              273.1637573242187500
2029.4575              272.3710937500000000
2029.5397              271.9318542480468750
2029.6246              271.8524169921875000
2029.7096              271.7581481933593750
2029.7917              272.0925598144531250
2029.8767              272.6917419433593750
2029.9589              273.7254028320312500
2030.0438              274.6934509277343750
2030.1260              275.0980529785156250
2030.2054              275.0427246093750000
2030.2904              274.2886657714843750
2030.3726              273.7694396972656250
2030.4575              273.0753173828125000
2030.5397              272.4766235351562500
2030.6246              272.2990722656250000
2030.7096              272.4352111816406250
2030.7917              272.6538391113281250
2030.8767              273.1661987304687500
2030.9589              274.0334777832031250
2031.0438              274.9291381835937500
2031.1260              275.3605041503906250
2031.2054              275.2476196289062500
2031.2904              274.4100952148437500
2031.3726              273.6480407714843750
2031.4575              272.9219360351562500
2031.5397              272.2604980468750000
2031.6246              271.9786376953125000
2031.7096              272.2261352539062500
2031.7917              272.2909240722656250
2031.8767              272.6268310546875000
2031.9589              273.5025634765625000
2032.0437              274.3924255371093750
2032.1257              274.8293457031250000
2032.2076              274.8117675781250000
2032.2924              274.3638916015625000
2032.3743              273.6322631835937500
2032.4590              272.8469848632812500
2032.5410              272.2639465332031250
2032.6257              272.0316467285156250
2032.7103              271.7502746582031250
2032.7924              271.5411071777343750
2032.8771              272.1173095703125000
2032.9590              273.2320251464843750
2033.0438              274.1669006347656250
2033.1260              274.6528015136718750
2033.2054              274.6916503906250000
2033.2904              274.0319519042968750
2033.3726              273.4069519042968750
2033.4575              272.6355590820312500
2033.5397              271.8387756347656250
2033.6246              271.6468200683593750
2033.7096              271.3138732910156250
2033.7917              271.3065490722656250
2033.8767              271.7514648437500000
2033.9589              272.8683166503906250
2034.0438              273.8693237304687500
2034.1260              274.5075378417968750
2034.2054              274.5401611328125000
2034.2904              273.7246704101562500
2034.3726              272.9874572753906250
2034.4575              272.4088745117187500
2034.5397              271.6310729980468750
2034.6246              271.3546752929687500
2034.7096              271.2989807128906250
2034.7917              271.3183288574218750
2034.8767              271.7528686523437500
2034.9589              272.8465881347656250
2035.0438              273.8035278320312500
2035.1260              274.4657592773437500
2035.2054              274.5650024414062500
2035.2904              274.0368957519531250
2035.3726              273.2602539062500000
2035.4575              272.5063476562500000
2035.5397              272.1924438476562500
2035.6246              271.9328308105468750
2035.7096              271.9027099609375000
2035.7917              273.1630249023437500
2035.8767              273.5829467773437500
2035.9589              274.4065856933593750
2036.0437              275.2390441894531250
2036.1257              275.6419677734375000
2036.2076              275.6909179687500000
2036.2924              275.1143493652343750
2036.3743              274.2718811035156250
2036.4590              273.5128173828125000
2036.5410              273.4339294433593750
2036.6257              273.4682006835937500
2036.7103              273.4114379882812500
2036.7924              273.4841308593750000
2036.8771              273.8555908203125000
2036.9590              274.6882629394531250
2037.0438              275.5555725097656250
2037.1260              275.9091796875000000
2037.2054              275.7441711425781250
2037.2904              275.0597534179687500
2037.3726              274.2149047851562500
2037.4575              273.6020812988281250
2037.5397              273.3922424316406250
2037.6246              273.4420471191406250
2037.7096              273.4264831542968750
2037.7917              273.5818176269531250
2037.8767              274.0415344238281250
2037.9589              274.8722229003906250
2038.0438              275.7839660644531250
2038.1260              275.9985351562500000
2038.2054              275.8347473144531250
2038.2904              275.0805358886718750
2038.3726              274.3801879882812500
2038.4575              273.5680847167968750
2038.5397              273.1079711914062500
2038.6246              273.3524780273437500
2038.7096              273.4357604980468750
2038.7917              273.5619201660156250
2038.8767              273.8433227539062500
2038.9589              274.4228820800781250
2039.0438              275.1586914062500000
2039.1260              275.5185241699218750
2039.2054              275.4454650878906250
2039.2904              274.7314453125000000
2039.3726              273.9811401367187500
2039.4575              273.1827087402343750
2039.5397              272.5237426757812500
2039.6246              272.3346557617187500
2039.7096              273.2618103027343750
2039.7917              273.3842773437500000
2039.8767              273.6717529296875000
2039.9589              274.4445190429687500
2040.0437              275.1571655273437500
2040.1257              275.5397338867187500
2040.2076              275.5135803222656250
2040.2924              275.0170898437500000
2040.3743              274.1868896484375000
2040.4590              273.2178039550781250
2040.5410              272.4745178222656250
2040.6257              272.3861999511718750
2040.7103              272.2597351074218750
2040.7924              272.1564941406250000
2040.8771              272.5393676757812500
2040.9590              273.4584045410156250
2041.0438              274.4114685058593750
2041.1260              275.0196838378906250
2041.2054              275.0137329101562500
2041.2904              274.4427795410156250
2041.3726              273.8130493164062500
2041.4575              273.0329589843750000
2041.5397              272.2742919921875000
2041.6246              271.6740112304687500
2041.7096              271.3547363281250000
2041.7917              271.4512329101562500
2041.8767              272.1030883789062500
2041.9589              273.1940917968750000
2042.0438              274.1340332031250000
2042.1260              274.8138122558593750
2042.2054              274.9596252441406250
2042.2904              274.3892211914062500
2042.3726              273.5982666015625000
2042.4575              272.7837524414062500
2042.5397              272.1080932617187500
2042.6246              272.1089782714843750
2042.7096              271.8987121582031250
2042.7917              271.8407592773437500
2042.8767              272.4994201660156250
2042.9589              273.6732482910156250
2043.0438              274.7384033203125000
2043.1260              275.2421875000000000
2043.2054              275.2391052246093750
2043.2904              274.5197753906250000
2043.3726              273.8773803710937500
2043.4575              273.2409667968750000
2043.5397              273.0615844726562500
2043.6246              273.6760559082031250
2043.7096              273.8055419921875000
2043.7917              273.8638000488281250
2043.8767              274.1664733886718750
2043.9589              274.9049072265625000
2044.0437              275.6022644042968750
2044.1257              275.9398498535156250
2044.2076              275.8316345214843750
2044.2924              275.1784973144531250
2044.3743              274.5533447265625000
2044.4590              273.6241149902343750
2044.5410              273.2325439453125000
2044.6257              273.3999328613281250
2044.7103              273.4575805664062500
2044.7924              273.5597229003906250
2044.8771              273.9646911621093750
2044.9590              274.7700195312500000
2045.0438              275.4735107421875000
2045.1260              275.9107666015625000
2045.2054              275.7464294433593750
2045.2904              275.0943298339843750
2045.3726              274.0886535644531250
2045.4575              273.2319335937500000
2045.5397              272.6067810058593750
2045.6246              272.2570495605468750
2045.7096              272.1634826660156250
2045.7917              272.1755981445312500
2045.8767              272.5770874023437500
2045.9589              273.5206909179687500
2046.0438              274.4283752441406250
2046.1260              275.0295715332031250
2046.2054              275.0844116210937500
2046.2904              274.3509521484375000
2046.3726              273.8183898925781250
2046.4575              272.9780273437500000
2046.5397              272.2255859375000000
2046.6246              272.0443725585937500
2046.7096              271.5026550292968750
2046.7917              271.5001831054687500
2046.8767              271.9630737304687500
2046.9589              273.0665283203125000
2047.0438              274.0412597656250000
2047.1260              274.6750793457031250
2047.2054              274.8504943847656250
2047.2904              274.1689758300781250
2047.3726              273.4110412597656250
2047.4575              272.5108337402343750
2047.5397              271.8517150878906250
2047.6246              271.3076477050781250
2047.7096              271.3032226562500000
2047.7917              271.5294799804687500
2047.8767              272.2456970214843750
2047.9589              273.3365173339843750
2048.0437              274.3020019531250000
2048.1257              274.8390808105468750
2048.2078              274.7908325195312500
2048.2922              274.2045898437500000
2048.3743              273.6287231445312500
2048.4590              272.6351928710937500
2048.5410              272.1166992187500000
2048.6257              271.9081420898437500
2048.7104              271.3418273925781250
2048.7922              271.5543823242187500
2048.8770              272.2049560546875000
2048.9590              273.3081359863281250
2049.0439              274.2849121093750000
2049.1260              274.9201354980468750
2049.2056              274.9855041503906250
2049.2905              274.4901123046875000
2049.3726              273.7052612304687500
2049.4575              273.1118774414062500
2049.5398              273.0690002441406250
2049.6248              273.6346435546875000
2049.7095              273.6268005371093750
2049.7917              273.7611083984375000
2049.8767              274.2554321289062500
2049.9590              275.0959472656250000
2050.0439              275.8022155761718750
2050.1260              276.1903381347656250
2050.2056              276.0630187988281250
2050.2905              275.4152526855468750
2050.3726              274.3528137207031250
2050.4575              273.8003845214843750
2050.5398              273.6387329101562500
2050.6248              273.5731811523437500
2050.7095              273.6028137207031250
2050.7917              273.6825561523437500
2050.8767              274.1203918457031250
2050.9590              275.1238403320312500
2051.0439              275.7643127441406250
2051.1260              276.1441040039062500
2051.2056              276.1099853515625000
2051.2905              275.4440307617187500
2051.3726              274.5084533691406250
2051.4575              273.7151184082031250
2051.5398              273.3681640625000000
2051.6248              273.5371704101562500
2051.7095              273.6838073730468750
2051.7917              273.7558898925781250
2051.8767              274.1748657226562500
2051.9590              275.0578918457031250
2052.0437              275.8324584960937500
2052.1257              276.2886352539062500
2052.2078              275.9990234375000000
2052.2922              275.3070983886718750
2052.3743              274.4994201660156250
2052.4590              273.7403259277343750
2052.5410              273.3892517089843750
2052.6257              273.4981079101562500
2052.7104              273.5895690917968750
2052.7922              273.6335754394531250
2052.8770              273.9957580566406250
2052.9590              274.9382934570312500
2053.0439              275.6016235351562500
2053.1260              276.0097045898437500
2053.2056              276.0205383300781250
2053.2905              275.2895812988281250
2053.3726              274.4275207519531250
2053.4575              273.6668395996093750
2053.5398              273.2705383300781250
2053.6248              273.4280395507812500
2053.7095              273.5226440429687500
2053.7917              273.6185302734375000
2053.8767              273.9072875976562500
2053.9590              274.6926879882812500
2054.0439              275.6318054199218750
2054.1260              276.1150817871093750
2054.2056              275.9427185058593750
2054.2905              275.2910766601562500
2054.3726              274.6029968261718750
2054.4575              273.7397460937500000
2054.5398              273.1596374511718750
2054.6248              273.3895568847656250
2054.7095              273.3927001953125000
2054.7917              273.4317321777343750
2054.8767              273.8047180175781250
2054.9590              274.5231018066406250
2055.0439              275.1619873046875000
2055.1260              275.4219665527343750
2055.2056              275.3533020019531250
2055.2905              274.6910400390625000
2055.3726              273.9744262695312500
2055.4575              273.0776977539062500
2055.5398              272.4650268554687500
2055.6248              272.3268432617187500
2055.7095              272.0641174316406250
2055.7917              272.1292724609375000
2055.8767              272.7838134765625000
2055.9590              273.9085998535156250
2056.0437              274.8698425292968750
2056.1257              275.3858642578125000
2056.2078              275.4185180664062500
2056.2922              274.8728332519531250
2056.3743              274.1111145019531250
2056.4590              273.3551635742187500
2056.5410              273.1221313476562500
2056.6257              273.6560668945312500
2056.7104              273.8515014648437500
2056.7922              273.8403930664062500
2056.8770              274.1616210937500000
2056.9590              275.0381164550781250
2057.0439              275.7367248535156250
2057.1260              276.0736389160156250
2057.2056              275.9857177734375000
2057.2905              275.3850097656250000
2057.3726              274.5772094726562500
2057.4575              273.8803405761718750
2057.5398              273.2542419433593750
2057.6248              273.4624023437500000
2057.7095              273.5566711425781250
2057.7917              273.6247558593750000
2057.8767              273.9579162597656250
2057.9590              274.7250976562500000
2058.0439              275.5663757324218750
2058.1260              275.9713439941406250
2058.2056              276.0111083984375000
2058.2905              275.2123413085937500
2058.3726              274.4458312988281250
2058.4575              273.7194519042968750
2058.5398              273.3363037109375000
2058.6248              273.4434509277343750
2058.7095              273.5823669433593750
2058.7917              273.6800231933593750
2058.8767              274.0103759765625000
2058.9590              274.7824401855468750
2059.0439              275.4576416015625000
2059.1260              275.9438476562500000
2059.2056              276.0159912109375000
2059.2905              275.4896850585937500
2059.3726              274.6817016601562500
2059.4575              273.9787292480468750
2059.5398              273.6797790527343750
2059.6248              273.5899047851562500
2059.7095              273.5296936035156250
2059.7917              273.6338500976562500
2059.8767              274.0131835937500000
2059.9590              274.9501953125000000
2060.0437              275.8316955566406250
2060.1257              276.0802612304687500
2060.2078              275.9093322753906250
2060.2922              275.2707824707031250
2060.3743              274.5235290527343750
2060.4590              273.5869445800781250
2060.5410              272.9572448730468750
2060.6257              272.7725524902343750
2060.7104              272.6548461914062500
2060.7922              272.6361083984375000
2060.8770              272.8886108398437500
2060.9590              273.8023681640625000
2061.0439              274.6609497070312500
2061.1260              275.0526733398437500
2061.2056              275.0718078613281250
2061.2905              274.4610290527343750
2061.3726              273.5909423828125000
2061.4575              272.6515197753906250
2061.5398              272.2144165039062500
2061.6248              271.8096313476562500
2061.7095              271.3620605468750000
2061.7917              271.5675048828125000
2061.8767              272.1832275390625000
2061.9590              273.2463684082031250
2062.0439              274.3120727539062500
2062.1260              275.0324096679687500
2062.2056              275.0475463867187500
2062.2905              274.4686279296875000
2062.3726              273.9220581054687500
2062.4575              273.3271179199218750
2062.5398              272.6125793457031250
2062.6248              273.1372070312500000
2062.7095              273.7682495117187500
2062.7917              273.7821655273437500
2062.8767              273.9853820800781250
2062.9590              274.8140869140625000
2063.0439              275.5156860351562500
2063.1260              275.9276428222656250
2063.2056              275.8716735839843750
2063.2905              275.1706237792968750
2063.3726              274.2425231933593750
2063.4575              273.4214782714843750
2063.5398              273.3953857421875000
2063.6248              273.6757202148437500
2063.7095              273.7603759765625000
2063.7917              273.8228149414062500
2063.8767              274.2130737304687500
2063.9590              274.9573669433593750
2064.0437              275.7363891601562500
2064.1257              276.2695007324218750
2064.2078              276.2792358398437500
2064.2922              275.5829162597656250
2064.3743              274.8065185546875000
2064.4590              273.8257446289062500
2064.5410              273.6088867187500000
2064.6257              273.6606140136718750
2064.7104              273.7442932128906250
2064.7922              273.8041687011718750
2064.8770              274.1962585449218750
2064.9590              275.0369567871093750
2065.0439              275.7691040039062500
2065.1260              276.3325195312500000
2065.2056              276.2483825683593750
2065.2905              275.6052856445312500
2065.3726              274.8197021484375000
2065.4575              274.0253906250000000
2065.5398              273.4169006347656250
2065.6248              273.5630493164062500
2065.7095              273.6539001464843750
2065.7917              273.7521667480468750
2065.8767              274.0914306640625000
2065.9590              274.7320251464843750
2066.0439              275.3699951171875000
2066.1260              275.6979064941406250
2066.2056              275.5319824218750000
2066.2905              274.8179016113281250
2066.3726              274.1754150390625000
2066.4575              273.3910217285156250
2066.5398              272.5664367675781250
2066.6248              272.1177673339843750
2066.7095              271.6086425781250000
2066.7917              271.5558166503906250
2066.8767              272.2571105957031250
2066.9590              273.3608093261718750
2067.0439              274.3118591308593750
2067.1260              274.7638244628906250
2067.2056              274.8267211914062500
2067.2905              274.2718505859375000
2067.3726              273.6361389160156250
2067.4575              272.9129333496093750
2067.5398              271.9885864257812500
2067.6248              271.3937377929687500
2067.7095              271.4688110351562500
2067.7917              271.8698730468750000
2067.8767              272.5992431640625000
2067.9590              273.7054138183593750
2068.0437              274.5825195312500000
2068.1257              275.2935180664062500
2068.2078              275.3801574707031250
2068.2922              274.7701110839843750
2068.3743              274.1636657714843750
2068.4590              273.4426574707031250
2068.5410              272.8887329101562500
2068.6257              273.3100280761718750
2068.7104              273.5899047851562500
2068.7922              273.7503662109375000
2068.8770              274.1064453125000000
2068.9590              275.0145263671875000
2069.0439              276.0140991210937500
2069.1260              276.2689208984375000
2069.2056              276.1012573242187500
2069.2905              275.5596008300781250
2069.3726              274.7628173828125000
2069.4575              274.0657348632812500
2069.5398              273.5254821777343750
2069.6248              273.6281127929687500
2069.7095              273.6746520996093750
2069.7917              273.7802124023437500
2069.8767              274.0998229980468750
2069.9590              274.8762817382812500
2070.0439              275.6474914550781250
2070.1260              276.0445556640625000
2070.2056              275.8773498535156250
2070.2905              275.2124328613281250
2070.3726              274.6800842285156250
2070.4575              273.9017944335937500
2070.5398              273.5633544921875000
2070.6248              273.6536865234375000
2070.7095              273.6426086425781250
2070.7917              273.7574157714843750
2070.8767              274.2094726562500000
2070.9590              275.0934753417968750
2071.0439              275.8524169921875000
2071.1260              276.2836303710937500
2071.2056              276.1416320800781250
2071.2905              275.4153442382812500
2071.3726              274.6900939941406250
2071.4575              274.1390686035156250
2071.5398              273.7633972167968750
2071.6248              273.4743041992187500
2071.7095              273.5890502929687500
2071.7917              273.6840209960937500
2071.8767              274.0472412109375000
2071.9590              274.8682861328125000
2072.0437              275.5162963867187500
2072.1257              275.8911132812500000
2072.2078              275.7511596679687500
2072.2922              275.1856384277343750
2072.3743              274.2664794921875000
2072.4590              273.4330444335937500
2072.5410              272.5787963867187500
2072.6257              272.3342895507812500
2072.7104              272.1304931640625000
2072.7922              272.0124511718750000
2072.8770              272.6017761230468750
2072.9590              273.7015991210937500
2073.0439              274.6575622558593750
2073.1260              275.2472839355468750
2073.2056              275.2398681640625000
2073.2905              274.7351684570312500
2073.3726              274.0171508789062500
2073.4575              273.3022766113281250
2073.5398              272.5620422363281250
2073.6248              272.0410766601562500
2073.7095              271.4897460937500000
2073.7917              271.5122375488281250
2073.8767              272.2279663085937500
2073.9590              273.3200073242187500
2074.0439              274.3368225097656250
2074.1260              274.8728942871093750
2074.2056              275.0609130859375000
2074.2905              274.4531555175781250
2074.3726              273.7265319824218750
2074.4575              272.9427795410156250
2074.5398              272.4713745117187500
2074.6248              272.4570007324218750
2074.7095              272.8878479003906250
2074.7917              273.7823486328125000
2074.8767              273.9915161132812500
2074.9590              274.7706604003906250
2075.0439              275.5994262695312500
2075.1260              276.0710754394531250
2075.2056              275.9212341308593750
2075.2905              275.2114868164062500
2075.3726              274.4689025878906250
2075.4575              273.5103759765625000
2075.5398              273.5152587890625000
2075.6248              273.9008178710937500
2075.7095              273.9367675781250000
2075.7917              273.9729309082031250
2075.8767              274.2033081054687500
2075.9590              275.0190429687500000
2076.0437              275.8315124511718750
2076.1257              276.2523193359375000
2076.2078              276.2033996582031250
2076.2922              275.4185791015625000
2076.3743              274.4823913574218750
2076.4590              273.7819824218750000
2076.5410              273.8281555175781250
2076.6257              273.7393798828125000
2076.7104              273.8089599609375000
2076.7922              273.8752746582031250
2076.8770              274.1606140136718750
2076.9590              275.0863647460937500
2077.0439              275.8338317871093750
2077.1260              276.2420959472656250
2077.2056              276.1523437500000000
2077.2905              275.4565429687500000
2077.3726              274.6223754882812500
2077.4575              273.8092956542968750
2077.5398              273.4650573730468750
2077.6248              273.6226196289062500
2077.7095              273.7032470703125000
2077.7917              273.8190917968750000
2077.8767              274.2575683593750000
2077.9590              275.0925598144531250
2078.0439              275.9588623046875000
2078.1260              276.3591613769531250
2078.2056              276.2797241210937500
2078.2905              275.6050720214843750
2078.3726              274.5597534179687500
2078.4575              273.9519958496093750
2078.5398              273.6716308593750000
2078.6248              273.6218566894531250
2078.7095              273.5902099609375000
2078.7917              273.7438659667968750
2078.8767              274.2216186523437500
2078.9590              275.0126647949218750
2079.0439              275.8158874511718750
2079.1260              276.2745971679687500
2079.2056              276.2355651855468750
2079.2905              275.6893310546875000
2079.3726              274.8448181152343750
2079.4575              274.0664367675781250
2079.5398              273.5797119140625000
2079.6248              273.7377929687500000
2079.7095              273.6699523925781250
2079.7917              273.7811889648437500
2079.8767              274.1910400390625000
2079.9590              275.0408020019531250
2080.0437              275.8063049316406250
2080.1257              276.0989685058593750
2080.2078              276.1689453125000000
2080.2922              275.5621337890625000
2080.3743              274.9575195312500000
2080.4590              274.3490905761718750
2080.5410              273.6882629394531250
2080.6257              273.5780944824218750
2080.7104              273.7271118164062500
2080.7922              273.7949523925781250
2080.8770              274.2269592285156250
2080.9590              275.1155395507812500
2081.0439              275.7027282714843750
2081.1260              276.1566772460937500
2081.2056              276.2496948242187500
2081.2905              275.7339172363281250
2081.3726              274.5935974121093750
2081.4575              273.8903503417968750
2081.5398              273.4971618652343750
2081.6248              273.4741821289062500
2081.7095              273.4983520507812500
2081.7917              273.5716552734375000
2081.8767              273.9375000000000000
2081.9590              274.7896118164062500
2082.0439              275.7005004882812500
2082.1260              276.1034851074218750
2082.2056              276.1065063476562500
2082.2905              275.5574951171875000
2082.3726              274.8191223144531250
2082.4575              274.0921020507812500
2082.5398              273.5472106933593750
2082.6248              273.1669921875000000
2082.7095              273.0047302246093750
2082.7917              273.0056152343750000
2082.8767              273.5690307617187500
2082.9590              274.5100708007812500
2083.0439              275.3304748535156250
2083.1260              275.8610839843750000
2083.2056              275.7677307128906250
2083.2905              275.0412902832031250
2083.3726              274.1387023925781250
2083.4575              273.4176635742187500
2083.5398              272.9540710449218750
2083.6248              272.3151855468750000
2083.7095              271.8180847167968750
2083.7917              271.7238464355468750
2083.8767              272.3710021972656250
2083.9590              273.4824829101562500
2084.0437              274.3319091796875000
2084.1257              274.9691772460937500
2084.2078              275.0615234375000000
2084.2922              274.5467529296875000
2084.3743              273.8934631347656250
2084.4590              272.8175964355468750
2084.5410              272.3424682617187500
2084.6257              272.4101562500000000
2084.7104              271.9830627441406250
2084.7922              272.0295410156250000
2084.8770              272.6729431152343750
2084.9590              273.6895751953125000
2085.0439              274.6716003417968750
2085.1260              275.4259033203125000
2085.2056              275.3770141601562500
2085.2905              274.7332153320312500
2085.3726              274.1932373046875000
2085.4575              273.4607543945312500
2085.5398              272.7563476562500000
2085.6248              272.9928588867187500
2085.7095              273.7008666992187500
2085.7917              273.8872985839843750
2085.8767              274.2615051269531250
2085.9590              275.0657958984375000
2086.0439              275.7982177734375000
2086.1260              276.1946105957031250
2086.2056              275.9719848632812500
2086.2905              275.2491455078125000
2086.3726              274.3913574218750000
2086.4575              273.8741760253906250
2086.5398              273.8832397460937500
2086.6248              273.8426208496093750
2086.7095              273.8858947753906250
2086.7917              273.9314880371093750
2086.8767              274.2403869628906250
2086.9590              275.0119934082031250
2087.0439              275.7710571289062500
2087.1260              276.2026062011718750
2087.2056              276.2367553710937500
2087.2905              275.6038513183593750
2087.3726              274.8781127929687500
2087.4575              274.1664428710937500
2087.5398              273.4958801269531250
2087.6248              273.5948791503906250
2087.7095              273.7721252441406250
2087.7917              273.9008178710937500
2087.8767              274.3120727539062500
2087.9590              275.1066894531250000
2088.0437              275.8003845214843750
2088.1257              276.1765136718750000
2088.2078              276.1042480468750000
2088.2922              275.4208068847656250
2088.3743              274.8869628906250000
2088.4590              273.9322509765625000
2088.5410              273.3430480957031250
2088.6257              273.5210571289062500
2088.7104              273.8092041015625000
2088.7922              273.8260498046875000
2088.8770              274.2472839355468750
2088.9590              275.0061950683593750
2089.0439              275.7653808593750000
2089.1260              276.2484130859375000
2089.2056              276.2651062011718750
2089.2905              275.4564514160156250
2089.3726              274.5814208984375000
2089.4575              273.9503784179687500
2089.5398              273.9188842773437500
2089.6248              273.7988281250000000
2089.7095              273.8198547363281250
2089.7917              273.9127807617187500
2089.8767              274.4449462890625000
2089.9590              275.2382507324218750
2090.0439              275.9798583984375000
2090.1260              276.4644470214843750
2090.2056              276.4708557128906250
2090.2905              275.7319946289062500
2090.3726              274.9432678222656250
2090.4575              274.2746276855468750
2090.5398              273.9999389648437500
2090.6248              273.9324340820312500
2090.7095              273.7935180664062500
2090.7917              273.8578186035156250
2090.8767              274.3646850585937500
2090.9590              275.2001953125000000
2091.0439              276.0027770996093750
2091.1260              276.4755554199218750
2091.2056              276.3126831054687500
2091.2905              275.5538330078125000
2091.3726              274.8462524414062500
2091.4575              274.2275390625000000
2091.5398              273.8293762207031250
2091.6248              273.8440551757812500
2091.7095              273.7816162109375000
2091.7917              273.8754272460937500
2091.8767              274.4199218750000000
2091.9590              275.2508239746093750
2092.0437              275.9674377441406250
2092.1257              276.4075622558593750
2092.2078              276.3657531738281250
2092.2922              275.8681030273437500
2092.3743              275.1989135742187500
2092.4590              274.3583984375000000
2092.5410              273.8824157714843750
2092.6257              273.6930236816406250
2092.7104              273.8141479492187500
2092.7922              273.8630371093750000
2092.8770              274.3517456054687500
2092.9590              275.0775756835937500
2093.0439              275.8822631835937500
2093.1260              276.3941345214843750
2093.2056              276.4546203613281250
2093.2905              275.6303100585937500
2093.3726              274.7496337890625000
2093.4575              273.7767639160156250
2093.5398              273.1117553710937500
2093.6248              273.1887817382812500
2093.7095              273.3847351074218750
2093.7917              273.3789062500000000
2093.8767              273.7037658691406250
2093.9590              274.3914489746093750
2094.0439              275.1947326660156250
2094.1260              275.7611083984375000
2094.2056              275.6825256347656250
2094.2905              275.1168212890625000
2094.3726              274.3460388183593750
2094.4575              273.6202697753906250
2094.5398              272.9004516601562500
2094.6248              272.7912902832031250
2094.7095              273.1318664550781250
2094.7917              273.8003845214843750
2094.8767              274.1230773925781250
2094.9590              274.8778381347656250
2095.0439              275.6949157714843750
2095.1260              276.1622009277343750
2095.2056              276.1792602539062500
2095.2905              275.4256591796875000
2095.3726              274.7124938964843750
2095.4575              273.7973937988281250
2095.5398              273.3962707519531250
2095.6248              273.7142944335937500
2095.7095              273.7163696289062500
2095.7917              273.8356323242187500
2095.8767              274.1737670898437500
2095.9590              275.0286560058593750
2096.0437              275.6672973632812500
2096.1257              276.1952514648437500
2096.2078              276.1299133300781250
2096.2922              275.7286987304687500
2096.3743              274.9073486328125000
2096.4590              274.2568969726562500
2096.5410              273.6742858886718750
2096.6257              273.5954589843750000
2096.7104              273.7874450683593750
2096.7922              273.8309326171875000
2096.8770              274.3106994628906250
2096.9590              275.3613281250000000
2097.0439              276.0481262207031250
2097.1260              276.3858642578125000
2097.2056              276.2157592773437500
2097.2905              275.7454223632812500
2097.3726              275.0210266113281250
2097.4575              274.4170227050781250
2097.5398              273.7298278808593750
2097.6248              273.4169616699218750
2097.7095              273.6438598632812500
2097.7917              273.7315063476562500
2097.8767              274.1430053710937500
2097.9590              274.8972167968750000
2098.0439              275.7431945800781250
2098.1260              276.2739562988281250
2098.2056              276.1668090820312500
2098.2905              275.6528930664062500
2098.3726              274.8801574707031250
2098.4575              273.8580322265625000
2098.5398              273.2242431640625000
2098.6248              272.9214782714843750
2098.7095              273.2848510742187500
2098.7917              273.5178833007812500
2098.8767              274.0861206054687500
2098.9590              274.9128723144531250
2099.0439              275.7320556640625000
2099.1260              276.1946716308593750
2099.2056              276.1251831054687500
2099.2905              275.3849182128906250
2099.3726              274.5647583007812500
2099.4575              273.9389648437500000
2099.5398              273.8666687011718750
2099.6248              273.7951354980468750
2099.7095              273.7263183593750000
2099.7917              273.8098754882812500
2099.8767              274.3366394042968750
2099.9590              275.2821960449218750
2100.0439              276.0217895507812500
2100.1260              276.3028869628906250
2100.2056              276.2646789550781250
2100.2905              275.6470031738281250
2100.3726              274.8252868652343750
2100.4575              274.0191955566406250
2100.5398              273.8726196289062500
2100.6248              273.8269958496093750
2100.7095              273.7616577148437500
2100.7917              273.8270874023437500
2100.8767              274.2825317382812500
2100.9590              275.1954040527343750
