2000.0437              271.8324890136718750
2000.1257              272.1516418457031250
2000.2076              272.2350158691406250
2000.2924              271.8847961425781250
2000.3743              271.6422119140625000
2000.4590              271.6145629882812500
2000.5410              271.4989013671875000
2000.6257              271.3982543945312500
2000.7103              271.3699035644531250
2000.7924              271.4021606445312500
2000.8771              271.4343566894531250
2000.9590              271.5518798828125000
2001.0438              271.7900085449218750
2001.1260              272.1551818847656250
2001.2054              272.1443176269531250
2001.2904              271.8397216796875000
2001.3726              271.5424194335937500
2001.4575              271.4333496093750000
2001.5397              271.3931579589843750
2001.6246              271.3655090332031250
2001.7096              271.3501892089843750
2001.7917              271.4115295410156250
2001.8767              271.4577941894531250
2001.9589              271.5353698730468750
2002.0438              271.7537536621093750
2002.1260              272.0660095214843750
2002.2054              272.0667419433593750
2002.2904              271.8455810546875000
2002.3726              271.5953674316406250
2002.4575              271.5130920410156250
2002.5397              271.4777526855468750
2002.6246              271.3882751464843750
2002.7096              271.3652038574218750
2002.7917              271.4160766601562500
2002.8767              271.4265136718750000
2002.9589              271.4874267578125000
2003.0438              271.6695861816406250
2003.1260              272.0123596191406250
2003.2054              272.0774536132812500
2003.2904              271.6920166015625000
2003.3726              271.5793762207031250
2003.4575              271.5867614746093750
2003.5397              271.4961547851562500
2003.6246              271.4675292968750000
2003.7096              271.4398803710937500
2003.7917              271.4498901367187500
2003.8767              271.5508422851562500
2003.9589              271.7037353515625000
2004.0437              272.1550903320312500
2004.1257              272.5688476562500000
2004.2076              272.5685119628906250
2004.2924              272.2380981445312500
2004.3743              271.9141235351562500
2004.4590              271.7084655761718750
2004.5410              271.5490112304687500
2004.6257              271.4606628417968750
2004.7103              271.3731079101562500
2004.7924              271.4122009277343750
2004.8771              271.4538574218750000
2004.9590              271.5396118164062500
2005.0438              271.7211608886718750
2005.1260              272.1083984375000000
2005.2054              272.0972900390625000
2005.2904              271.7579345703125000
2005.3726              271.6052246093750000
2005.4575              271.5690917968750000
2005.5397              271.4690246582031250
2005.6246              271.4410095214843750
2005.7096              271.3983459472656250
2005.7917              271.4484863281250000
2005.8767              271.4983520507812500
2005.9589              271.5348205566406250
2006.0438              271.6607360839843750
2006.1260              271.9271545410156250
2006.2054              271.9753417968750000
2006.2904              271.8005065917968750
2006.3726              271.6402587890625000
2006.4575              271.5704956054687500
2006.5397              271.4877319335937500
2006.6246              271.4426574707031250
2006.7096              271.3945312500000000
2006.7917              271.4002075195312500
2006.8767              271.4857788085937500
2006.9589              271.5989379882812500
2007.0438              271.7589721679687500
2007.1260              272.0044555664062500
2007.2054              272.0887451171875000
2007.2904              271.9186706542968750
2007.3726              271.7105712890625000
2007.4575              271.6292419433593750
2007.5397              271.4399719238281250
2007.6246              271.4032287597656250
2007.7096              271.3547363281250000
2007.7917              271.4113769531250000
2007.8767              271.4570922851562500
2007.9589              271.4809265136718750
2008.0437              271.6624755859375000
2008.1257              272.0884399414062500
2008.2076              272.1206970214843750
2008.2924              271.6874084472656250
2008.3743              271.4693298339843750
2008.4590              271.4105834960937500
2008.5410              271.3854064941406250
2008.6257              271.3720397949218750
2008.7103              271.3852844238281250
2008.7924              271.4147949218750000
2008.8771              271.4215393066406250
2008.9590              271.4819641113281250
2009.0438              271.6499328613281250
2009.1260              271.9723205566406250
2009.2054              272.0704040527343750
2009.2904              271.8261718750000000
2009.3726              271.6154785156250000
2009.4575              271.5381469726562500
2009.5397              271.4707031250000000
2009.6246              271.4172973632812500
2009.7096              271.4073486328125000
2009.7917              271.3746948242187500
2009.8767              271.4366760253906250
2009.9589              271.5423278808593750
2010.0438              271.7116088867187500
2010.1260              272.0988464355468750
2010.2054              272.1777343750000000
2010.2904              271.9438781738281250
2010.3726              271.5545654296875000
2010.4575              271.4639282226562500
2010.5397              271.3793640136718750
2010.6246              271.3565368652343750
2010.7096              271.3675842285156250
2010.7917              271.3936157226562500
2010.8767              271.4502563476562500
2010.9589              271.5358581542968750
2011.0438              271.7040405273437500
2011.1260              272.0619506835937500
2011.2054              272.0994567871093750
2011.2904              271.8270263671875000
2011.3726              271.5407104492187500
2011.4575              271.4878234863281250
2011.5397              271.4026489257812500
2011.6246              271.4082946777343750
2011.7096              271.3803405761718750
2011.7917              271.3478088378906250
2011.8767              271.4013061523437500
2011.9589              271.5273742675781250
2012.0437              271.8060913085937500
2012.1257              272.2551269531250000
2012.2076              272.2745361328125000
2012.2924              271.9302062988281250
2012.3743              271.4769287109375000
2012.4590              271.4209289550781250
2012.5410              271.3598327636718750
2012.6257              271.3958129882812500
2012.7103              271.4186706542968750
2012.7924              271.4275207519531250
2012.8771              271.4452209472656250
2012.9590              271.5507812500000000
2013.0438              271.9857788085937500
2013.1260              272.3577575683593750
2013.2054              272.3123168945312500
2013.2904              271.9025268554687500
2013.3726              271.5852050781250000
2013.4575              271.5350646972656250
2013.5397              271.4443969726562500
2013.6246              271.3863220214843750
2013.7096              271.4618530273437500
2013.7917              271.4671325683593750
2013.8767              271.4892272949218750
2013.9589              271.5357055664062500
2014.0438              271.8477172851562500
2014.1260              272.2018432617187500
2014.2054              272.1473999023437500
2014.2904              271.8416748046875000
2014.3726              271.4832458496093750
2014.4575              271.5036010742187500
2014.5397              271.4635314941406250
2014.6246              271.4277343750000000
2014.7096              271.4126586914062500
2014.7917              271.4142456054687500
2014.8767              271.4656677246093750
2014.9589              271.5447998046875000
2015.0438              271.9345703125000000
2015.1260              272.3207397460937500
2015.2054              272.3138122558593750
2015.2904              271.9203796386718750
2015.3726              271.4579772949218750
2015.4575              271.3990478515625000
2015.5397              271.3687133789062500
2015.6246              271.3511657714843750
2015.7096              271.3859252929687500
2015.7917              271.4053344726562500
2015.8767              271.4386596679687500
2015.9589              271.5904235839843750
2016.0437              271.9178771972656250
2016.1257              272.3140869140625000
2016.2076              272.3215332031250000
2016.2924              271.8800354003906250
2016.3743              271.4962158203125000
2016.4590              271.4207153320312500
2016.5410              271.3947448730468750
2016.6257              271.3820800781250000
2016.7103              271.3718261718750000
2016.7924              271.3867187500000000
2016.8771              271.4344482421875000
2016.9590              271.5244750976562500
2017.0438              271.6723327636718750
2017.1260              271.9150085449218750
2017.2054              272.0389404296875000
2017.2904              271.8471069335937500
2017.3726              271.6269226074218750
2017.4575              271.5646667480468750
2017.5397              271.4250183105468750
2017.6246              271.3922729492187500
2017.7096              271.3860778808593750
2017.7917              271.3697204589843750
2017.8767              271.4618530273437500
2017.9589              271.6091003417968750
2018.0438              271.7805786132812500
2018.1260              272.1427307128906250
2018.2054              272.2295227050781250
2018.2904              271.7835998535156250
2018.3726              271.5361328125000000
2018.4575              271.4992065429687500
2018.5397              271.4787902832031250
2018.6246              271.4208679199218750
2018.7096              271.3799133300781250
2018.7917              271.4150695800781250
2018.8767              271.5091247558593750
2018.9589              271.6399841308593750
2019.0438              272.0019226074218750
2019.1260              272.4676513671875000
2019.2054              272.5390319824218750
2019.2904              272.2220764160156250
2019.3726              271.7509460449218750
2019.4575              271.5315856933593750
2019.5397              271.4049987792968750
2019.6246              271.3980712890625000
2019.7096              271.3982849121093750
2019.7917              271.4195251464843750
2019.8767              271.4742431640625000
2019.9589              271.5932006835937500
2020.0437              272.0880126953125000
2020.1257              272.6881103515625000
2020.2076              272.7625732421875000
2020.2924              272.3320922851562500
2020.3743              271.6453552246093750
2020.4590              271.4463806152343750
2020.5410              271.3862304687500000
2020.6257              271.3674316406250000
2020.7103              271.3782043457031250
2020.7924              271.3876953125000000
2020.8771              271.4375610351562500
2020.9590              271.5830993652343750
2021.0438              271.7880249023437500
2021.1260              272.1682739257812500
2021.2054              272.2073669433593750
2021.2904              271.8667297363281250
2021.3726              271.6274108886718750
2021.4575              271.5563964843750000
2021.5397              271.4398193359375000
2021.6246              271.3870239257812500
2021.7096              271.3591613769531250
2021.7917              271.4253540039062500
2021.8767              271.5194702148437500
2021.9589              271.6891784667968750
2022.0438              272.0755004882812500
2022.1260              272.3930969238281250
2022.2054              272.3806762695312500
2022.2904              272.0482177734375000
2022.3726              271.6950073242187500
2022.4575              271.5569458007812500
2022.5397              271.4383239746093750
2022.6246              271.4146118164062500
2022.7096              271.4148864746093750
2022.7917              271.4346923828125000
2022.8767              271.4849853515625000
2022.9589              271.5764770507812500
2023.0438              271.9591064453125000
2023.1260              272.4139404296875000
2023.2054              272.4354858398437500
2023.2904              272.1849975585937500
2023.3726              271.5838317871093750
2023.4575              271.4940795898437500
2023.5397              271.4188232421875000
2023.6246              271.3657836914062500
2023.7096              271.3731689453125000
2023.7917              271.3807983398437500
2023.8767              271.4135437011718750
2023.9589              271.5039978027343750
2024.0437              271.7528076171875000
2024.1257              272.1766357421875000
2024.2076              272.2321777343750000
2024.2924              271.7928161621093750
2024.3743              271.4833679199218750
2024.4590              271.4312133789062500
2024.5410              271.3955383300781250
2024.6257              271.3885803222656250
2024.7103              271.3755798339843750
2024.7924              271.3935241699218750
2024.8771              271.4369506835937500
2024.9590              271.5384826660156250
2025.0438              271.8132629394531250
2025.1260              272.1816711425781250
2025.2054              272.1725769042968750
2025.2904              271.6465759277343750
2025.3726              271.5817260742187500
2025.4575              271.4997558593750000
2025.5397              271.4194030761718750
2025.6246              271.4100036621093750
2025.7096              271.3568725585937500
2025.7917              271.4027099609375000
2025.8767              271.4997863769531250
2025.9589              271.6058959960937500
2026.0438              271.9014587402343750
2026.1260              272.3156433105468750
2026.2054              272.2837219238281250
2026.2904              271.8674621582031250
2026.3726              271.6038513183593750
2026.4575              271.5050354003906250
2026.5397              271.4092407226562500
2026.6246              271.4153442382812500
2026.7096              271.3652343750000000
2026.7917              271.3798522949218750
2026.8767              271.4186096191406250
2026.9589              271.5338134765625000
2027.0438              271.7163696289062500
2027.1260              272.0189514160156250
2027.2054              272.1105346679687500
2027.2904              271.8035888671875000
2027.3726              271.6426086425781250
2027.4575              271.4910888671875000
2027.5397              271.4297180175781250
2027.6246              271.4028015136718750
2027.7096              271.3718261718750000
2027.7917              271.4009399414062500
2027.8767              271.4613037109375000
2027.9589              271.5851135253906250
2028.0437              271.8933105468750000
2028.1257              272.2780761718750000
2028.2076              272.3047485351562500
2028.2924              271.8595886230468750
2028.3743              271.5247497558593750
2028.4590              271.4723205566406250
2028.5410              271.3950195312500000
2028.6257              271.3691406250000000
2028.7103              271.3743286132812500
2028.7924              271.3896484375000000
2028.8771              271.4327087402343750
2028.9590              271.5144653320312500
2029.0438              271.7272033691406250
2029.1260              272.0490417480468750
2029.2054              272.1702880859375000
2029.2904              271.9028625488281250
2029.3726              271.5630798339843750
2029.4575              271.5396118164062500
2029.5397              271.4897766113281250
2029.6246              271.4031066894531250
2029.7096              271.3745422363281250
2029.7917              271.4086608886718750
2029.8767              271.4611816406250000
2029.9589              271.5066528320312500
2030.0438              271.6920776367187500
2030.1260              272.1091613769531250
2030.2054              272.2271118164062500
2030.2904              271.9342956542968750
2030.3726              271.4858398437500000
2030.4575              271.4993896484375000
2030.5397              271.4288940429687500
2030.6246              271.3800964355468750
2030.7096              271.3816223144531250
2030.7917              271.3940429687500000
2030.8767              271.4416198730468750
2030.9589              271.5280761718750000
2031.0438              271.7063293457031250
2031.1260              271.9738464355468750
2031.2054              272.0417785644531250
2031.2904              271.6942749023437500
2031.3726              271.5186462402343750
2031.4575              271.4314270019531250
2031.5397              271.3744201660156250
2031.6246              271.3579406738281250
2031.7096              271.4093322753906250
2031.7917              271.3796081542968750
2031.8767              271.3965148925781250
2031.9589              271.4947814941406250
2032.0437              271.6938476562500000
2032.1257              272.1002502441406250
2032.2076              272.1776123046875000
2032.2924              271.8079528808593750
2032.3743              271.4894409179687500
2032.4590              271.4103698730468750
2032.5410              271.3783874511718750
2032.6257              271.3838500976562500
2032.7103              271.4000244140625000
2032.7924              271.3974304199218750
2032.8771              271.4647827148437500
2032.9590              271.5740051269531250
2033.0438              271.7971801757812500
2033.1260              272.1339721679687500
2033.2054              272.2188720703125000
2033.2904              271.9853210449218750
2033.3726              271.7163085937500000
2033.4575              271.6771240234375000
2033.5397              271.5999450683593750
2033.6246              271.6053771972656250
2033.7096              271.4567565917968750
2033.7917              271.4448242187500000
2033.8767              271.5688171386718750
2033.9589              271.7785034179687500
2034.0438              272.1587524414062500
2034.1260              272.5657958984375000
2034.2054              272.5976562500000000
2034.2904              272.2981262207031250
2034.3726              271.8826599121093750
2034.4575              271.8320922851562500
2034.5397              271.6156005859375000
2034.6246              271.4993591308593750
2034.7096              271.4708557128906250
2034.7917              271.4609069824218750
2034.8767              271.4979858398437500
2034.9589              271.5634765625000000
2035.0438              271.8250732421875000
2035.1260              272.2526245117187500
2035.2054              272.2542114257812500
2035.2904              272.0357971191406250
2035.3726              271.6469116210937500
2035.4575              271.5615234375000000
2035.5397              271.4258728027343750
2035.6246              271.3897094726562500
2035.7096              271.3625488281250000
2035.7917              271.4177246093750000
2035.8767              271.4623413085937500
2035.9589              271.5246582031250000
2036.0437              271.7904052734375000
2036.1257              272.2821655273437500
2036.2076              272.3672790527343750
2036.2924              271.9570922851562500
2036.3743              271.5397949218750000
2036.4590              271.4367370605468750
2036.5410              271.3912048339843750
2036.6257              271.3611450195312500
2036.7103              271.3668212890625000
2036.7924              271.3586425781250000
2036.8771              271.4043884277343750
2036.9590              271.4691772460937500
2037.0438              271.6470642089843750
2037.1260              271.9537963867187500
2037.2054              272.0464477539062500
2037.2904              271.7810668945312500
2037.3726              271.5743103027343750
2037.4575              271.4855346679687500
2037.5397              271.4163513183593750
2037.6246              271.3662414550781250
2037.7096              271.3854675292968750
2037.7917              271.3928527832031250
2037.8767              271.4325256347656250
2037.9589              271.5355529785156250
2038.0438              272.0039367675781250
2038.1260              272.4869079589843750
2038.2054              272.5399169921875000
2038.2904              272.1255187988281250
2038.3726              271.6805725097656250
2038.4575              271.5904541015625000
2038.5397              271.4424438476562500
2038.6246              271.4081420898437500
2038.7096              271.3631591796875000
2038.7917              271.3852233886718750
2038.8767              271.4042358398437500
2038.9589              271.5326538085937500
2039.0438              271.9228820800781250
2039.1260              272.3002929687500000
2039.2054              272.3439331054687500
2039.2904              272.0392150878906250
2039.3726              271.5501098632812500
2039.4575              271.4807128906250000
2039.5397              271.4135131835937500
2039.6246              271.4226074218750000
2039.7096              271.3887329101562500
2039.7917              271.4259033203125000
2039.8767              271.4595642089843750
2039.9589              271.5037536621093750
2040.0437              271.6345825195312500
2040.1257              271.8755187988281250
2040.2076              271.9838867187500000
2040.2924              271.8287963867187500
2040.3743              271.6315917968750000
2040.4590              271.5375061035156250
2040.5410              271.4303588867187500
2040.6257              271.3756408691406250
2040.7103              271.3939514160156250
2040.7924              271.3877563476562500
2040.8771              271.4343566894531250
2040.9590              271.5288085937500000
2041.0438              271.6826171875000000
2041.1260              272.0497131347656250
2041.2054              272.1304321289062500
2041.2904              271.8050537109375000
2041.3726              271.5706481933593750
2041.4575              271.4883117675781250
2041.5397              271.4035339355468750
2041.6246              271.3796997070312500
2041.7096              271.3821105957031250
2041.7917              271.3834838867187500
2041.8767              271.4288940429687500
2041.9589              271.5004577636718750
2042.0438              271.7296142578125000
2042.1260              272.1421813964843750
2042.2054              272.2327575683593750
2042.2904              271.9685974121093750
2042.3726              271.5861206054687500
2042.4575              271.4907226562500000
2042.5397              271.3818054199218750
2042.6246              271.3877258300781250
2042.7096              271.3639221191406250
2042.7917              271.4266967773437500
2042.8767              271.4765625000000000
2042.9589              271.6448974609375000
2043.0438              272.0518188476562500
2043.1260              272.3685607910156250
2043.2054              272.4815979003906250
2043.2904              272.2335510253906250
2043.3726              271.7290649414062500
2043.4575              271.5820007324218750
2043.5397              271.5398254394531250
2043.6246              271.4875793457031250
2043.7096              271.4293823242187500
2043.7917              271.4552307128906250
2043.8767              271.5169982910156250
2043.9589              271.6489868164062500
2044.0437              272.1423645019531250
2044.1257              272.4760437011718750
2044.2076              272.4771728515625000
2044.2924              272.0102539062500000
2044.3743              271.6662902832031250
2044.4590              271.6727600097656250
2044.5410              271.5714416503906250
2044.6257              271.4970703125000000
2044.7103              271.4889831542968750
2044.7924              271.4990539550781250
2044.8771              271.5096130371093750
2044.9590              271.6859130859375000
2045.0438              271.9558105468750000
2045.1260              272.3448181152343750
2045.2054              272.3605041503906250
2045.2904              272.1036071777343750
2045.3726              271.7747802734375000
2045.4575              271.7309875488281250
2045.5397              271.5750732421875000
2045.6246              271.4746704101562500
2045.7096              271.4019775390625000
2045.7917              271.4106140136718750
2045.8767              271.4614257812500000
2045.9589              271.5672302246093750
2046.0438              271.8393859863281250
2046.1260              272.2064208984375000
2046.2054              272.2762756347656250
2046.2904              272.0267639160156250
2046.3726              271.6464538574218750
2046.4575              271.5455932617187500
2046.5397              271.4432373046875000
2046.6246              271.3874816894531250
2046.7096              271.4261169433593750
2046.7917              271.4276733398437500
2046.8767              271.4764404296875000
2046.9589              271.5882568359375000
2047.0438              271.8908691406250000
2047.1260              272.3222656250000000
2047.2054              272.3228149414062500
2047.2904              272.0268249511718750
2047.3726              271.6627197265625000
2047.4575              271.6488952636718750
2047.5397              271.5001220703125000
2047.6246              271.4000244140625000
2047.7096              271.3644104003906250
2047.7917              271.3819885253906250
2047.8767              271.4511108398437500
2047.9589              271.6243896484375000
2048.0437              272.0779724121093750
2048.1257              272.4278869628906250
2048.2078              272.4539794921875000
2048.2922              272.0556945800781250
2048.3743              271.6802368164062500
2048.4590              271.5239257812500000
2048.5410              271.4405212402343750
2048.6257              271.3939208984375000
2048.7104              271.3772583007812500
2048.7922              271.3929443359375000
2048.8770              271.4746704101562500
2048.9590              271.5838623046875000
2049.0439              271.9125061035156250
2049.1260              272.3329162597656250
2049.2056              272.3043823242187500
2049.2905              272.0436096191406250
2049.3726              271.6731262207031250
2049.4575              271.4194641113281250
2049.5398              271.3796691894531250
2049.6248              271.3560791015625000
2049.7095              271.3897094726562500
2049.7917              271.3693237304687500
2049.8767              271.4082336425781250
2049.9590              271.4961242675781250
2050.0439              271.7612915039062500
2050.1260              272.1862487792968750
2050.2056              272.2736511230468750
2050.2905              271.9115600585937500
2050.3726              271.5132751464843750
2050.4575              271.5083312988281250
2050.5398              271.4277343750000000
2050.6248              271.4073181152343750
2050.7095              271.4343566894531250
2050.7917              271.4798583984375000
2050.8767              271.5330810546875000
2050.9590              271.6270751953125000
2051.0439              272.0249023437500000
2051.1260              272.4359741210937500
2051.2056              272.5155944824218750
2051.2905              272.2535400390625000
2051.3726              271.7418823242187500
2051.4575              271.5659790039062500
2051.5398              271.4373474121093750
2051.6248              271.3746948242187500
2051.7095              271.3728942871093750
2051.7917              271.4167480468750000
2051.8767              271.4593811035156250
2051.9590              271.5410461425781250
2052.0437              271.7132568359375000
2052.1257              272.1295166015625000
2052.2078              272.2735290527343750
2052.2922              272.0209350585937500
2052.3743              271.6480407714843750
2052.4590              271.5459594726562500
2052.5410              271.4470214843750000
2052.6257              271.4188232421875000
2052.7104              271.3838195800781250
2052.7922              271.4342651367187500
2052.8770              271.4757995605468750
2052.9590              271.5735473632812500
2053.0439              271.8585510253906250
2053.1260              272.1795959472656250
2053.2056              272.2833862304687500
2053.2905              272.0387268066406250
2053.3726              271.6871643066406250
2053.4575              271.6270141601562500
2053.5398              271.4983825683593750
2053.6248              271.4489440917968750
2053.7095              271.4122924804687500
2053.7917              271.4814758300781250
2053.8767              271.5865173339843750
2053.9590              271.7334899902343750
2054.0439              272.3760681152343750
2054.1260              272.7569580078125000
2054.2056              272.7175903320312500
2054.2905              272.3113098144531250
2054.3726              271.7557373046875000
2054.4575              271.5724792480468750
2054.5398              271.4887695312500000
2054.6248              271.4012145996093750
2054.7095              271.4277648925781250
2054.7917              271.4736633300781250
2054.8767              271.4730529785156250
2054.9590              271.5864257812500000
2055.0439              272.0660705566406250
2055.1260              272.4703369140625000
2055.2056              272.5576477050781250
2055.2905              272.2129211425781250
2055.3726              271.6698303222656250
2055.4575              271.4561767578125000
2055.5398              271.4210510253906250
2055.6248              271.3765869140625000
2055.7095              271.3812866210937500
2055.7917              271.4044799804687500
2055.8767              271.4689025878906250
2055.9590              271.5253601074218750
2056.0437              271.7925720214843750
2056.1257              272.1706848144531250
2056.2078              272.3280029296875000
2056.2922              272.0767822265625000
2056.3743              271.6276855468750000
2056.4590              271.5489501953125000
2056.5410              271.5086669921875000
2056.6257              271.4057312011718750
2056.7104              271.4243774414062500
2056.7922              271.4144592285156250
2056.8770              271.4413146972656250
2056.9590              271.5320434570312500
2057.0439              271.9480590820312500
2057.1260              272.3710937500000000
2057.2056              272.4523010253906250
2057.2905              272.2716064453125000
2057.3726              271.7083740234375000
2057.4575              271.6480102539062500
2057.5398              271.5674438476562500
2057.6248              271.4836730957031250
2057.7095              271.4892272949218750
2057.7917              271.4784240722656250
2057.8767              271.5482177734375000
2057.9590              271.6254272460937500
2058.0439              271.8959350585937500
2058.1260              272.4173278808593750
2058.2056              272.4637145996093750
2058.2905              272.1466064453125000
2058.3726              271.7465209960937500
2058.4575              271.6439819335937500
2058.5398              271.4834594726562500
2058.6248              271.4420776367187500
2058.7095              271.4650268554687500
2058.7917              271.4700317382812500
2058.8767              271.4988708496093750
2058.9590              271.6138916015625000
2059.0439              272.1526794433593750
2059.1260              272.5949096679687500
2059.2056              272.6501770019531250
2059.2905              272.3017272949218750
2059.3726              271.7586669921875000
2059.4575              271.6593017578125000
2059.5398              271.5838012695312500
2059.6248              271.4923706054687500
2059.7095              271.4842529296875000
2059.7917              271.4810180664062500
2059.8767              271.5012207031250000
2059.9590              271.6232910156250000
2060.0437              271.9633789062500000
2060.1257              272.4100036621093750
2060.2078              272.4654846191406250
2060.2922              272.1181640625000000
2060.3743              271.5983886718750000
2060.4590              271.4516906738281250
2060.5410              271.3990478515625000
2060.6257              271.3622436523437500
2060.7104              271.3840637207031250
2060.7922              271.3959655761718750
2060.8770              271.4404907226562500
2060.9590              271.5725097656250000
2061.0439              272.1507568359375000
2061.1260              272.5127258300781250
2061.2056              272.5202026367187500
2061.2905              272.1612854003906250
2061.3726              271.7478637695312500
2061.4575              271.6222229003906250
2061.5398              271.5120239257812500
2061.6248              271.4682312011718750
2061.7095              271.4262695312500000
2061.7917              271.4674987792968750
2061.8767              271.5320434570312500
2061.9590              271.6503906250000000
2062.0439              272.1673583984375000
2062.1260              272.5683288574218750
2062.2056              272.5659179687500000
2062.2905              272.2709655761718750
2062.3726              271.7993164062500000
2062.4575              271.7429809570312500
2062.5398              271.6249694824218750
2062.6248              271.4472351074218750
2062.7095              271.3993225097656250
2062.7917              271.4229125976562500
2062.8767              271.4932250976562500
2062.9590              271.6795043945312500
2063.0439              272.2759704589843750
2063.1260              272.6153259277343750
2063.2056              272.5663452148437500
2063.2905              272.2229003906250000
2063.3726              271.6679382324218750
2063.4575              271.5348510742187500
2063.5398              271.4563903808593750
2063.6248              271.4038085937500000
2063.7095              271.3613891601562500
2063.7917              271.4111328125000000
2063.8767              271.4414978027343750
2063.9590              271.5423889160156250
2064.0437              271.9853820800781250
2064.1257              272.4656982421875000
2064.2078              272.5562438964843750
2064.2922              272.3236389160156250
2064.3743              271.7012329101562500
2064.4590              271.5243530273437500
2064.5410              271.4198303222656250
2064.6257              271.3619689941406250
2064.7104              271.3631896972656250
2064.7922              271.4080200195312500
2064.8770              271.4693603515625000
2064.9590              271.5779418945312500
2065.0439              272.0293579101562500
2065.1260              272.5172424316406250
2065.2056              272.5863647460937500
2065.2905              272.2552490234375000
2065.3726              271.6784362792968750
2065.4575              271.5560913085937500
2065.5398              271.4650573730468750
2065.6248              271.3999938964843750
2065.7095              271.4147338867187500
2065.7917              271.3980102539062500
2065.8767              271.5074157714843750
2065.9590              271.6754760742187500
2066.0439              272.1063232421875000
2066.1260              272.4730834960937500
2066.2056              272.4945373535156250
2066.2905              272.2984008789062500
2066.3726              271.8493957519531250
2066.4575              271.7006530761718750
2066.5398              271.5062561035156250
2066.6248              271.3983459472656250
2066.7095              271.3794250488281250
2066.7917              271.4027404785156250
2066.8767              271.4535217285156250
2066.9590              271.5855102539062500
2067.0439              272.0217895507812500
2067.1260              272.4707641601562500
2067.2056              272.5015869140625000
2067.2905              272.1047363281250000
2067.3726              271.6540832519531250
2067.4575              271.5184936523437500
2067.5398              271.4250793457031250
2067.6248              271.3898010253906250
2067.7095              271.3709716796875000
2067.7917              271.4381713867187500
2067.8767              271.5241394042968750
2067.9590              271.6423950195312500
2068.0437              272.1158447265625000
2068.1257              272.4943847656250000
2068.2078              272.5179748535156250
2068.2922              272.2189941406250000
2068.3743              271.7409667968750000
2068.4590              271.6484375000000000
2068.5410              271.5180969238281250
2068.6257              271.4124755859375000
2068.7104              271.4004211425781250
2068.7922              271.4201354980468750
2068.8770              271.4598388671875000
2068.9590              271.5483398437500000
2069.0439              271.9016113281250000
2069.1260              272.2928161621093750
2069.2056              272.3797607421875000
2069.2905              272.0498046875000000
2069.3726              271.6090393066406250
2069.4575              271.4856262207031250
2069.5398              271.4230957031250000
2069.6248              271.4014587402343750
2069.7095              271.3965454101562500
2069.7917              271.4025573730468750
2069.8767              271.4348449707031250
2069.9590              271.5453186035156250
2070.0439              271.9307556152343750
2070.1260              272.3455810546875000
2070.2056              272.4119262695312500
2070.2905              272.1150207519531250
2070.3726              271.6920166015625000
2070.4575              271.6112365722656250
2070.5398              271.5349121093750000
2070.6248              271.4613342285156250
2070.7095              271.4347534179687500
2070.7917              271.4385681152343750
2070.8767              271.5030822753906250
2070.9590              271.6217041015625000
2071.0439              271.8773498535156250
2071.1260              272.2628173828125000
2071.2056              272.3546447753906250
2071.2905              272.1969604492187500
2071.3726              271.8235168457031250
2071.4575              271.6946411132812500
2071.5398              271.5364990234375000
2071.6248              271.4343566894531250
2071.7095              271.4338378906250000
2071.7917              271.4356689453125000
2071.8767              271.5290527343750000
2071.9590              271.6624145507812500
2072.0437              272.3529663085937500
2072.1257              272.7277832031250000
2072.2078              272.8063049316406250
2072.2922              272.5086669921875000
2072.3743              271.8041992187500000
2072.4590              271.4657592773437500
2072.5410              271.3952026367187500
2072.6257              271.3655395507812500
2072.7104              271.3734436035156250
2072.7922              271.3911743164062500
2072.8770              271.4396972656250000
2072.9590              271.5446166992187500
2073.0439              272.0352478027343750
2073.1260              272.3945617675781250
2073.2056              272.3805236816406250
2073.2905              272.0839843750000000
2073.3726              271.5157165527343750
2073.4575              271.4226379394531250
2073.5398              271.3819885253906250
2073.6248              271.3715515136718750
2073.7095              271.3979797363281250
2073.7917              271.4141235351562500
2073.8767              271.4319763183593750
2073.9590              271.5668334960937500
2074.0439              272.1415710449218750
2074.1260              272.5420837402343750
2074.2056              272.6073303222656250
2074.2905              272.2496643066406250
2074.3726              271.6584472656250000
2074.4575              271.5118103027343750
2074.5398              271.4256286621093750
2074.6248              271.3985290527343750
2074.7095              271.3814086914062500
2074.7917              271.3919677734375000
2074.8767              271.4344177246093750
2074.9590              271.5877075195312500
2075.0439              272.1822814941406250
2075.1260              272.6017761230468750
2075.2056              272.5883483886718750
2075.2905              272.1803283691406250
2075.3726              271.5650939941406250
2075.4575              271.4444274902343750
2075.5398              271.3825683593750000
2075.6248              271.3900146484375000
2075.7095              271.4327087402343750
2075.7917              271.3948364257812500
2075.8767              271.4310913085937500
2075.9590              271.5160217285156250
2076.0437              271.9498596191406250
2076.1257              272.3197326660156250
2076.2078              272.4140319824218750
2076.2922              272.1240844726562500
2076.3743              271.5664367675781250
2076.4590              271.4925537109375000
2076.5410              271.4264221191406250
2076.6257              271.3822937011718750
2076.7104              271.3898925781250000
2076.7922              271.3818969726562500
2076.8770              271.4273681640625000
2076.9590              271.5276489257812500
2077.0439              271.6685485839843750
2077.1260              272.0127868652343750
2077.2056              272.1243896484375000
2077.2905              271.9786376953125000
2077.3726              271.5978088378906250
2077.4575              271.4617919921875000
2077.5398              271.4062500000000000
2077.6248              271.3821411132812500
2077.7095              271.4054870605468750
2077.7917              271.4295349121093750
2077.8767              271.4582214355468750
2077.9590              271.5413208007812500
2078.0439              271.9758605957031250
2078.1260              272.3753662109375000
2078.2056              272.4193420410156250
2078.2905              272.0598144531250000
2078.3726              271.6059570312500000
2078.4575              271.5538330078125000
2078.5398              271.5284729003906250
2078.6248              271.4834899902343750
2078.7095              271.4142456054687500
2078.7917              271.4104003906250000
2078.8767              271.4592285156250000
2078.9590              271.6012268066406250
2079.0439              272.1979064941406250
2079.1260              272.6328735351562500
2079.2056              272.6422729492187500
2079.2905              272.2682495117187500
2079.3726              271.7828979492187500
2079.4575              271.7694091796875000
2079.5398              271.6001281738281250
2079.6248              271.4788208007812500
2079.7095              271.4827880859375000
2079.7917              271.4215698242187500
2079.8767              271.5397949218750000
2079.9590              271.7589416503906250
2080.0437              272.2651977539062500
2080.1257              272.6514282226562500
2080.2078              272.5957946777343750
2080.2922              272.3810119628906250
2080.3743              271.9263610839843750
2080.4590              271.7464599609375000
2080.5410              271.6004943847656250
2080.6257              271.4687194824218750
2080.7104              271.4307250976562500
2080.7922              271.4272155761718750
2080.8770              271.4938354492187500
2080.9590              271.6365661621093750
2081.0439              272.0185852050781250
2081.1260              272.4069824218750000
2081.2056              272.5148010253906250
2081.2905              272.3515625000000000
2081.3726              271.7756347656250000
2081.4575              271.5861816406250000
2081.5398              271.4959716796875000
2081.6248              271.4531860351562500
2081.7095              271.4324645996093750
2081.7917              271.4368591308593750
2081.8767              271.5238037109375000
2081.9590              271.6262207031250000
2082.0439              272.0968322753906250
2082.1260              272.5355529785156250
2082.2056              272.6913757324218750
2082.2905              272.4300231933593750
2082.3726              271.8419799804687500
2082.4575              271.6633605957031250
2082.5398              271.4746093750000000
2082.6248              271.4216003417968750
2082.7095              271.4238891601562500
2082.7917              271.4287109375000000
2082.8767              271.4995727539062500
2082.9590              271.6445922851562500
2083.0439              272.0689392089843750
2083.1260              272.5581054687500000
2083.2056              272.6002502441406250
2083.2905              272.3062438964843750
2083.3726              271.7020263671875000
2083.4575              271.6190795898437500
2083.5398              271.5590820312500000
2083.6248              271.4749450683593750
2083.7095              271.4306640625000000
2083.7917              271.4299011230468750
2083.8767              271.4729919433593750
2083.9590              271.6154785156250000
2084.0437              272.1692810058593750
2084.1257              272.5401611328125000
2084.2078              272.5428161621093750
2084.2922              272.2593994140625000
2084.3743              271.6386413574218750
2084.4590              271.4386596679687500
2084.5410              271.3674926757812500
2084.6257              271.3793945312500000
2084.7104              271.4248962402343750
2084.7922              271.4189147949218750
2084.8770              271.4227294921875000
2084.9590              271.4928283691406250
2085.0439              271.7496337890625000
2085.1260              272.0795898437500000
2085.2056              272.1193847656250000
2085.2905              271.9221801757812500
2085.3726              271.5902404785156250
2085.4575              271.5102539062500000
2085.5398              271.4330444335937500
2085.6248              271.4146423339843750
2085.7095              271.4101257324218750
2085.7917              271.4053344726562500
2085.8767              271.4634399414062500
2085.9590              271.5258178710937500
2086.0439              271.9058532714843750
2086.1260              272.3754882812500000
2086.2056              272.4857788085937500
2086.2905              272.2489013671875000
2086.3726              271.7146911621093750
2086.4575              271.5616149902343750
2086.5398              271.4630737304687500
2086.6248              271.4296875000000000
2086.7095              271.4313964843750000
2086.7917              271.4629821777343750
2086.8767              271.4729003906250000
2086.9590              271.5826416015625000
2087.0439              272.0387878417968750
2087.1260              272.4137573242187500
2087.2056              272.4295654296875000
2087.2905              272.1884765625000000
2087.3726              271.7542419433593750
2087.4575              271.6312255859375000
2087.5398              271.5591430664062500
2087.6248              271.4853210449218750
2087.7095              271.4560241699218750
2087.7917              271.5281372070312500
2087.8767              271.6545410156250000
2087.9590              271.7795410156250000
2088.0437              272.2890930175781250
2088.1257              272.7549133300781250
2088.2078              272.7892150878906250
2088.2922              272.5914001464843750
2088.3743              272.0970764160156250
2088.4590              271.6969299316406250
2088.5410              271.6513061523437500
2088.6257              271.5315856933593750
2088.7104              271.5176086425781250
2088.7922              271.5178833007812500
2088.8770              271.5339965820312500
2088.9590              271.6398315429687500
2089.0439              272.0174865722656250
2089.1260              272.4708251953125000
2089.2056              272.5588378906250000
2089.2905              272.2932434082031250
2089.3726              271.9034423828125000
2089.4575              271.6986694335937500
2089.5398              271.6537170410156250
2089.6248              271.5391540527343750
2089.7095              271.5475463867187500
2089.7917              271.4655456542968750
2089.8767              271.5652770996093750
2089.9590              271.7025146484375000
2090.0439              272.1217041015625000
2090.1260              272.5526123046875000
2090.2056              272.5629577636718750
2090.2905              272.3590698242187500
2090.3726              271.8584899902343750
2090.4575              271.5101623535156250
2090.5398              271.4048156738281250
2090.6248              271.4172668457031250
2090.7095              271.3851623535156250
2090.7917              271.4449462890625000
2090.8767              271.4673156738281250
2090.9590              271.5950622558593750
2091.0439              272.1643676757812500
2091.1260              272.6763916015625000
2091.2056              272.7716674804687500
2091.2905              272.4966430664062500
2091.3726              271.8976745605468750
2091.4575              271.6128234863281250
2091.5398              271.5372924804687500
2091.6248              271.4289550781250000
2091.7095              271.4131774902343750
2091.7917              271.4225158691406250
2091.8767              271.4660644531250000
2091.9590              271.6338195800781250
2092.0437              272.2687072753906250
2092.1257              272.7046203613281250
2092.2078              272.7146606445312500
2092.2922              272.4413452148437500
2092.3743              271.7811584472656250
2092.4590              271.4456787109375000
2092.5410              271.4248352050781250
2092.6257              271.3866577148437500
2092.7104              271.3825988769531250
2092.7922              271.4220581054687500
2092.8770              271.4666137695312500
2092.9590              271.5700988769531250
2093.0439              272.0280761718750000
2093.1260              272.4149169921875000
2093.2056              272.4187927246093750
2093.2905              272.2052001953125000
2093.3726              271.7052307128906250
2093.4575              271.5348815917968750
2093.5398              271.4869995117187500
2093.6248              271.4404602050781250
2093.7095              271.4216918945312500
2093.7917              271.4419555664062500
2093.8767              271.5202331542968750
2093.9590              271.7373352050781250
2094.0439              272.2355651855468750
2094.1260              272.6944885253906250
2094.2056              272.7643127441406250
2094.2905              272.4839782714843750
2094.3726              271.9412841796875000
2094.4575              271.6381225585937500
2094.5398              271.4586486816406250
2094.6248              271.3988952636718750
2094.7095              271.4284667968750000
2094.7917              271.4653015136718750
2094.8767              271.5003356933593750
2094.9590              271.5798645019531250
2095.0439              271.9426879882812500
2095.1260              272.3682250976562500
2095.2056              272.4686584472656250
2095.2905              272.2603454589843750
2095.3726              271.8052062988281250
2095.4575              271.4764709472656250
2095.5398              271.3862609863281250
2095.6248              271.3917541503906250
2095.7095              271.4127197265625000
2095.7917              271.4028625488281250
2095.8767              271.4425048828125000
2095.9590              271.5753784179687500
2096.0437              271.9376831054687500
2096.1257              272.3815917968750000
2096.2078              272.5198974609375000
2096.2922              272.1861877441406250
2096.3743              271.6841125488281250
2096.4590              271.5716857910156250
2096.5410              271.4700012207031250
2096.6257              271.4146728515625000
2096.7104              271.4303283691406250
2096.7922              271.3723144531250000
2096.8770              271.4602050781250000
2096.9590              271.5779724121093750
2097.0439              271.9899902343750000
2097.1260              272.3918457031250000
2097.2056              272.3882751464843750
2097.2905              272.1342163085937500
2097.3726              271.6003723144531250
2097.4575              271.4748535156250000
2097.5398              271.4201049804687500
2097.6248              271.3992919921875000
2097.7095              271.3869628906250000
2097.7917              271.4146728515625000
2097.8767              271.4583435058593750
2097.9590              271.5449218750000000
2098.0439              272.0186462402343750
2098.1260              272.5080261230468750
2098.2056              272.4476013183593750
2098.2905              272.2211303710937500
2098.3726              271.7868957519531250
2098.4575              271.7054138183593750
2098.5398              271.5257873535156250
2098.6248              271.5115966796875000
2098.7095              271.4644775390625000
2098.7917              271.4535217285156250
2098.8767              271.5158996582031250
2098.9590              271.6759948730468750
2099.0439              272.3420104980468750
2099.1260              272.8161621093750000
2099.2056              272.9065246582031250
2099.2905              272.5564880371093750
2099.3726              271.9562988281250000
2099.4575              271.5050048828125000
2099.5398              271.4574584960937500
2099.6248              271.4173583984375000
2099.7095              271.4089355468750000
2099.7917              271.4320678710937500
2099.8767              271.4880065917968750
2099.9590              271.5985107421875000
