1761.0438              273.6972351074218750
1761.1288              273.9309387207031250
1761.2054              273.6574401855468750
1761.2904              273.2628479003906250
1761.3726              272.9356689453125000
1761.4575              272.7658386230468750
1761.5397              272.8049011230468750
1761.6246              272.8966979980468750
1761.7096              272.8337707519531250
1761.7917              272.7692260742187500
1761.8767              272.6904296875000000
1761.9589              273.1075134277343750
1762.0438              273.7256164550781250
1762.1288              274.1119995117187500
1762.2054              273.9076538085937500
1762.2904              273.4537353515625000
1762.3726              273.0681762695312500
1762.4575              272.8786010742187500
1762.5397              272.7557067871093750
1762.6246              272.7488708496093750
1762.7096              272.8072814941406250
1762.7917              272.8820800781250000
1762.8767              272.8934326171875000
1762.9589              272.9267883300781250
1763.0438              273.6387023925781250
1763.1288              273.9533386230468750
1763.2054              273.7252197265625000
1763.2904              273.2521362304687500
1763.3726              272.9374084472656250
1763.4575              272.7164001464843750
1763.5397              272.6851501464843750
1763.6246              272.8001098632812500
1763.7096              272.8373107910156250
1763.7917              272.8906250000000000
1763.8767              272.8510437011718750
1763.9589              272.9863586425781250
1764.0437              273.5042419433593750
1764.1284              273.8376159667968750
1764.2076              273.6776428222656250
1764.2924              273.2343444824218750
1764.3743              272.9755859375000000
1764.4590              272.9124450683593750
1764.5410              272.9331054687500000
1764.6257              272.9474182128906250
1764.7103              272.9482421875000000
1764.7924              272.9237670898437500
1764.8771              272.8319396972656250
1764.9590              273.3394775390625000
1765.0438              273.8378906250000000
1765.1288              274.1721496582031250
1765.2054              273.9721984863281250
1765.2904              273.4429626464843750
1765.3726              273.0384521484375000
1765.4575              272.7971191406250000
1765.5397              272.6559753417968750
1765.6246              272.5537414550781250
1765.7096              272.5795593261718750
1765.7917              272.7337036132812500
1765.8767              272.7661437988281250
1765.9589              273.1142272949218750
1766.0438              273.6433715820312500
1766.1288              273.9595642089843750
1766.2054              273.9033813476562500
1766.2904              273.3789367675781250
1766.3726              273.0059204101562500
1766.4575              272.7896728515625000
1766.5397              272.7066345214843750
1766.6246              272.6999816894531250
1766.7096              272.7154846191406250
1766.7917              272.7180786132812500
1766.8767              272.6616210937500000
1766.9589              273.1134643554687500
1767.0438              273.7456665039062500
1767.1288              274.1513671875000000
1767.2054              273.9994506835937500
1767.2904              273.4058227539062500
1767.3726              272.9856872558593750
1767.4575              272.7593994140625000
1767.5397              272.6244201660156250
1767.6246              272.5168151855468750
1767.7096              272.5281982421875000
1767.7917              272.5788879394531250
1767.8767              272.6505432128906250
1767.9589              273.2366943359375000
1768.0437              273.9332580566406250
1768.1284              274.2764587402343750
1768.2076              274.0166015625000000
1768.2924              273.4281311035156250
1768.3743              273.0380249023437500
1768.4590              272.8450317382812500
1768.5410              272.7260742187500000
1768.6257              272.7122192382812500
1768.7103              272.7358703613281250
1768.7924              272.7582702636718750
1768.8771              272.7412719726562500
1768.9590              273.1413269042968750
1769.0438              273.6788330078125000
1769.1288              274.0492553710937500
1769.2054              273.9056396484375000
1769.2904              273.5449523925781250
1769.3726              273.0408020019531250
1769.4575              272.8064575195312500
1769.5397              272.6975402832031250
1769.6246              272.6325683593750000
1769.7096              272.5771179199218750
1769.7917              272.5846862792968750
1769.8767              272.5460510253906250
1769.9589              272.6944885253906250
1770.0438              273.2824707031250000
1770.1288              273.6013488769531250
1770.2054              273.4867553710937500
1770.2904              273.1766662597656250
1770.3726              272.9025878906250000
1770.4575              272.6711730957031250
1770.5397              272.5657043457031250
1770.6246              272.6252746582031250
1770.7096              272.6988830566406250
1770.7917              272.7253417968750000
1770.8767              272.7193603515625000
1770.9589              273.2391662597656250
1771.0438              273.9167175292968750
1771.1288              274.2298583984375000
1771.2054              273.8906860351562500
1771.2904              273.3130187988281250
1771.3726              272.9491882324218750
1771.4575              272.8134155273437500
1771.5397              272.7998962402343750
1771.6246              272.8078613281250000
1771.7096              272.7921447753906250
1771.7917              272.7294311523437500
1771.8767              272.6452941894531250
1771.9589              273.0687561035156250
1772.0437              273.8648071289062500
1772.1284              274.1870117187500000
1772.2076              273.8973388671875000
1772.2924              273.2581787109375000
1772.3743              272.9044189453125000
1772.4590              272.8113098144531250
1772.5410              272.8385314941406250
1772.6257              272.8195190429687500
1772.7103              272.8177795410156250
1772.7924              272.8165893554687500
1772.8771              272.7635192871093750
1772.9590              272.9140014648437500
1773.0438              273.5575561523437500
1773.1288              273.7826538085937500
1773.2054              273.6356811523437500
1773.2904              273.2166442871093750
1773.3726              272.9152526855468750
1773.4575              272.7504577636718750
1773.5397              272.7160034179687500
1773.6246              272.6999511718750000
1773.7096              272.6899414062500000
1773.7917              272.7014770507812500
1773.8767              272.6724548339843750
1773.9589              273.0743103027343750
1774.0438              273.7042846679687500
1774.1288              274.0071716308593750
1774.2054              273.8776550292968750
1774.2904              273.4146423339843750
1774.3726              272.9589843750000000
1774.4575              272.7546081542968750
1774.5397              272.8306274414062500
1774.6246              272.7769470214843750
1774.7096              272.7898864746093750
1774.7917              272.7381591796875000
1774.8767              272.5879821777343750
1774.9589              272.9025573730468750
1775.0438              273.6575927734375000
1775.1288              274.0688781738281250
1775.2054              273.9616394042968750
1775.2904              273.4480285644531250
1775.3726              272.9406433105468750
1775.4575              272.6956481933593750
1775.5397              272.6656799316406250
1775.6246              272.7513427734375000
1775.7096              272.6080932617187500
1775.7917              272.6988830566406250
1775.8767              272.6315917968750000
1775.9589              273.1101074218750000
1776.0437              273.8013305664062500
1776.1284              274.0696716308593750
1776.2076              273.7788391113281250
1776.2924              273.2704162597656250
1776.3743              272.8819274902343750
1776.4590              272.6450500488281250
1776.5410              272.5548706054687500
1776.6257              272.7470703125000000
1776.7103              272.7578430175781250
1776.7924              272.7620544433593750
1776.8771              272.6606750488281250
1776.9590              273.0109252929687500
1777.0438              273.5987243652343750
1777.1288              273.9216003417968750
1777.2054              273.8357238769531250
1777.2904              273.3683166503906250
1777.3726              272.9284057617187500
1777.4575              272.6935119628906250
1777.5397              272.4846801757812500
1777.6246              272.6927795410156250
1777.7096              272.7837829589843750
1777.7917              272.8545532226562500
1777.8767              272.7149658203125000
1777.9589              272.7706909179687500
1778.0438              273.3592529296875000
1778.1288              273.6797485351562500
1778.2054              273.5063476562500000
1778.2904              273.0346984863281250
1778.3726              272.7054138183593750
1778.4575              272.4817810058593750
1778.5397              272.4064636230468750
1778.6246              272.3765258789062500
1778.7096              272.4338989257812500
1778.7917              272.7257690429687500
1778.8767              272.6347961425781250
1778.9589              272.9497375488281250
1779.0438              273.4846191406250000
1779.1288              273.7511596679687500
1779.2054              273.5509643554687500
1779.2904              273.0829772949218750
1779.3726              272.7637329101562500
1779.4575              272.5238037109375000
1779.5397              272.5295104980468750
1779.6246              272.4816284179687500
1779.7096              272.5103149414062500
1779.7917              272.7772216796875000
1779.8767              272.5894470214843750
1779.9589              273.0574340820312500
1780.0437              273.6843566894531250
1780.1284              273.9083557128906250
1780.2076              273.6963806152343750
1780.2924              273.1672973632812500
1780.3743              272.7969665527343750
1780.4590              272.6211242675781250
1780.5410              272.4428405761718750
1780.6257              272.5726013183593750
1780.7103              272.5725708007812500
1780.7924              272.3875732421875000
1780.8771              272.3124694824218750
1780.9590              272.3960571289062500
1781.0438              273.0511169433593750
1781.1288              273.4992675781250000
1781.2054              273.2845764160156250
1781.2904              272.8968200683593750
1781.3726              272.6511535644531250
1781.4575              272.4873962402343750
1781.5397              272.3123168945312500
1781.6246              272.3226623535156250
1781.7096              272.3363952636718750
1781.7917              272.3129272460937500
1781.8767              272.2814025878906250
1781.9589              272.6772155761718750
1782.0438              273.2939453125000000
1782.1288              273.5809631347656250
1782.2054              273.3395996093750000
1782.2904              272.9132385253906250
1782.3726              272.6513977050781250
1782.4575              272.4516296386718750
1782.5397              272.3165283203125000
1782.6246              272.6399230957031250
1782.7096              272.6238403320312500
1782.7917              272.6327819824218750
1782.8767              272.4844360351562500
1782.9589              272.9846496582031250
1783.0438              273.7615966796875000
1783.1288              274.1470336914062500
1783.2054              273.7763671875000000
1783.2904              273.2537536621093750
1783.3726              272.8383789062500000
1783.4575              272.5598144531250000
1783.5397              272.4766845703125000
1783.6246              272.6903381347656250
1783.7096              272.7494812011718750
1783.7917              272.6323547363281250
1783.8767              272.4985656738281250
1783.9589              273.0349121093750000
1784.0437              273.7276916503906250
1784.1284              274.1425476074218750
1784.2076              273.8629760742187500
1784.2924              273.2339172363281250
1784.3743              272.9091491699218750
1784.4590              272.6357421875000000
1784.5410              272.3974914550781250
1784.6257              272.4193725585937500
1784.7103              272.7264709472656250
1784.7924              272.6748962402343750
1784.8771              272.5133056640625000
1784.9590              272.9794311523437500
1785.0438              273.5808715820312500
1785.1288              273.8583679199218750
1785.2054              273.7686767578125000
1785.2904              273.1697387695312500
1785.3726              272.7833862304687500
1785.4575              272.5568237304687500
1785.5397              272.5998229980468750
1785.6246              272.7702941894531250
1785.7096              272.7841491699218750
1785.7917              272.5980834960937500
1785.8767              272.4896545410156250
1785.9589              273.0233764648437500
1786.0438              273.6901245117187500
1786.1288              273.8634033203125000
1786.2054              273.7054138183593750
1786.2904              273.1835021972656250
1786.3726              272.8442382812500000
1786.4575              272.6002197265625000
1786.5397              272.5340270996093750
1786.6246              272.6522216796875000
1786.7096              272.8074340820312500
1786.7917              272.7436523437500000
1786.8767              272.7072143554687500
1786.9589              272.9533081054687500
1787.0438              273.6061096191406250
1787.1288              273.6313171386718750
1787.2054              273.3908996582031250
1787.2904              272.9391784667968750
1787.3726              272.7154846191406250
1787.4575              272.5574951171875000
1787.5397              272.4507446289062500
1787.6246              272.5571289062500000
1787.7096              272.6413269042968750
1787.7917              272.7551879882812500
1787.8767              272.6538696289062500
1787.9589              272.6507263183593750
1788.0437              273.2071228027343750
1788.1284              273.6153564453125000
1788.2076              273.4533996582031250
1788.2924              272.9306640625000000
1788.3743              272.6509399414062500
1788.4590              272.4873962402343750
1788.5410              272.3333740234375000
1788.6257              272.3833312988281250
1788.7103              272.6283264160156250
1788.7924              272.7030639648437500
1788.8771              272.5321655273437500
1788.9590              272.6314392089843750
1789.0438              273.1751708984375000
1789.1288              273.6304321289062500
1789.2054              273.4997253417968750
1789.2904              273.0959777832031250
1789.3726              272.7294921875000000
1789.4575              272.5325622558593750
1789.5397              272.3285217285156250
1789.6246              272.3580932617187500
1789.7096              272.5289611816406250
1789.7917              272.4987182617187500
1789.8767              272.3342895507812500
1789.9589              272.5000000000000000
1790.0438              273.1878051757812500
1790.1288              273.6702880859375000
1790.2054              273.5948486328125000
1790.2904              273.0223693847656250
1790.3726              272.7110290527343750
1790.4575              272.5511474609375000
1790.5397              272.4084472656250000
1790.6246              272.4060058593750000
1790.7096              272.7049255371093750
1790.7917              272.7999877929687500
1790.8767              272.6880187988281250
1790.9589              272.8037414550781250
1791.0438              273.2879028320312500
1791.1288              273.6314697265625000
1791.2054              273.4600219726562500
1791.2904              273.0307006835937500
1791.3726              272.7033691406250000
1791.4575              272.5113525390625000
1791.5397              272.6159973144531250
1791.6246              272.7621154785156250
1791.7096              272.7063598632812500
1791.7917              272.7294616699218750
1791.8767              272.6544799804687500
1791.9589              273.0867919921875000
1792.0437              273.7032470703125000
1792.1284              273.8041992187500000
1792.2076              273.5831909179687500
1792.2924              273.1560974121093750
1792.3743              272.7064208984375000
1792.4590              272.5186767578125000
1792.5410              272.4772949218750000
1792.6257              272.7097167968750000
1792.7103              272.7923278808593750
1792.7924              272.7861938476562500
1792.8771              272.6441650390625000
1792.9590              272.8029174804687500
1793.0438              273.4381408691406250
1793.1288              273.6874694824218750
1793.2054              273.3425292968750000
1793.2904              272.9240722656250000
1793.3726              272.6294860839843750
1793.4575              272.4079284667968750
1793.5397              272.3309020996093750
1793.6246              272.5807495117187500
1793.7096              272.7615966796875000
1793.7917              272.6821899414062500
1793.8767              272.4878540039062500
1793.9589              273.0140075683593750
1794.0438              273.9084472656250000
1794.1288              274.1302795410156250
1794.2054              273.8792724609375000
1794.2904              273.5279541015625000
1794.3726              273.0119628906250000
1794.4575              272.6802673339843750
1794.5397              272.4590148925781250
1794.6246              272.2669677734375000
1794.7096              272.3497924804687500
1794.7917              272.6887817382812500
1794.8767              272.6452636718750000
1794.9589              272.9479980468750000
1795.0438              273.5403137207031250
1795.1288              273.8169860839843750
1795.2054              273.5790100097656250
1795.2904              273.3018798828125000
1795.3726              272.8803405761718750
1795.4575              272.6269226074218750
1795.5397              272.4923095703125000
1795.6246              272.7697753906250000
1795.7096              272.7850646972656250
1795.7917              272.6721801757812500
1795.8767              272.4967346191406250
1795.9589              272.3641662597656250
1796.0437              272.3711242675781250
1796.1284              272.6782226562500000
1796.2076              272.7716369628906250
1796.2924              272.6903991699218750
1796.3743              272.5378112792968750
1796.4590              272.4249877929687500
1796.5410              272.2973327636718750
1796.6257              272.2543029785156250
1796.7103              272.6928710937500000
1796.7924              272.5052185058593750
1796.8771              272.3958435058593750
1796.9590              272.5204772949218750
1797.0438              273.1300659179687500
1797.1288              273.4648742675781250
1797.2054              273.3354492187500000
1797.2904              272.8903198242187500
1797.3726              272.6043395996093750
1797.4575              272.4567260742187500
1797.5397              272.2408142089843750
1797.6246              272.1931457519531250
1797.7096              272.5383911132812500
1797.7917              272.6303405761718750
1797.8767              272.6297302246093750
1797.9589              272.7825317382812500
1798.0438              273.4217529296875000
1798.1288              273.8264465332031250
1798.2054              273.4287109375000000
1798.2904              272.9114379882812500
1798.3726              272.6717529296875000
1798.4575              272.7194519042968750
1798.5397              272.7543029785156250
1798.6246              272.7025756835937500
1798.7096              272.7637023925781250
1798.7917              272.7335205078125000
1798.8767              272.4852600097656250
1798.9589              272.4888305664062500
1799.0438              272.9909973144531250
1799.1288              273.3171691894531250
1799.2054              273.2518920898437500
1799.2904              272.8594360351562500
1799.3726              272.5922241210937500
1799.4575              272.3896179199218750
1799.5397              272.2615356445312500
1799.6246              272.2248535156250000
1799.7096              272.4234008789062500
1799.7917              272.5082702636718750
1799.8767              272.5709533691406250
1799.9589              272.6281433105468750
1800.0438              273.1547851562500000
1800.1288              273.6222534179687500
1800.2054              273.4901428222656250
1800.2904              272.9792175292968750
1800.3726              272.6459045410156250
1800.4575              272.4933776855468750
1800.5397              272.3746643066406250
1800.6246              272.4094543457031250
1800.7096              272.5948181152343750
1800.7917              272.6105957031250000
1800.8767              272.5582275390625000
1800.9589              272.9432373046875000
1801.0438              273.6463317871093750
1801.1288              273.9876708984375000
1801.2054              273.9081115722656250
1801.2904              273.3632202148437500
1801.3726              272.8863525390625000
1801.4575              272.5379638671875000
1801.5397              272.4191894531250000
1801.6246              272.5838623046875000
1801.7096              272.7084045410156250
1801.7917              272.5787048339843750
1801.8767              272.5270385742187500
1801.9589              273.0540771484375000
1802.0438              273.7016601562500000
1802.1288              273.8987121582031250
1802.2054              273.6779785156250000
1802.2904              273.1461181640625000
1802.3726              272.7322082519531250
1802.4575              272.5549316406250000
1802.5397              272.4960937500000000
1802.6246              272.7098083496093750
1802.7096              272.7158508300781250
1802.7917              272.6895446777343750
1802.8767              272.6473388671875000
1802.9589              272.8811645507812500
1803.0438              273.4019775390625000
1803.1288              273.6328430175781250
1803.2054              273.2966613769531250
1803.2904              272.8479919433593750
1803.3726              272.6012573242187500
1803.4575              272.4855651855468750
1803.5397              272.6710815429687500
1803.6246              272.5162963867187500
1803.7096              272.4295959472656250
1803.7917              272.5913085937500000
1803.8767              272.5633544921875000
1803.9589              272.8901977539062500
1804.0437              273.4786376953125000
1804.1284              273.6667175292968750
1804.2076              273.5648803710937500
1804.2924              273.0859985351562500
1804.3743              272.7457580566406250
1804.4590              272.5167236328125000
1804.5410              272.5030212402343750
1804.6257              272.6622924804687500
1804.7103              272.6881103515625000
1804.7924              272.6697692871093750
1804.8771              272.5495605468750000
1804.9590              272.9358520507812500
1805.0438              273.5490417480468750
1805.1288              273.6968994140625000
1805.2054              273.4752502441406250
1805.2904              273.0894775390625000
1805.3726              272.7002563476562500
1805.4575              272.5140075683593750
1805.5397              272.5437011718750000
1805.6246              272.7122802734375000
1805.7096              272.6858215332031250
1805.7917              272.6192932128906250
1805.8767              272.4445495605468750
1805.9589              272.5496215820312500
1806.0438              273.0873413085937500
1806.1288              273.4467468261718750
1806.2054              273.2769775390625000
1806.2904              272.7894897460937500
1806.3726              272.5532226562500000
1806.4575              272.4419250488281250
1806.5397              272.4398803710937500
1806.6246              272.4630737304687500
1806.7096              272.6513061523437500
1806.7917              272.5380249023437500
1806.8767              272.4342651367187500
1806.9589              272.6886291503906250
1807.0438              273.3536376953125000
1807.1288              273.5744018554687500
1807.2054              273.3900756835937500
1807.2904              272.9465942382812500
1807.3726              272.6612548828125000
1807.4575              272.5061035156250000
1807.5397              272.4585266113281250
1807.6246              272.4526062011718750
1807.7096              272.5170593261718750
1807.7917              272.5723571777343750
1807.8767              272.5047302246093750
1807.9589              273.0843200683593750
1808.0437              273.7373046875000000
1808.1284              273.9704284667968750
1808.2076              273.6097106933593750
1808.2924              273.1525573730468750
1808.3743              272.7799072265625000
1808.4590              272.5889282226562500
1808.5410              272.5173034667968750
1808.6257              272.5326538085937500
1808.7103              272.5753173828125000
1808.7924              272.5533752441406250
1808.8771              272.4656677246093750
1808.9590              272.4299926757812500
1809.0438              272.8213500976562500
1809.1288              273.2217102050781250
1809.2054              273.0936584472656250
1809.2904              272.7778320312500000
1809.3726              272.6058044433593750
1809.4575              272.5025939941406250
1809.5397              272.4172058105468750
1809.6246              272.3345031738281250
1809.7096              272.3580322265625000
1809.7917              272.5607299804687500
1809.8767              272.4972839355468750
1809.9589              272.4944763183593750
1810.0438              272.8842773437500000
1810.1288              273.3624877929687500
1810.2054              273.2502746582031250
1810.2904              272.9073181152343750
1810.3726              272.6769409179687500
1810.4575              272.5530395507812500
1810.5397              272.4485778808593750
1810.6246              272.3403320312500000
1810.7096              272.4903869628906250
1810.7917              272.6177062988281250
1810.8767              272.5520324707031250
1810.9589              272.4989929199218750
1811.0438              272.7711181640625000
1811.1288              273.2908630371093750
1811.2054              273.2888183593750000
1811.2904              272.9349670410156250
1811.3726              272.6997985839843750
1811.4575              272.5551452636718750
1811.5397              272.4437561035156250
1811.6246              272.3684387207031250
1811.7096              272.2409973144531250
1811.7917              272.2040100097656250
1811.8767              272.2489013671875000
1811.9589              272.5509643554687500
1812.0437              273.2713012695312500
1812.1284              273.7819519042968750
1812.2076              273.7522277832031250
1812.2924              273.4218444824218750
1812.3743              273.0542907714843750
1812.4590              272.8171691894531250
1812.5410              272.6298828125000000
1812.6257              272.4883728027343750
1812.7103              272.3570556640625000
1812.7924              272.4246826171875000
1812.8771              272.5522766113281250
1812.9590              272.7042541503906250
1813.0438              273.3272705078125000
1813.1288              273.6022949218750000
1813.2054              273.4421386718750000
1813.2904              272.9952697753906250
1813.3726              272.7556457519531250
1813.4575              272.5761108398437500
1813.5397              272.3523559570312500
1813.6246              272.2723693847656250
1813.7096              272.1991271972656250
1813.7917              272.1635437011718750
1813.8767              272.1441345214843750
1813.9589              272.1974487304687500
1814.0438              272.6927490234375000
1814.1288              273.3042907714843750
1814.2054              273.2588806152343750
1814.2904              272.9631958007812500
1814.3726              272.7419738769531250
1814.4575              272.5213623046875000
1814.5397              272.2996520996093750
1814.6246              272.2097778320312500
1814.7096              272.1900634765625000
1814.7917              272.2620544433593750
1814.8767              272.2097778320312500
1814.9589              272.2885742187500000
1815.0438              272.6566772460937500
1815.1288              273.0496826171875000
1815.2054              272.9929504394531250
1815.2904              272.8032531738281250
1815.3726              272.6458435058593750
1815.4575              272.4871826171875000
1815.5397              272.3672485351562500
1815.6246              272.5210876464843750
1815.7096              272.6970825195312500
1815.7917              272.6852722167968750
1815.8767              272.6161804199218750
1815.9589              272.7260437011718750
1816.0437              273.2935791015625000
1816.1284              273.6733398437500000
1816.2076              273.5239562988281250
1816.2924              273.1537170410156250
1816.3743              272.8680114746093750
1816.4590              272.6969604492187500
1816.5410              272.5449829101562500
1816.6257              272.6190490722656250
1816.7103              272.6105041503906250
1816.7924              272.5670471191406250
1816.8771              272.5966796875000000
1816.9590              272.9410095214843750
1817.0438              273.5777587890625000
1817.1288              273.9670410156250000
1817.2054              273.7892150878906250
1817.2904              273.2546691894531250
1817.3726              272.9029235839843750
1817.4575              272.7424621582031250
1817.5397              272.6478576660156250
1817.6246              272.6655273437500000
1817.7096              272.7288818359375000
1817.7917              272.5904235839843750
1817.8767              272.5044860839843750
1817.9589              272.5860290527343750
1818.0438              273.1695251464843750
1818.1288              273.3930969238281250
1818.2054              273.2203979492187500
1818.2904              272.8707275390625000
1818.3726              272.6982421875000000
1818.4575              272.5127258300781250
1818.5397              272.4237060546875000
1818.6246              272.4215698242187500
1818.7096              272.5683898925781250
1818.7917              272.5282287597656250
1818.8767              272.4909362792968750
1818.9589              272.5717163085937500
1819.0438              273.1853942871093750
1819.1288              273.5676879882812500
1819.2054              273.4057312011718750
1819.2904              273.0246887207031250
1819.3726              272.7902221679687500
1819.4575              272.6505432128906250
1819.5397              272.5478515625000000
1819.6246              272.4875488281250000
1819.7096              272.6130676269531250
1819.7917              272.7066955566406250
1819.8767              272.6170959472656250
1819.9589              272.8279113769531250
1820.0437              273.4687500000000000
1820.1284              273.8438415527343750
1820.2076              273.7536010742187500
1820.2924              273.3417053222656250
1820.3743              272.9697875976562500
1820.4590              272.7669677734375000
1820.5410              272.6040039062500000
1820.6257              272.5254516601562500
1820.7103              272.6316223144531250
1820.7924              272.7268371582031250
1820.8771              272.7182922363281250
1820.9590              272.8578186035156250
1821.0438              273.5819396972656250
1821.1288              273.9556884765625000
1821.2054              273.6719665527343750
1821.2904              273.1337890625000000
1821.3726              272.8197631835937500
1821.4575              272.6125793457031250
1821.5397              272.4342651367187500
1821.6246              272.4413757324218750
1821.7096              272.4938049316406250
1821.7917              272.6114807128906250
1821.8767              272.6035156250000000
1821.9589              272.9308776855468750
1822.0438              273.5785522460937500
1822.1288              273.8023986816406250
1822.2054              273.6551818847656250
1822.2904              273.1902465820312500
1822.3726              272.8533325195312500
1822.4575              272.6620788574218750
1822.5397              272.5794372558593750
1822.6246              272.5616149902343750
1822.7096              272.6109313964843750
1822.7917              272.5715942382812500
1822.8767              272.5093383789062500
1822.9589              272.9658508300781250
1823.0438              273.6552124023437500
1823.1288              273.8258972167968750
1823.2054              273.6220397949218750
1823.2904              273.1667785644531250
1823.3726              272.8318786621093750
1823.4575              272.6570739746093750
1823.5397              272.5647888183593750
1823.6246              272.4232482910156250
1823.7096              272.4828186035156250
1823.7917              272.6820373535156250
1823.8767              272.6492004394531250
1823.9589              272.6829833984375000
1824.0437              273.2897644042968750
1824.1284              273.6627197265625000
1824.2076              273.5532226562500000
1824.2924              273.1149597167968750
1824.3743              272.7893371582031250
1824.4590              272.6098022460937500
1824.5410              272.5068054199218750
1824.6257              272.4935913085937500
1824.7103              272.5393371582031250
1824.7924              272.6016235351562500
1824.8771              272.6761169433593750
1824.9590              272.7599182128906250
1825.0438              273.3586120605468750
1825.1288              273.6368408203125000
1825.2054              273.4543457031250000
1825.2904              272.9867858886718750
1825.3726              272.7268981933593750
1825.4575              272.6996765136718750
1825.5397              272.6966552734375000
1825.6246              272.7077636718750000
1825.7096              272.7187805175781250
1825.7917              272.6932067871093750
1825.8767              272.6183166503906250
1825.9589              272.9820556640625000
1826.0438              273.5065307617187500
1826.1288              273.8118896484375000
1826.2054              273.6938476562500000
1826.2904              273.1687927246093750
1826.3726              272.8110351562500000
1826.4575              272.5651855468750000
1826.5397              272.5066528320312500
1826.6246              272.4644775390625000
1826.7096              272.5951538085937500
1826.7917              272.6391296386718750
1826.8767              272.5767211914062500
1826.9589              272.7373657226562500
1827.0438              273.3730163574218750
1827.1288              273.7923583984375000
1827.2054              273.6231079101562500
1827.2904              273.3038940429687500
1827.3726              272.9324645996093750
1827.4575              272.6683349609375000
1827.5397              272.5386047363281250
1827.6246              272.3834228515625000
1827.7096              272.3427734375000000
1827.7917              272.5452270507812500
1827.8767              272.5781250000000000
1827.9589              272.5263061523437500
1828.0437              272.8621826171875000
1828.1284              273.3079223632812500
1828.2076              273.2434692382812500
1828.2924              272.9761962890625000
1828.3743              272.7700805664062500
1828.4590              272.6061401367187500
1828.5410              272.4851989746093750
1828.6257              272.4642639160156250
1828.7103              272.6795959472656250
1828.7924              272.7206420898437500
1828.8771              272.6845092773437500
1828.9590              272.8689575195312500
1829.0438              273.3749389648437500
1829.1288              273.6896972656250000
1829.2054              273.4864807128906250
1829.2904              273.0593261718750000
1829.3726              272.8001708984375000
1829.4575              272.7855529785156250
1829.5397              272.7579345703125000
1829.6246              272.7518005371093750
1829.7096              272.6965942382812500
1829.7917              272.6862792968750000
1829.8767              272.6655883789062500
1829.9589              272.9315490722656250
1830.0438              273.5472412109375000
1830.1288              273.7293090820312500
1830.2054              273.4932250976562500
1830.2904              272.9855957031250000
1830.3726              272.7119750976562500
1830.4575              272.6227416992187500
1830.5397              272.6591491699218750
1830.6246              272.6793212890625000
1830.7096              272.7244567871093750
1830.7917              272.7156982421875000
1830.8767              272.6154479980468750
1830.9589              272.8177185058593750
1831.0438              273.3589782714843750
1831.1288              273.5528564453125000
1831.2054              273.3519287109375000
1831.2904              272.9849548339843750
1831.3726              272.7294311523437500
1831.4575              272.5715942382812500
1831.5397              272.5000000000000000
1831.6246              272.5507507324218750
1831.7096              272.6692810058593750
1831.7917              272.6709289550781250
1831.8767              272.7045593261718750
1831.9589              272.8290100097656250
1832.0437              273.4591979980468750
1832.1284              273.8124084472656250
1832.2076              273.6099548339843750
1832.2924              273.2148437500000000
1832.3743              272.8140869140625000
1832.4590              272.6228942871093750
1832.5410              272.5001831054687500
1832.6257              272.5084228515625000
1832.7103              272.6604309082031250
1832.7924              272.7360229492187500
1832.8771              272.6265563964843750
1832.9590              272.7564086914062500
1833.0438              273.3530578613281250
1833.1288              273.7541503906250000
1833.2054              273.5815124511718750
1833.2904              273.1762084960937500
1833.3726              272.8290710449218750
1833.4575              272.5870361328125000
1833.5397              272.4769897460937500
1833.6246              272.4873046875000000
1833.7096              272.5136413574218750
1833.7917              272.6227722167968750
1833.8767              272.6793212890625000
1833.9589              272.7994384765625000
1834.0438              273.4982299804687500
1834.1288              273.7674865722656250
1834.2054              273.6223449707031250
1834.2904              273.2509460449218750
1834.3726              272.8873901367187500
1834.4575              272.6885681152343750
1834.5397              272.6968688964843750
1834.6246              272.6970825195312500
1834.7096              272.7341308593750000
1834.7917              272.6822814941406250
1834.8767              272.6126708984375000
1834.9589              272.8044433593750000
1835.0438              273.3548889160156250
1835.1288              273.7557983398437500
1835.2054              273.6537780761718750
1835.2904              273.1473693847656250
1835.3726              272.7715148925781250
1835.4575              272.6158752441406250
1835.5397              272.6017456054687500
1835.6246              272.6430053710937500
1835.7096              272.6594848632812500
1835.7917              272.6447448730468750
1835.8767              272.5864562988281250
1835.9589              272.5895996093750000
1836.0437              273.0725097656250000
1836.1284              273.2784118652343750
1836.2076              273.1606140136718750
1836.2924              272.8927612304687500
1836.3743              272.7076721191406250
1836.4590              272.6051025390625000
1836.5410              272.5297546386718750
1836.6257              272.5699768066406250
1836.7103              272.5836486816406250
1836.7924              272.5718078613281250
1836.8771              272.5462036132812500
1836.9590              272.9555053710937500
1837.0438              273.5755920410156250
1837.1288              273.8665771484375000
1837.2054              273.7268981933593750
1837.2904              273.2762451171875000
1837.3726              272.9064636230468750
1837.4575              272.7125854492187500
1837.5397              272.5970153808593750
1837.6246              272.5566711425781250
1837.7096              272.4540100097656250
1837.7917              272.4045715332031250
1837.8767              272.3998107910156250
1837.9589              272.5526733398437500
1838.0438              273.2212524414062500
1838.1288              273.5654602050781250
1838.2054              273.3250732421875000
1838.2904              272.8901062011718750
1838.3726              272.6138610839843750
1838.4575              272.4351196289062500
1838.5397              272.3116760253906250
1838.6246              272.2925109863281250
1838.7096              272.3073120117187500
1838.7917              272.4391784667968750
1838.8767              272.5243225097656250
1838.9589              272.6429443359375000
1839.0438              273.3536682128906250
1839.1288              273.7103576660156250
1839.2054              273.5653381347656250
1839.2904              273.1061401367187500
1839.3726              272.7967834472656250
1839.4575              272.6259155273437500
1839.5397              272.4923400878906250
1839.6246              272.3851318359375000
1839.7096              272.4006652832031250
1839.7917              272.4650573730468750
1839.8767              272.5122680664062500
1839.9589              272.6903991699218750
1840.0437              273.3341979980468750
1840.1284              273.7113037109375000
1840.2076              273.5827331542968750
1840.2924              273.1869201660156250
1840.3743              272.8447570800781250
1840.4590              272.5928649902343750
1840.5410              272.5208129882812500
1840.6257              272.5835266113281250
1840.7103              272.6869506835937500
1840.7924              272.6970520019531250
1840.8771              272.6691894531250000
1840.9590              272.9312744140625000
1841.0438              273.5223388671875000
1841.1288              273.8273010253906250
1841.2054              273.6914367675781250
1841.2904              273.1629943847656250
1841.3726              272.7981262207031250
1841.4575              272.5804138183593750
1841.5397              272.5613403320312500
1841.6246              272.6741638183593750
1841.7096              272.6299743652343750
1841.7917              272.6112060546875000
1841.8767              272.5360412597656250
1841.9589              272.8944702148437500
1842.0438              273.5092773437500000
1842.1288              273.7357788085937500
1842.2054              273.5534057617187500
1842.2904              273.3119201660156250
1842.3726              272.9664001464843750
1842.4575              272.7106933593750000
1842.5397              272.4937133789062500
1842.6246              272.4071960449218750
1842.7096              272.4363098144531250
1842.7917              272.4566345214843750
1842.8767              272.4768981933593750
1842.9589              273.0247802734375000
1843.0438              273.6463317871093750
1843.1288              273.9598388671875000
1843.2054              273.8011169433593750
1843.2904              273.2013549804687500
1843.3726              272.8080139160156250
1843.4575              272.6085510253906250
1843.5397              272.4405822753906250
1843.6246              272.3455505371093750
1843.7096              272.4700317382812500
1843.7917              272.5773925781250000
1843.8767              272.5591430664062500
1843.9589              273.1033630371093750
1844.0437              273.7179870605468750
1844.1284              274.0160217285156250
1844.2076              273.8092041015625000
1844.2924              273.3060302734375000
1844.3743              272.8980102539062500
1844.4590              272.5907287597656250
1844.5410              272.3785400390625000
1844.6257              272.2921142578125000
1844.7103              272.3219604492187500
1844.7924              272.4997253417968750
1844.8771              272.5557556152343750
1844.9590              272.6970825195312500
1845.0438              273.2925720214843750
1845.1288              273.6336669921875000
1845.2054              273.5125122070312500
1845.2904              273.1142272949218750
1845.3726              272.8027343750000000
1845.4575              272.5981445312500000
1845.5397              272.4376831054687500
1845.6246              272.4368896484375000
1845.7096              272.4660339355468750
1845.7917              272.4989013671875000
1845.8767              272.4333801269531250
1845.9589              272.3965759277343750
1846.0438              272.7173461914062500
1846.1288              273.1350708007812500
1846.2054              273.0705566406250000
1846.2904              272.7593994140625000
1846.3726              272.5227661132812500
1846.4575              272.3259887695312500
1846.5397              272.2896423339843750
1846.6246              272.2647705078125000
1846.7096              272.4599914550781250
1846.7917              272.4531555175781250
1846.8767              272.4217529296875000
1846.9589              272.7539062500000000
1847.0438              273.3097534179687500
1847.1288              273.7278747558593750
1847.2054              273.5416870117187500
1847.2904              273.0815734863281250
1847.3726              272.7536926269531250
1847.4575              272.5780334472656250
1847.5397              272.4797973632812500
1847.6246              272.4708557128906250
1847.7096              272.5138854980468750
1847.7917              272.5481567382812500
1847.8767              272.5541992187500000
1847.9589              272.7498779296875000
1848.0437              273.3110046386718750
1848.1284              273.7427673339843750
1848.2076              273.6022338867187500
1848.2924              273.1014404296875000
1848.3743              272.7997741699218750
1848.4590              272.5976867675781250
1848.5410              272.4630737304687500
1848.6257              272.5514831542968750
1848.7103              272.6110229492187500
1848.7924              272.5968627929687500
1848.8771              272.6213989257812500
1848.9590              272.9995117187500000
1849.0438              273.6603088378906250
1849.1288              274.0029296875000000
1849.2054              273.7873535156250000
1849.2904              273.1661071777343750
1849.3726              272.8290100097656250
1849.4575              272.6319274902343750
1849.5397              272.5736999511718750
1849.6246              272.6458129882812500
1849.7096              272.6713867187500000
1849.7917              272.6744689941406250
1849.8767              272.5925598144531250
1849.9589              272.9801635742187500
1850.0438              273.5889282226562500
1850.1288              273.8336181640625000
1850.2054              273.6454162597656250
1850.2904              273.1640625000000000
1850.3726              272.8067321777343750
1850.4575              272.5545959472656250
1850.5397              272.5001220703125000
1850.6246              272.5343933105468750
1850.7096              272.5599060058593750
1850.7917              272.5590515136718750
1850.8767              272.5527343750000000
1850.9589              272.8571472167968750
1851.0438              273.3388061523437500
1851.1288              273.7156372070312500
1851.2054              273.6123962402343750
1851.2904              273.1765136718750000
1851.3726              272.8230285644531250
1851.4575              272.6109313964843750
1851.5397              272.5494384765625000
1851.6246              272.5409240722656250
1851.7096              272.5517578125000000
1851.7917              272.6051635742187500
1851.8767              272.4884643554687500
1851.9589              272.7409362792968750
1852.0437              273.4076538085937500
1852.1284              273.6747741699218750
1852.2076              273.3912963867187500
1852.2924              272.9772644042968750
1852.3743              272.7070617675781250
1852.4590              272.6106262207031250
1852.5410              272.6178283691406250
1852.6257              272.6276245117187500
1852.7103              272.6107177734375000
1852.7924              272.5697631835937500
1852.8771              272.3504333496093750
1852.9590              272.5175170898437500
1853.0438              273.1588745117187500
1853.1288              273.4143981933593750
1853.2054              273.2302551269531250
1853.2904              272.8451232910156250
1853.3726              272.6512451171875000
1853.4575              272.5241088867187500
1853.5397              272.4728698730468750
1853.6246              272.5242004394531250
1853.7096              272.6939086914062500
1853.7917              272.7439880371093750
1853.8767              272.6392211914062500
1853.9589              272.9013977050781250
1854.0438              273.5559387207031250
1854.1288              273.7722167968750000
1854.2054              273.6305847167968750
1854.2904              273.0752868652343750
1854.3726              272.7127685546875000
1854.4575              272.4782714843750000
1854.5397              272.3898315429687500
1854.6246              272.4257202148437500
1854.7096              272.5793762207031250
1854.7917              272.6854553222656250
1854.8767              272.6675415039062500
1854.9589              273.0702514648437500
1855.0438              273.5508422851562500
1855.1288              273.7820739746093750
1855.2054              273.6614379882812500
1855.2904              273.2117919921875000
1855.3726              272.7738037109375000
1855.4575              272.5743713378906250
1855.5397              272.5484313964843750
1855.6246              272.7101135253906250
1855.7096              272.6853027343750000
1855.7917              272.6143798828125000
1855.8767              272.5099792480468750
1855.9589              272.8818969726562500
1856.0437              273.4401550292968750
1856.1284              273.7024841308593750
1856.2076              273.5399475097656250
1856.2924              273.1307067871093750
1856.3743              272.7848205566406250
1856.4590              272.6083984375000000
1856.5410              272.5174560546875000
1856.6257              272.4274291992187500
1856.7103              272.3654174804687500
1856.7924              272.4297485351562500
1856.8771              272.5926818847656250
1856.9590              272.7941284179687500
1857.0438              273.5303955078125000
1857.1288              273.9057312011718750
1857.2054              273.6402282714843750
1857.2904              273.0371704101562500
1857.3726              272.7337646484375000
1857.4575              272.5225524902343750
1857.5397              272.3433532714843750
1857.6246              272.2089233398437500
1857.7096              272.1716003417968750
1857.7917              272.2107849121093750
1857.8767              272.2284240722656250
1857.9589              272.4060974121093750
1858.0438              273.1231384277343750
1858.1288              273.4201660156250000
1858.2054              273.3577270507812500
1858.2904              272.9962768554687500
1858.3726              272.7127075195312500
1858.4575              272.5394287109375000
1858.5397              272.4940185546875000
1858.6246              272.5622253417968750
1858.7096              272.5968627929687500
1858.7917              272.5571899414062500
1858.8767              272.4986877441406250
1858.9589              272.7825622558593750
1859.0438              273.3550109863281250
1859.1288              273.6386108398437500
1859.2054              273.4497375488281250
1859.2904              272.9652709960937500
1859.3726              272.7002868652343750
1859.4575              272.5370178222656250
1859.5397              272.5221557617187500
1859.6246              272.5871276855468750
1859.7096              272.6151428222656250
1859.7917              272.6561889648437500
1859.8767              272.6018066406250000
1859.9589              272.9523010253906250
1860.0437              273.5992431640625000
1860.1284              273.8638916015625000
1860.2076              273.5663757324218750
1860.2924              273.1316833496093750
1860.3743              272.7849121093750000
1860.4590              272.5646362304687500
1860.5410              272.3965759277343750
1860.6257              272.5338745117187500
1860.7103              272.6401672363281250
1860.7924              272.6254272460937500
1860.8771              272.5487060546875000
1860.9590              272.7533264160156250
