1859.9589              271.6534118652343750
1860.0437              272.2682495117187500
1860.1284              272.8018493652343750
1860.2076              272.5869445800781250
1860.2924              271.7889404296875000
1860.3743              271.3898010253906250
1860.4590              271.3672790527343750
1860.5410              271.4247436523437500
1860.6257              271.4079284667968750
1860.7103              271.4299926757812500
1860.7924              271.4198608398437500
1860.8771              271.4374084472656250
1860.9590              271.6242370605468750
1861.0438              272.2646179199218750
1861.1288              272.6971740722656250
1861.2054              272.3361816406250000
1861.2904              271.5946044921875000
1861.3726              271.3616638183593750
1861.4575              271.3669433593750000
1861.5397              271.4382019042968750
1861.6246              271.4767456054687500
1861.7096              271.4440917968750000
1861.7917              271.4190673828125000
1861.8767              271.4962158203125000
1861.9589              271.8560180664062500
1862.0438              272.6385498046875000
1862.1288              273.0303039550781250
1862.2054              273.0396728515625000
1862.2904              272.5750427246093750
1862.3726              271.6823425292968750
1862.4575              271.3572387695312500
1862.5397              271.3645324707031250
1862.6246              271.4016723632812500
1862.7096              271.4417724609375000
1862.7917              271.4211730957031250
1862.8767              271.4735107421875000
1862.9589              271.7083129882812500
1863.0438              272.6726074218750000
1863.1288              273.2515563964843750
1863.2054              272.9632873535156250
1863.2904              272.4863891601562500
1863.3726              271.5639343261718750
1863.4575              271.3740844726562500
1863.5397              271.3686523437500000
1863.6246              271.4161376953125000
1863.7096              271.4387207031250000
1863.7917              271.4779663085937500
1863.8767              271.6029968261718750
1863.9589              272.0643615722656250
1864.0437              272.8826904296875000
1864.1284              273.1974487304687500
1864.2076              273.0394287109375000
1864.2924              272.4631042480468750
1864.3743              271.6265869140625000
1864.4590              271.3666076660156250
1864.5410              271.3820800781250000
1864.6257              271.4159240722656250
1864.7103              271.4704895019531250
1864.7924              271.4216918945312500
1864.8771              271.4324645996093750
1864.9590              271.6333923339843750
1865.0438              272.3207397460937500
1865.1288              272.7936096191406250
1865.2054              272.4866333007812500
1865.2904              272.0383911132812500
1865.3726              271.5680236816406250
1865.4575              271.4323120117187500
1865.5397              271.5172424316406250
1865.6246              271.4892272949218750
1865.7096              271.4447631835937500
1865.7917              271.4241333007812500
1865.8767              271.5188293457031250
1865.9589              271.8937683105468750
1866.0438              272.7929992675781250
1866.1288              273.3233642578125000
1866.2054              273.1899414062500000
1866.2904              272.5776672363281250
1866.3726              271.4697570800781250
1866.4575              271.3695678710937500
1866.5397              271.4017333984375000
1866.6246              271.4336853027343750
1866.7096              271.4732360839843750
1866.7917              271.4793701171875000
1866.8767              271.4812011718750000
1866.9589              271.7752380371093750
1867.0438              272.5283203125000000
1867.1288              272.8734436035156250
1867.2054              272.6859130859375000
1867.2904              272.1945800781250000
1867.3726              271.4505310058593750
1867.4575              271.3853759765625000
1867.5397              271.4493103027343750
1867.6246              271.4388427734375000
1867.7096              271.4453735351562500
1867.7917              271.4335937500000000
1867.8767              271.5339660644531250
1867.9589              271.7570190429687500
1868.0437              272.5003356933593750
1868.1284              272.9306030273437500
1868.2076              272.6933288574218750
1868.2924              272.0873413085937500
1868.3743              271.4655151367187500
1868.4590              271.3775329589843750
1868.5410              271.4065856933593750
1868.6257              271.4472045898437500
1868.7103              271.4384155273437500
1868.7924              271.4084167480468750
1868.8771              271.5175781250000000
1868.9590              271.8410949707031250
1869.0438              272.4866943359375000
1869.1288              272.7518005371093750
1869.2054              272.3662414550781250
1869.2904              271.7201232910156250
1869.3726              271.4255981445312500
1869.4575              271.4587097167968750
1869.5397              271.4813232421875000
1869.6246              271.4554748535156250
1869.7096              271.4154968261718750
1869.7917              271.4006347656250000
1869.8767              271.4159240722656250
1869.9589              271.5656433105468750
1870.0438              272.3235473632812500
1870.1288              272.9285583496093750
1870.2054              272.6271057128906250
1870.2904              272.0029296875000000
1870.3726              271.3894042968750000
1870.4575              271.3757324218750000
1870.5397              271.4460144042968750
1870.6246              271.4365234375000000
1870.7096              271.4335327148437500
1870.7917              271.4253234863281250
1870.8767              271.4400329589843750
1870.9589              271.6210021972656250
1871.0438              272.3984375000000000
1871.1288              272.9024047851562500
1871.2054              272.6816101074218750
1871.2904              271.8790588378906250
1871.3726              271.4611206054687500
1871.4575              271.3754272460937500
1871.5397              271.3891906738281250
1871.6246              271.3986511230468750
1871.7096              271.4079284667968750
1871.7917              271.4491271972656250
1871.8767              271.5276184082031250
1871.9589              271.6709289550781250
1872.0437              272.1789855957031250
1872.1284              272.7790222167968750
1872.2076              272.6218872070312500
1872.2924              271.8564147949218750
1872.3743              271.4340209960937500
1872.4590              271.3952026367187500
1872.5410              271.4299926757812500
1872.6257              271.4246215820312500
1872.7103              271.4372863769531250
1872.7924              271.4063110351562500
1872.8771              271.4473266601562500
1872.9590              271.5450744628906250
1873.0438              271.9719848632812500
1873.1288              272.5947875976562500
1873.2054              272.4136657714843750
1873.2904              271.6130981445312500
1873.3726              271.3771972656250000
1873.4575              271.4556579589843750
1873.5397              271.4798583984375000
1873.6246              271.4274902343750000
1873.7096              271.4200439453125000
1873.7917              271.4317016601562500
1873.8767              271.4798278808593750
1873.9589              271.6819763183593750
1874.0438              272.4149475097656250
1874.1288              272.8680725097656250
1874.2054              272.8876037597656250
1874.2904              272.1542358398437500
1874.3726              271.3836975097656250
1874.4575              271.3620910644531250
1874.5397              271.3865661621093750
1874.6246              271.4263610839843750
1874.7096              271.4459228515625000
1874.7917              271.3987121582031250
1874.8767              271.4031982421875000
1874.9589              271.5422668457031250
1875.0438              271.9125061035156250
1875.1288              272.4206848144531250
1875.2054              272.1588134765625000
1875.2904              271.4663391113281250
1875.3726              271.3888854980468750
1875.4575              271.4497985839843750
1875.5397              271.4626159667968750
1875.6246              271.5765991210937500
1875.7096              271.4224853515625000
1875.7917              271.3950500488281250
1875.8767              271.4643554687500000
1875.9589              271.6741333007812500
1876.0437              272.3880920410156250
1876.1284              272.9071655273437500
1876.2076              272.9281005859375000
1876.2924              272.3110046386718750
1876.3743              271.5061340332031250
1876.4590              271.4283447265625000
1876.5410              271.4023742675781250
1876.6257              271.5137329101562500
1876.7103              271.4285583496093750
1876.7924              271.4080505371093750
1876.8771              271.4667358398437500
1876.9590              271.7002563476562500
1877.0438              272.3764343261718750
1877.1288              272.9219360351562500
1877.2054              272.9661865234375000
1877.2904              272.4851379394531250
1877.3726              272.0418701171875000
1877.4575              271.4940795898437500
1877.5397              271.3668212890625000
1877.6246              271.4099426269531250
1877.7096              271.4491882324218750
1877.7917              271.5656433105468750
1877.8767              271.5629577636718750
1877.9589              271.7031860351562500
1878.0438              272.2865295410156250
1878.1288              272.6102294921875000
1878.2054              272.6117858886718750
1878.2904              271.9974365234375000
1878.3726              271.4595947265625000
1878.4575              271.3835449218750000
1878.5397              271.4248046875000000
1878.6246              271.4572448730468750
1878.7096              271.4636230468750000
1878.7917              271.4137878417968750
1878.8767              271.4281005859375000
1878.9589              271.6163330078125000
1879.0438              272.3345947265625000
1879.1288              272.9367370605468750
1879.2054              272.9955139160156250
1879.2904              272.4882202148437500
1879.3726              271.6095886230468750
1879.4575              271.4002685546875000
1879.5397              271.5089721679687500
1879.6246              271.6730957031250000
1879.7096              271.6037902832031250
1879.7917              271.4315490722656250
1879.8767              271.5397033691406250
1879.9589              271.7327575683593750
1880.0437              272.2125549316406250
1880.1284              272.6338195800781250
1880.2076              272.5545654296875000
1880.2924              271.8793945312500000
1880.3743              271.4335327148437500
1880.4590              271.4220275878906250
1880.5410              271.4360046386718750
1880.6257              271.4733886718750000
1880.7103              271.4261779785156250
1880.7924              271.4197082519531250
1880.8771              271.4748229980468750
1880.9590              271.7750244140625000
1881.0438              272.6491699218750000
1881.1288              273.1333923339843750
1881.2054              273.1626281738281250
1881.2904              272.7170410156250000
1881.3726              271.6717529296875000
1881.4575              271.3870239257812500
1881.5397              271.4340209960937500
1881.6246              271.4868774414062500
1881.7096              271.4440002441406250
1881.7917              271.4173889160156250
1881.8767              271.5563354492187500
1881.9589              271.9233703613281250
1882.0438              272.8345031738281250
1882.1288              273.3290405273437500
1882.2054              273.3944702148437500
1882.2904              272.8269653320312500
1882.3726              271.7854919433593750
1882.4575              271.3822631835937500
1882.5397              271.4364929199218750
1882.6246              271.4761352539062500
1882.7096              271.5463562011718750
1882.7917              271.4805603027343750
1882.8767              271.5914001464843750
1882.9589              271.8886413574218750
1883.0438              272.7652587890625000
1883.1288              273.2477111816406250
1883.2054              272.9794616699218750
1883.2904              272.2046508789062500
1883.3726              271.4307861328125000
1883.4575              271.4361572265625000
1883.5397              271.5287170410156250
1883.6246              271.6153259277343750
1883.7096              271.4574584960937500
1883.7917              271.4429321289062500
1883.8767              271.5099182128906250
1883.9589              271.8321838378906250
1884.0437              272.6450500488281250
1884.1284              273.1236267089843750
1884.2076              272.9409179687500000
1884.2924              272.3820495605468750
1884.3743              271.5990600585937500
1884.4590              271.3658142089843750
1884.5410              271.3885192871093750
1884.6257              271.4358825683593750
1884.7103              271.4317932128906250
1884.7924              271.4317321777343750
1884.8771              271.5372924804687500
1884.9590              271.9964599609375000
1885.0438              272.9520568847656250
1885.1288              273.1612243652343750
1885.2054              272.8626708984375000
1885.2904              272.0357971191406250
1885.3726              271.4131774902343750
1885.4575              271.4123840332031250
1885.5397              271.4935302734375000
1885.6246              271.4432678222656250
1885.7096              271.4663696289062500
1885.7917              271.4351806640625000
1885.8767              271.4480285644531250
1885.9589              271.7156066894531250
1886.0438              272.4568481445312500
1886.1288              272.9519042968750000
1886.2054              272.5394897460937500
1886.2904              271.7512817382812500
1886.3726              271.3807067871093750
1886.4575              271.4548034667968750
1886.5397              271.4788818359375000
1886.6246              271.4283752441406250
1886.7096              271.4602355957031250
1886.7917              271.4493713378906250
1886.8767              271.5988769531250000
1886.9589              271.9368896484375000
1887.0438              272.8551025390625000
1887.1288              273.1572875976562500
1887.2054              273.1028747558593750
1887.2904              272.6262512207031250
1887.3726              271.8117065429687500
1887.4575              271.4053649902343750
1887.5397              271.4295043945312500
1887.6246              271.5245361328125000
1887.7096              271.5556640625000000
1887.7917              271.4740905761718750
1887.8767              271.5497741699218750
1887.9589              271.8331604003906250
1888.0437              272.6072692871093750
1888.1284              272.9280090332031250
1888.2076              272.8190612792968750
1888.2924              272.3332214355468750
1888.3743              271.6662292480468750
1888.4590              271.3863525390625000
1888.5410              271.4407348632812500
1888.6257              271.4826965332031250
1888.7103              271.4408569335937500
1888.7924              271.4527587890625000
1888.8771              271.5184326171875000
1888.9590              271.6307373046875000
1889.0438              272.0912475585937500
1889.1288              272.7477111816406250
1889.2054              272.3650512695312500
1889.2904              271.6318969726562500
1889.3726              271.5893554687500000
1889.4575              271.5058288574218750
1889.5397              271.4267272949218750
1889.6246              271.4824218750000000
1889.7096              271.4692077636718750
1889.7917              271.4717712402343750
1889.8767              271.5552062988281250
1889.9589              271.9544372558593750
1890.0438              272.7994079589843750
1890.1288              273.1461791992187500
1890.2054              272.9998779296875000
1890.2904              272.1765441894531250
1890.3726              271.3963623046875000
1890.4575              271.3938903808593750
1890.5397              271.4151000976562500
1890.6246              271.4754638671875000
1890.7096              271.4307556152343750
1890.7917              271.3910217285156250
1890.8767              271.4348449707031250
1890.9589              271.5305786132812500
1891.0438              271.7560729980468750
1891.1288              272.2566528320312500
1891.2054              272.3050842285156250
1891.2904              271.7015686035156250
1891.3726              271.5458068847656250
1891.4575              271.4721679687500000
1891.5397              271.4050292968750000
1891.6246              271.4394531250000000
1891.7096              271.4350280761718750
1891.7917              271.4214477539062500
1891.8767              271.5029296875000000
1891.9589              271.7265930175781250
1892.0437              272.5644531250000000
1892.1284              273.1017456054687500
1892.2076              272.7790222167968750
1892.2924              272.3023681640625000
1892.3743              271.5096740722656250
1892.4590              271.3970642089843750
1892.5410              271.3790588378906250
1892.6257              271.4444885253906250
1892.7103              271.4316101074218750
1892.7924              271.4078979492187500
1892.8771              271.4306640625000000
1892.9590              271.6617736816406250
1893.0438              272.4023742675781250
1893.1288              273.0783691406250000
1893.2054              272.9262084960937500
1893.2904              271.8820190429687500
1893.3726              271.3565063476562500
1893.4575              271.3569641113281250
1893.5397              271.3809509277343750
1893.6246              271.3861083984375000
1893.7096              271.3813171386718750
1893.7917              271.3687744140625000
1893.8767              271.4071655273437500
1893.9589              271.6683654785156250
1894.0438              272.4153747558593750
1894.1288              272.8641052246093750
1894.2054              272.9301757812500000
1894.2904              271.9837951660156250
1894.3726              271.3542480468750000
1894.4575              271.3627929687500000
1894.5397              271.3765869140625000
1894.6246              271.4156188964843750
1894.7096              271.4577636718750000
1894.7917              271.4194641113281250
1894.8767              271.4511413574218750
1894.9589              271.6300354003906250
1895.0438              272.3952636718750000
1895.1288              272.9491577148437500
1895.2054              272.7569885253906250
1895.2904              271.9278869628906250
1895.3726              271.3597412109375000
1895.4575              271.3670959472656250
1895.5397              271.3945007324218750
1895.6246              271.4338073730468750
1895.7096              271.4113159179687500
1895.7917              271.4190673828125000
1895.8767              271.4520874023437500
1895.9589              271.6168823242187500
1896.0437              272.2300415039062500
1896.1284              272.9237365722656250
1896.2076              272.5747375488281250
1896.2924              272.0101928710937500
1896.3743              271.4615173339843750
1896.4590              271.3788757324218750
1896.5410              271.3952331542968750
1896.6257              271.4237060546875000
1896.7103              271.4313049316406250
1896.7924              271.4086914062500000
1896.8771              271.4641113281250000
1896.9590              271.7875366210937500
1897.0438              272.5583190917968750
1897.1288              273.0429687500000000
1897.2054              272.7020874023437500
1897.2904              271.9354858398437500
1897.3726              271.3973693847656250
1897.4575              271.4424438476562500
1897.5397              271.4466247558593750
1897.6246              271.4904479980468750
1897.7096              271.4511718750000000
1897.7917              271.4586181640625000
1897.8767              271.4818725585937500
1897.9589              271.7189331054687500
1898.0438              272.4813842773437500
1898.1288              272.9649353027343750
1898.2054              272.9044189453125000
1898.2904              271.9211730957031250
1898.3726              271.5138854980468750
1898.4575              271.3917236328125000
1898.5397              271.4228820800781250
1898.6246              271.4359741210937500
1898.7096              271.4327697753906250
1898.7917              271.4336547851562500
1898.8767              271.5039978027343750
1898.9589              271.7147521972656250
1899.0438              272.2940063476562500
1899.1288              272.8621215820312500
1899.2054              272.7884521484375000
1899.2904              272.0103454589843750
1899.3726              271.4683837890625000
1899.4575              271.3912048339843750
1899.5397              271.4100341796875000
1899.6246              271.4756164550781250
1899.7096              271.4776611328125000
1899.7917              271.4544677734375000
1899.8767              271.4857482910156250
1899.9589              271.6728820800781250
1900.0438              272.1585998535156250
1900.1288              272.7233886718750000
1900.2054              272.5701904296875000
1900.2904              272.0159606933593750
1900.3726              271.8286743164062500
1900.4575              271.9110107421875000
1900.5397              271.7840270996093750
1900.6246              271.4930419921875000
1900.7096              271.4261779785156250
1900.7917              271.4033813476562500
1900.8767              271.5181884765625000
1900.9589              271.8145446777343750
1901.0438              272.5851440429687500
1901.1288              272.9873352050781250
1901.2054              272.7945861816406250
1901.2904              272.2131958007812500
1901.3726              271.7365722656250000
1901.4575              271.3744506835937500
1901.5397              271.4016723632812500
1901.6246              271.4305419921875000
1901.7096              271.4343566894531250
1901.7917              271.4388122558593750
1901.8767              271.4659423828125000
1901.9589              271.6232910156250000
1902.0438              272.0793457031250000
1902.1288              272.5655822753906250
1902.2054              272.5994873046875000
1902.2904              272.0136718750000000
1902.3726              271.5774230957031250
1902.4575              271.5122680664062500
1902.5397              271.4293212890625000
1902.6246              271.4104003906250000
1902.7096              271.4162597656250000
1902.7917              271.4173889160156250
1902.8767              271.4469909667968750
1902.9589              271.7264709472656250
1903.0438              272.5601806640625000
1903.1288              273.1662902832031250
1903.2054              272.9122924804687500
1903.2904              272.3296508789062500
1903.3726              271.4436645507812500
1903.4575              271.3871154785156250
1903.5397              271.4096374511718750
1903.6246              271.4695739746093750
1903.7096              271.4432678222656250
1903.7917              271.4513854980468750
1903.8767              271.4515686035156250
1903.9589              271.6306152343750000
1904.0437              272.2432556152343750
1904.1284              272.6078796386718750
1904.2076              272.3672180175781250
1904.2924              271.6171569824218750
1904.3743              271.3825378417968750
1904.4590              271.4093627929687500
1904.5410              271.4610595703125000
1904.6257              271.4603881835937500
1904.7103              271.4700317382812500
1904.7924              271.4241943359375000
1904.8771              271.4467468261718750
1904.9590              271.5517272949218750
1905.0438              271.6799011230468750
1905.1288              272.0028381347656250
1905.2054              271.9594421386718750
1905.2904              271.5712585449218750
1905.3726              271.5404052734375000
1905.4575              271.5124816894531250
1905.5397              271.4880676269531250
1905.6246              271.5569763183593750
1905.7096              271.5102233886718750
1905.7917              271.4214782714843750
1905.8767              271.5006713867187500
1905.9589              271.6610717773437500
1906.0438              272.0680236816406250
1906.1288              272.6875610351562500
1906.2054              272.6810302734375000
1906.2904              271.9795227050781250
1906.3726              271.4533386230468750
1906.4575              271.4108276367187500
1906.5397              271.4533081054687500
1906.6246              271.4844360351562500
1906.7096              271.4356079101562500
1906.7917              271.4221801757812500
1906.8767              271.4453735351562500
1906.9589              271.5767822265625000
1907.0438              272.0857238769531250
1907.1288              272.5139160156250000
1907.2054              272.4896240234375000
1907.2904              271.8538513183593750
1907.3726              271.4526672363281250
1907.4575              271.4152221679687500
1907.5397              271.3876037597656250
1907.6246              271.4134826660156250
1907.7096              271.4277343750000000
1907.7917              271.4299926757812500
1907.8767              271.4306335449218750
1907.9589              271.5236816406250000
1908.0437              271.9425964355468750
1908.1284              272.4508972167968750
1908.2076              272.1049804687500000
1908.2924              271.5913085937500000
1908.3743              271.6082763671875000
1908.4590              271.6566467285156250
1908.5410              271.6503295898437500
1908.6257              271.4836425781250000
1908.7103              271.4328308105468750
1908.7924              271.4165649414062500
1908.8771              271.4605712890625000
1908.9590              271.6921081542968750
1909.0438              272.4851379394531250
1909.1288              272.9163208007812500
1909.2054              272.6840820312500000
1909.2904              271.7566528320312500
1909.3726              271.5065307617187500
1909.4575              271.4427490234375000
1909.5397              271.4364624023437500
1909.6246              271.5006713867187500
1909.7096              271.4687194824218750
1909.7917              271.4382019042968750
1909.8767              271.4433593750000000
1909.9589              271.6214904785156250
1910.0438              272.3253173828125000
1910.1288              272.8827514648437500
1910.2054              272.8677978515625000
1910.2904              272.5188598632812500
1910.3726              271.4642333984375000
1910.4575              271.3627319335937500
1910.5397              271.3934631347656250
1910.6246              271.4613647460937500
1910.7096              271.4792480468750000
1910.7917              271.4627685546875000
1910.8767              271.4631042480468750
1910.9589              271.7201232910156250
1911.0438              272.4552001953125000
1911.1288              272.7380676269531250
1911.2054              272.5601196289062500
1911.2904              272.0615234375000000
1911.3726              271.3999633789062500
1911.4575              271.3644409179687500
1911.5397              271.3912963867187500
1911.6246              271.4222717285156250
1911.7096              271.4194335937500000
1911.7917              271.4308471679687500
1911.8767              271.4729003906250000
1911.9589              271.8881835937500000
1912.0437              272.7693176269531250
1912.1284              273.0728454589843750
1912.2076              272.8199462890625000
1912.2924              272.2516479492187500
1912.3743              271.4628601074218750
1912.4590              271.4341125488281250
1912.5410              271.4775390625000000
1912.6257              271.4319152832031250
1912.7103              271.4585266113281250
1912.7924              271.4148254394531250
1912.8771              271.4601745605468750
1912.9590              271.7107543945312500
1913.0438              272.4992675781250000
1913.1288              272.9147949218750000
1913.2054              272.5569763183593750
1913.2904              271.7526855468750000
1913.3726              271.4019775390625000
1913.4575              271.4400329589843750
1913.5397              271.4686584472656250
1913.6246              271.4714965820312500
1913.7096              271.4395446777343750
1913.7917              271.4189453125000000
1913.8767              271.4188537597656250
1913.9589              271.6048583984375000
1914.0438              272.2178649902343750
1914.1288              272.7734069824218750
1914.2054              272.5407104492187500
1914.2904              271.9440917968750000
1914.3726              271.5437927246093750
1914.4575              271.4511718750000000
1914.5397              271.4025573730468750
1914.6246              271.4254455566406250
1914.7096              271.4432678222656250
1914.7917              271.4465332031250000
1914.8767              271.5372924804687500
1914.9589              271.7400817871093750
1915.0438              272.4226379394531250
1915.1288              272.8466186523437500
1915.2054              272.6941223144531250
1915.2904              272.2210083007812500
1915.3726              271.4492797851562500
1915.4575              271.3734741210937500
1915.5397              271.3829650878906250
1915.6246              271.4090881347656250
1915.7096              271.4268798828125000
1915.7917              271.3983459472656250
1915.8767              271.4238586425781250
1915.9589              271.5952148437500000
1916.0437              272.2994995117187500
1916.1284              272.7194824218750000
1916.2076              272.6506042480468750
1916.2924              272.2575378417968750
1916.3743              271.7795104980468750
1916.4590              271.3734130859375000
1916.5410              271.3791198730468750
1916.6257              271.4040527343750000
1916.7103              271.4282836914062500
1916.7924              271.4348449707031250
1916.8771              271.4364318847656250
1916.9590              271.6324768066406250
1917.0438              272.3394775390625000
1917.1288              272.7214355468750000
1917.2054              272.6582031250000000
1917.2904              271.8479003906250000
1917.3726              271.3585510253906250
1917.4575              271.3638610839843750
1917.5397              271.4100952148437500
1917.6246              271.4236450195312500
1917.7096              271.3971252441406250
1917.7917              271.4255676269531250
1917.8767              271.4821777343750000
1917.9589              271.7156677246093750
1918.0438              272.3904113769531250
1918.1288              272.8286132812500000
1918.2054              272.3546142578125000
1918.2904              271.5552062988281250
1918.3726              271.4091186523437500
1918.4575              271.3741760253906250
1918.5397              271.3771972656250000
1918.6246              271.3851013183593750
1918.7096              271.3892211914062500
1918.7917              271.4108886718750000
1918.8767              271.4374084472656250
1918.9589              271.6245727539062500
1919.0438              272.2877197265625000
1919.1288              272.6906433105468750
1919.2054              272.6555175781250000
1919.2904              272.3005676269531250
1919.3726              271.4841003417968750
1919.4575              271.3586730957031250
1919.5397              271.3724060058593750
1919.6246              271.4109497070312500
1919.7096              271.4265441894531250
1919.7917              271.4067382812500000
1919.8767              271.4299621582031250
1919.9589              271.6398620605468750
1920.0437              272.2833862304687500
1920.1284              272.7354431152343750
1920.2076              272.5736694335937500
1920.2924              271.7481384277343750
1920.3743              271.4504394531250000
1920.4590              271.3850402832031250
1920.5410              271.3984069824218750
1920.6257              271.4194030761718750
1920.7103              271.4157104492187500
1920.7924              271.4067382812500000
1920.8771              271.4229431152343750
1920.9590              271.6101074218750000
1921.0438              272.3439941406250000
1921.1288              272.7001647949218750
1921.2054              272.3942871093750000
1921.2904              271.7135314941406250
1921.3726              271.3554077148437500
1921.4575              271.3718566894531250
1921.5397              271.4039611816406250
1921.6246              271.4279479980468750
1921.7096              271.3851318359375000
1921.7917              271.3785400390625000
1921.8767              271.4030761718750000
1921.9589              271.5246582031250000
1922.0438              272.1625366210937500
1922.1288              272.7817993164062500
1922.2054              272.5086059570312500
1922.2904              271.5851745605468750
1922.3726              271.3645935058593750
1922.4575              271.3685913085937500
1922.5397              271.3953552246093750
1922.6246              271.4148559570312500
1922.7096              271.4155273437500000
1922.7917              271.3840026855468750
1922.8767              271.3883666992187500
1922.9589              271.5674743652343750
1923.0438              272.1921691894531250
1923.1288              272.6650390625000000
1923.2054              272.7555236816406250
1923.2904              272.2962036132812500
1923.3726              271.5174560546875000
1923.4575              271.3950195312500000
1923.5397              271.4221191406250000
1923.6246              271.4483642578125000
1923.7096              271.4428405761718750
1923.7917              271.3945312500000000
1923.8767              271.4450988769531250
1923.9589              271.8199768066406250
1924.0437              272.5982055664062500
1924.1284              272.8551025390625000
1924.2076              272.7919006347656250
1924.2924              272.2633361816406250
1924.3743              271.4889526367187500
1924.4590              271.3859558105468750
1924.5410              271.4538574218750000
1924.6257              271.5437622070312500
1924.7103              271.4378051757812500
1924.7924              271.4248352050781250
1924.8771              271.4279785156250000
1924.9590              271.7096557617187500
1925.0438              272.5218505859375000
1925.1288              273.0080261230468750
1925.2054              272.8352050781250000
1925.2904              271.9252319335937500
1925.3726              271.5055847167968750
1925.4575              271.4818115234375000
1925.5397              271.3743896484375000
1925.6246              271.3862609863281250
1925.7096              271.4073181152343750
1925.7917              271.4054870605468750
1925.8767              271.4087219238281250
1925.9589              271.5175476074218750
1926.0438              272.1387329101562500
1926.1288              272.7592163085937500
1926.2054              272.3894042968750000
1926.2904              271.6629028320312500
1926.3726              271.4399414062500000
1926.4575**********************************
1926.5397              271.4081726074218750
1926.6246              271.4052734375000000
1926.7096              271.4349670410156250
1926.7917              271.4396667480468750
1926.8767              271.4876403808593750
1926.9589              271.8067932128906250
1927.0438              272.5036010742187500
1927.1288              272.8229675292968750
1927.2054              272.5447998046875000
1927.2904              271.8902893066406250
1927.3726              271.3703613281250000
1927.4575              271.3771362304687500
1927.5397              271.4200439453125000
1927.6246              271.4474792480468750
1927.7096              271.4379577636718750
1927.7917              271.4273681640625000
1927.8767              271.4620056152343750
1927.9589              271.7022399902343750
1928.0437              272.5798950195312500
1928.1284              273.0940246582031250
1928.2076              273.0373840332031250
1928.2924              272.3552856445312500
1928.3743              271.5316772460937500
1928.4590              271.3614501953125000
1928.5410              271.3651428222656250
1928.6257              271.4047546386718750
1928.7103              271.4081726074218750
1928.7924              271.4147338867187500
1928.8771              271.4931030273437500
1928.9590              271.7072448730468750
1929.0438              272.4710388183593750
1929.1288              272.9234924316406250
1929.2054              272.8204040527343750
1929.2904              271.9842834472656250
1929.3726              271.4082641601562500
1929.4575              271.3652038574218750
1929.5397              271.3712158203125000
1929.6246              271.3876647949218750
1929.7096              271.3843078613281250
1929.7917              271.3852539062500000
1929.8767              271.3887023925781250
1929.9589              271.5342407226562500
1930.0438              272.0826416015625000
1930.1288              272.6340332031250000
1930.2054              272.3570251464843750
1930.2904              271.8696899414062500
1930.3726              271.3856201171875000
1930.4575              271.3638610839843750
1930.5397              271.4144897460937500
1930.6246              271.3961486816406250
1930.7096              271.3923950195312500
1930.7917              271.3960571289062500
1930.8767              271.4744262695312500
1930.9589              271.7529602050781250
1931.0438              272.4684448242187500
1931.1288              272.8974914550781250
1931.2054              272.7849121093750000
1931.2904              272.1021118164062500
1931.3726              271.4795837402343750
1931.4575              271.3591003417968750
1931.5397              271.3709106445312500
1931.6246              271.3906860351562500
1931.7096              271.3854980468750000
1931.7917              271.4117736816406250
1931.8767              271.4234313964843750
1931.9589              271.6924438476562500
1932.0437              272.3988952636718750
1932.1284              273.0305480957031250
1932.2076              273.0033874511718750
1932.2924              272.3901367187500000
1932.3743              271.4770202636718750
1932.4590              271.3663940429687500
1932.5410              271.3752136230468750
1932.6257              271.3977966308593750
1932.7103              271.4233093261718750
1932.7924              271.4014282226562500
1932.8771              271.3992309570312500
1932.9590              271.5138549804687500
1933.0438              272.2194213867187500
1933.1288              272.8340148925781250
1933.2054              272.8408508300781250
1933.2904              272.2049865722656250
1933.3726              271.4942321777343750
1933.4575              271.3596801757812500
1933.5397              271.3890380859375000
1933.6246              271.4183044433593750
1933.7096              271.3834838867187500
1933.7917              271.3705444335937500
1933.8767              271.3981323242187500
1933.9589              271.5979003906250000
1934.0438              272.3100585937500000
1934.1288              272.8869934082031250
1934.2054              272.6432800292968750
1934.2904              271.6687011718750000
1934.3726              271.3651123046875000
1934.4575              271.3662719726562500
1934.5397              271.3686523437500000
1934.6246              271.3868408203125000
1934.7096              271.3756103515625000
1934.7917              271.3825378417968750
1934.8767              271.4604187011718750
1934.9589              271.8211364746093750
1935.0438              272.5216064453125000
1935.1288              272.8358154296875000
1935.2054              272.6766052246093750
1935.2904              272.0526733398437500
1935.3726              271.3916625976562500
1935.4575              271.3699645996093750
1935.5397              271.3801269531250000
1935.6246              271.4015197753906250
1935.7096              271.4337463378906250
1935.7917              271.3996582031250000
1935.8767              271.4218750000000000
1935.9589              271.5984191894531250
1936.0437              272.3516235351562500
1936.1284              272.7199707031250000
1936.2076              272.6853637695312500
1936.2924              272.3274841308593750
1936.3743              271.4739379882812500
1936.4590              271.3678588867187500
1936.5410              271.3772583007812500
1936.6257              271.3706665039062500
1936.7103              271.3923645019531250
1936.7924              271.4117736816406250
1936.8771              271.4049377441406250
1936.9590              271.4594116210937500
1937.0438              271.6579895019531250
1937.1288              272.1493835449218750
1937.2054              272.0914306640625000
1937.2904              271.5672912597656250
1937.3726              271.5032043457031250
1937.4575              271.3966674804687500
1937.5397              271.4041137695312500
1937.6246              271.4175109863281250
1937.7096              271.4531250000000000
1937.7917              271.4064941406250000
1937.8767              271.4508056640625000
1937.9589              271.6445312500000000
1938.0438              272.4887695312500000
1938.1288              272.8778076171875000
1938.2054              272.5848388671875000
1938.2904              271.7309265136718750
1938.3726              271.3706970214843750
1938.4575              271.3708801269531250
1938.5397              271.4009704589843750
1938.6246              271.4359741210937500
1938.7096              271.4229125976562500
1938.7917              271.4346923828125000
1938.8767              271.4489746093750000
1938.9589              271.6606750488281250
1939.0438              272.4723205566406250
1939.1288              273.0227355957031250
1939.2054              272.8946838378906250
1939.2904              272.0531005859375000
1939.3726              271.4085998535156250
1939.4575              271.3547363281250000
1939.5397              271.3622436523437500
1939.6246              271.3929138183593750
1939.7096              271.4010925292968750
1939.7917              271.4132080078125000
1939.8767              271.4018249511718750
1939.9589              271.6171875000000000
