2000.0437              274.4621276855468750
2000.1257              274.5658569335937500
2000.2076              274.0628051757812500
2000.2924              273.2775878906250000
2000.3743              272.4957885742187500
2000.4590              271.6328735351562500
2000.5410              271.7138671875000000
2000.6257              271.7721252441406250
2000.7103              271.7718811035156250
2000.7924              271.9270019531250000
2000.8771              272.6181945800781250
2000.9590              273.7250366210937500
2001.0438              274.3534240722656250
2001.1260              274.4936828613281250
2001.2054              274.0683288574218750
2001.2904              272.9835510253906250
2001.3726              272.1658020019531250
2001.4575              271.7817382812500000
2001.5397              271.7358703613281250
2001.6246              271.7968444824218750
2001.7096              271.7986755371093750
2001.7917              271.9387817382812500
2001.8767              272.7263793945312500
2001.9589              273.7046203613281250
2002.0438              274.3674316406250000
2002.1260              274.2243652343750000
2002.2054              273.7788391113281250
2002.2904              272.9152832031250000
2002.3726              272.1657104492187500
2002.4575              271.6146850585937500
2002.5397              271.7202758789062500
2002.6246              271.7925109863281250
2002.7096              271.7995910644531250
2002.7917              271.8840942382812500
2002.8767              272.7228088378906250
2002.9589              273.6269531250000000
2003.0438              274.3686523437500000
2003.1260              274.4551086425781250
2003.2054              274.1881103515625000
2003.2904              273.2972106933593750
2003.3726              272.3388977050781250
2003.4575              271.7239074707031250
2003.5397              271.7160339355468750
2003.6246              271.7860107421875000
2003.7096              271.7859191894531250
2003.7917              271.9938659667968750
2003.8767              272.7142639160156250
2003.9589              273.7484130859375000
2004.0437              274.3465270996093750
2004.1257              274.4852600097656250
2004.2076              274.0437927246093750
2004.2924              273.2888488769531250
2004.3743              272.3980102539062500
2004.4590              271.8366699218750000
2004.5410              271.4761962890625000
2004.6257              271.8076477050781250
2004.7103              271.7940979003906250
2004.7924              271.8183288574218750
2004.8771              272.3153381347656250
2004.9590              273.3021850585937500
2005.0438              273.9559631347656250
2005.1260              273.9869384765625000
2005.2054              273.4367980957031250
2005.2904              272.7226867675781250
2005.3726              271.8478393554687500
2005.4575              271.5648498535156250
2005.5397              271.7028808593750000
2005.6246              271.7978515625000000
2005.7096              271.7848815917968750
2005.7917              271.9937133789062500
2005.8767              272.6652832031250000
2005.9589              273.6150512695312500
2006.0438              274.3150939941406250
2006.1260              274.6464843750000000
2006.2054              274.1700439453125000
2006.2904              273.5485534667968750
2006.3726              272.7616577148437500
2006.4575              271.9310607910156250
2006.5397              271.6938781738281250
2006.6246              271.7976379394531250
2006.7096              271.7974243164062500
2006.7917              271.9645080566406250
2006.8767              272.6629943847656250
2006.9589              273.7158508300781250
2007.0438              274.3964538574218750
2007.1260              274.6290893554687500
2007.2054              274.1415710449218750
2007.2904              273.4240112304687500
2007.3726              272.4494323730468750
2007.4575              271.8607177734375000
2007.5397              271.5753173828125000
2007.6246              271.8281555175781250
2007.7096              271.8255920410156250
2007.7917              271.9373474121093750
2007.8767              272.6614074707031250
2007.9589              273.4104919433593750
2008.0437              274.2720947265625000
2008.1257              274.4154052734375000
2008.2076              274.2149047851562500
2008.2924              273.2396240234375000
2008.3743              272.3048706054687500
2008.4590              271.7939147949218750
2008.5410              271.5562438964843750
2008.6257              271.8116760253906250
2008.7103              271.8068542480468750
2008.7924              271.9408569335937500
2008.8771              272.7459411621093750
2008.9590              273.6539611816406250
2009.0438              274.3754882812500000
2009.1260              274.5117797851562500
2009.2054              274.1910705566406250
2009.2904              273.4020996093750000
2009.3726              272.5635070800781250
2009.4575              271.9530334472656250
2009.5397              271.5776062011718750
2009.6246              271.8515319824218750
2009.7096              271.8482360839843750
2009.7917              271.9666442871093750
2009.8767              272.6831054687500000
2009.9589              273.7969665527343750
2010.0438              274.5136413574218750
2010.1260              274.5479736328125000
2010.2054              274.0471801757812500
2010.2904              273.2543334960937500
2010.3726              272.2680053710937500
2010.4575              271.7342529296875000
2010.5397              271.7552185058593750
2010.6246              271.8345336914062500
2010.7096              271.8332214355468750
2010.7917              271.9944152832031250
2010.8767              272.7971801757812500
2010.9589              273.6327819824218750
2011.0438              274.1587219238281250
2011.1260              274.3677062988281250
2011.2054              273.9080810546875000
2011.2904              273.1258544921875000
2011.3726              272.1952514648437500
2011.4575              271.7404479980468750
2011.5397              271.7280578613281250
2011.6246              271.8319702148437500
2011.7096              271.8239135742187500
2011.7917              271.9561157226562500
2011.8767              272.8469848632812500
2011.9589              273.7850952148437500
2012.0437              274.3518676757812500
2012.1257              274.2800292968750000
2012.2076              273.6817016601562500
2012.2924              272.8161926269531250
2012.3743              272.2546691894531250
2012.4590              271.7562866210937500
2012.5410              271.8267822265625000
2012.6257              271.8104858398437500
2012.7103              271.8146972656250000
2012.7924              271.9032592773437500
2012.8771              272.5992126464843750
2012.9590              273.7507934570312500
2013.0438              274.1815795898437500
2013.1260              274.1135253906250000
2013.2054              273.8383483886718750
2013.2904              273.1202392578125000
2013.3726              272.2840881347656250
2013.4575              271.5776062011718750
2013.5397              271.8125000000000000
2013.6246              271.7986755371093750
2013.7096              271.8061218261718750
2013.7917              271.9145812988281250
2013.8767              272.5878601074218750
2013.9589              273.6467895507812500
2014.0438              274.2407836914062500
2014.1260              274.1270446777343750
2014.2054              273.6655578613281250
2014.2904              273.0234985351562500
2014.3726              272.1159667968750000
2014.4575              271.6046752929687500
2014.5397              271.4154357910156250
2014.6246              271.8037414550781250
2014.7096              271.8000183105468750
2014.7917              271.9276733398437500
2014.8767              272.6683654785156250
2014.9589              273.6280822753906250
2015.0438              274.2298889160156250
2015.1260              274.3439636230468750
2015.2054              273.9697570800781250
2015.2904              273.0783386230468750
2015.3726              272.1830749511718750
2015.4575              271.6165466308593750
2015.5397              271.6819458007812500
2015.6246              271.7931213378906250
2015.7096              271.8032531738281250
2015.7917              271.8574218750000000
2015.8767              272.6205444335937500
2015.9589              273.6845397949218750
2016.0437              274.4489135742187500
2016.1257              274.4678039550781250
2016.2076              273.9837341308593750
2016.2924              273.1995849609375000
2016.3743              272.4520874023437500
2016.4590              271.9309997558593750
2016.5410              271.4693908691406250
2016.6257              271.6885070800781250
2016.7103              271.8173828125000000
2016.7924              271.9137268066406250
2016.8771              272.6352844238281250
2016.9590              273.5645446777343750
2017.0438              274.1017456054687500
2017.1260              274.4187011718750000
2017.2054              274.0873107910156250
2017.2904              273.1073303222656250
2017.3726              272.2668151855468750
2017.4575              271.7777709960937500
2017.5397              271.5023803710937500
2017.6246              271.8326416015625000
2017.7096              271.8226318359375000
2017.7917              271.9537048339843750
2017.8767              272.7034912109375000
2017.9589              273.6878051757812500
2018.0438              274.3433837890625000
2018.1260              274.4103088378906250
2018.2054              273.9779357910156250
2018.2904              273.5293884277343750
2018.3726              272.4880065917968750
2018.4575              271.8587341308593750
2018.5397              271.5328979492187500
2018.6246              271.8351135253906250
2018.7096              271.8323364257812500
2018.7917              271.9695129394531250
2018.8767              272.6725158691406250
2018.9589              273.5495300292968750
2019.0438              274.0052185058593750
2019.1260              274.2469787597656250
2019.2054              273.9922485351562500
2019.2904              273.0956420898437500
2019.3726              272.3389587402343750
2019.4575              271.5354919433593750
2019.5397              271.6654357910156250
2019.6246              271.7998657226562500
2019.7096              271.7982788085937500
2019.7917              271.9110412597656250
2019.8767              272.5297851562500000
2019.9589              273.6007080078125000
2020.0437              274.2651977539062500
2020.1257              274.4848022460937500
2020.2076              273.9779052734375000
2020.2924              273.1511535644531250
2020.3743              272.5152587890625000
2020.4590              271.8305358886718750
2020.5410              271.5202026367187500
2020.6257              271.8181152343750000
2020.7103              271.8116455078125000
2020.7924              272.0036010742187500
2020.8771              272.8797912597656250
2020.9590              273.6720581054687500
2021.0438              274.3813171386718750
2021.1260              274.0386657714843750
2021.2054              273.5885009765625000
2021.2904              272.8001098632812500
2021.3726              272.2826843261718750
2021.4575              271.5877685546875000
2021.5397              271.6792602539062500
2021.6246              271.8235778808593750
2021.7096              271.8194580078125000
2021.7917              272.0180358886718750
2021.8767              272.7727661132812500
2021.9589              273.5453491210937500
2022.0438              274.2273559570312500
2022.1260              274.4155578613281250
2022.2054              273.8490905761718750
2022.2904              273.3181457519531250
2022.3726              272.3203125000000000
2022.4575              271.7382812500000000
2022.5397              271.5740966796875000
2022.6246              271.8386535644531250
2022.7096              271.8349914550781250
2022.7917              271.9580383300781250
2022.8767              272.6828002929687500
2022.9589              273.4652099609375000
2023.0438              274.1253356933593750
2023.1260              274.3383178710937500
2023.2054              273.8653869628906250
2023.2904              273.0092163085937500
2023.3726              272.3605957031250000
2023.4575              271.7191467285156250
2023.5397              271.7539062500000000
2023.6246              271.8390197753906250
2023.7096              271.8325805664062500
2023.7917              271.9448547363281250
2023.8767              272.7098693847656250
2023.9589              273.7233886718750000
2024.0437              274.2438049316406250
2024.1257              274.2876281738281250
2024.2076              273.9322814941406250
2024.2924              272.9497070312500000
2024.3743              272.0522155761718750
2024.4590              271.7959594726562500
2024.5410              271.8510742187500000
2024.6257              271.8344421386718750
2024.7103              271.8262023925781250
2024.7924              271.9668579101562500
2024.8771              272.6571960449218750
2024.9590              273.7241210937500000
2025.0438              274.4857482910156250
2025.1260              274.5306091308593750
2025.2054              274.0943298339843750
2025.2904              273.1399841308593750
2025.3726              272.1854858398437500
2025.4575              271.6417846679687500
2025.5397              271.7588500976562500
2025.6246              271.8293151855468750
2025.7096              271.8226013183593750
2025.7917              271.9620056152343750
2025.8767              272.7551269531250000
2025.9589              273.4348449707031250
2026.0438              274.3255310058593750
2026.1260              274.4244995117187500
2026.2054              273.7453613281250000
2026.2904              272.8839416503906250
2026.3726              271.9312133789062500
2026.4575              271.6145629882812500
2026.5397              271.7620239257812500
2026.6246              271.8215026855468750
2026.7096              271.8168945312500000
2026.7917              271.8791198730468750
2026.8767              272.5494384765625000
2026.9589              273.4044799804687500
2027.0438              274.0399780273437500
2027.1260              274.0032043457031250
2027.2054              273.6038513183593750
2027.2904              272.9743652343750000
2027.3726              272.1663513183593750
2027.4575              271.7082214355468750
2027.5397              271.3831176757812500
2027.6246              271.8284606933593750
2027.7096              271.8252258300781250
2027.7917              271.8726501464843750
2027.8767              272.5336303710937500
2027.9589              273.3671569824218750
2028.0437              274.0012512207031250
2028.1257              274.0409851074218750
2028.2076              273.6998901367187500
2028.2924              272.9377136230468750
2028.3743              272.3828125000000000
2028.4590              271.7018432617187500
2028.5410              271.7204589843750000
2028.6257              271.8097229003906250
2028.7103              271.7867736816406250
2028.7924              271.8303222656250000
2028.8771              272.6232910156250000
2028.9590              273.5835571289062500
2029.0438              274.0843811035156250
2029.1260              274.2224731445312500
2029.2054              273.7172851562500000
2029.2904              272.8014831542968750
2029.3726              272.1785583496093750
2029.4575              271.6813049316406250
2029.5397              271.3871459960937500
2029.6246              271.7992553710937500
2029.7096              271.7939147949218750
2029.7917              271.7961120605468750
2029.8767              272.5957946777343750
2029.9589              273.5009765625000000
2030.0438              274.0042724609375000
2030.1260              274.0299987792968750
2030.2054              273.7496948242187500
2030.2904              273.0156860351562500
2030.3726              272.1294250488281250
2030.4575              271.6313476562500000
2030.5397              271.3002929687500000
2030.6246              271.7817077636718750
2030.7096              271.6362915039062500
2030.7917              271.7193908691406250
2030.8767              272.4278259277343750
2030.9589              273.1591491699218750
2031.0438              273.7271728515625000
2031.1260              273.7508850097656250
2031.2054              273.3274536132812500
2031.2904              272.4974975585937500
2031.3726              271.7032470703125000
2031.4575              271.5013122558593750
2031.5397              271.6235046386718750
2031.6246              271.7739868164062500
2031.7096              271.7700195312500000
2031.7917              271.8947753906250000
2031.8767              272.6583862304687500
2031.9589              273.9217224121093750
2032.0437              274.6511535644531250
2032.1257              274.6991271972656250
2032.2076              274.1425170898437500
2032.2924              273.1283569335937500
2032.3743              272.2917175292968750
2032.4590              271.7032165527343750
2032.5410              271.4244995117187500
2032.6257              271.3715209960937500
2032.7103              271.7731323242187500
2032.7924              271.7787170410156250
2032.8771              272.4537963867187500
2032.9590              273.3151855468750000
2033.0438              273.7986145019531250
2033.1260              273.9210510253906250
2033.2054              273.4998168945312500
2033.2904              272.8431701660156250
2033.3726              272.1177673339843750
2033.4575              271.5648498535156250
2033.5397              271.3561706542968750
2033.6246              271.6437683105468750
2033.7096              271.6957092285156250
2033.7917              271.9414672851562500
2033.8767              272.3294982910156250
2033.9589              273.3573913574218750
2034.0438              273.9795227050781250
2034.1260              274.3171691894531250
2034.2054              273.8708496093750000
2034.2904              273.0915527343750000
2034.3726              272.2255554199218750
2034.4575              271.6006774902343750
2034.5397              271.4264831542968750
2034.6246              271.6198425292968750
2034.7096              271.7040405273437500
2034.7917              271.7967529296875000
2034.8767              272.5914306640625000
2034.9589              273.7373657226562500
2035.0438              274.3626708984375000
2035.1260              274.4938964843750000
2035.2054              273.9710998535156250
2035.2904              273.0760803222656250
2035.3726              272.3229980468750000
2035.4575              271.8058471679687500
2035.5397              271.4185485839843750
2035.6246              271.8091735839843750
2035.7096              271.7583312988281250
2035.7917              271.8604431152343750
2035.8767              272.6019897460937500
2035.9589              273.4182739257812500
2036.0437              274.0667724609375000
2036.1257              274.1746215820312500
2036.2076              273.8525390625000000
2036.2924              272.9151000976562500
2036.3743              271.9859313964843750
2036.4590              271.5016784667968750
2036.5410              271.4963073730468750
2036.6257              271.8114929199218750
2036.7103              271.8087768554687500
2036.7924              271.8381042480468750
2036.8771              272.5251159667968750
2036.9590              273.3624572753906250
2037.0438              274.1917419433593750
2037.1260              274.3611145019531250
2037.2054              273.8541870117187500
2037.2904              272.9759826660156250
2037.3726              272.2919006347656250
2037.4575              271.6233825683593750
2037.5397              271.5188598632812500
2037.6246              271.7219238281250000
2037.7096              271.7403869628906250
2037.7917              271.8856811523437500
2037.8767              272.7124938964843750
2037.9589              273.6498413085937500
2038.0438              274.2303466796875000
2038.1260              274.2679748535156250
2038.2054              273.7848510742187500
2038.2904              272.9581909179687500
2038.3726              272.2688293457031250
2038.4575              271.8002624511718750
2038.5397              271.3981628417968750
2038.6246              271.6528015136718750
2038.7096              271.8103637695312500
2038.7917              271.9224243164062500
2038.8767              272.6827087402343750
2038.9589              273.4975280761718750
2039.0438              274.1451721191406250
2039.1260              274.2151184082031250
2039.2054              273.7319641113281250
2039.2904              272.8971557617187500
2039.3726              272.2758178710937500
2039.4575              271.6582946777343750
2039.5397              271.4101257324218750
2039.6246              271.6679077148437500
2039.7096              271.8142395019531250
2039.7917              271.8665161132812500
2039.8767              272.6002197265625000
2039.9589              273.6859130859375000
2040.0437              274.5070495605468750
2040.1257              274.4727478027343750
2040.2076              274.0504150390625000
2040.2924              273.1084594726562500
2040.3743              272.1344604492187500
2040.4590              271.6448059082031250
2040.5410              271.7167968750000000
2040.6257              271.8039245605468750
2040.7103              271.8020019531250000
2040.7924              271.9772338867187500
2040.8771              272.7860412597656250
2040.9590              273.4169006347656250
2041.0438              273.9431762695312500
2041.1260              273.8916931152343750
2041.2054              273.4482116699218750
2041.2904              272.6564331054687500
2041.3726              271.9593200683593750
2041.4575              271.6075439453125000
2041.5397              271.8146667480468750
2041.6246              271.7981262207031250
2041.7096              271.7961425781250000
2041.7917              271.8762207031250000
2041.8767              272.5213928222656250
2041.9589              273.3311157226562500
2042.0438              274.0287170410156250
2042.1260              274.1930847167968750
2042.2054              273.6163940429687500
2042.2904              272.9798583984375000
2042.3726              272.0998229980468750
2042.4575              271.6477050781250000
2042.5397              271.3296203613281250
2042.6246              271.4117431640625000
2042.7096              271.5049133300781250
2042.7917              271.7553100585937500
2042.8767              272.5707397460937500
2042.9589              273.5262756347656250
2043.0438              274.2878112792968750
2043.1260              274.2501831054687500
2043.2054              273.6750183105468750
2043.2904              272.8960571289062500
2043.3726              271.9867553710937500
2043.4575              271.4865722656250000
2043.5397              271.6396789550781250
2043.6246              271.4511718750000000
2043.7096              271.6927795410156250
2043.7917              271.8309020996093750
2043.8767              272.6618957519531250
2043.9589              273.7928466796875000
2044.0437              274.4369506835937500
2044.1257              274.6817626953125000
2044.2076              273.9936218261718750
2044.2924              273.0656127929687500
2044.3743              272.3416442871093750
2044.4590              271.7247009277343750
2044.5410              271.4140625000000000
2044.6257              271.3418273925781250
2044.7103              271.5453186035156250
2044.7924              271.7695007324218750
2044.8771              272.5737609863281250
2044.9590              273.6231384277343750
2045.0438              274.4323120117187500
2045.1260              274.5445556640625000
2045.2054              274.0409851074218750
2045.2904              273.2206115722656250
2045.3726              272.3318176269531250
2045.4575              271.7617492675781250
2045.5397              271.5113525390625000
2045.6246              271.2961425781250000
2045.7096              271.6911621093750000
2045.7917              271.8161010742187500
2045.8767              272.5349426269531250
2045.9589              273.6038208007812500
2046.0438              274.2911682128906250
2046.1260              274.3903198242187500
2046.2054              273.9866333007812500
2046.2904              273.0930480957031250
2046.3726              272.1833496093750000
2046.4575              271.5901489257812500
2046.5397              271.4425964355468750
2046.6246              271.8181762695312500
2046.7096              271.8227539062500000
2046.7917              271.9787902832031250
2046.8767              272.6890563964843750
2046.9589              273.5270690917968750
2047.0438              274.1192932128906250
2047.1260              274.2379455566406250
2047.2054              273.7719726562500000
2047.2904              273.2457580566406250
2047.3726              272.5413513183593750
2047.4575              271.7343444824218750
2047.5397              271.6966857910156250
2047.6246              271.8089294433593750
2047.7096              271.8034667968750000
2047.7917              271.8892517089843750
2047.8767              272.5895385742187500
2047.9589              273.4632873535156250
2048.0437              273.9602966308593750
2048.1257              273.9461975097656250
2048.2078              273.4750061035156250
2048.2922              272.7880249023437500
2048.3743              271.9167785644531250
2048.4590              271.5304565429687500
2048.5410              271.8137817382812500
2048.6257              271.8003234863281250
2048.7104              271.7903137207031250
2048.7922              271.9944763183593750
2048.8770              272.7618713378906250
2048.9590              273.7322692871093750
2049.0439              274.2540588378906250
2049.1260              274.4413757324218750
2049.2056              273.9796142578125000
2049.2905              273.0933837890625000
2049.3726              272.2339477539062500
2049.4575              271.6846313476562500
2049.5398              271.4971618652343750
2049.6248              271.8035583496093750
2049.7095              271.8001098632812500
2049.7917              271.9153137207031250
2049.8767              272.6388854980468750
2049.9590              273.3438720703125000
2050.0439              274.1319580078125000
2050.1260              274.2030334472656250
2050.2056              273.9119873046875000
2050.2905              273.0289306640625000
2050.3726              272.0390319824218750
2050.4575              271.7491455078125000
2050.5398              271.4711608886718750
2050.6248              271.8133239746093750
2050.7095              271.7485351562500000
2050.7917              271.8686523437500000
2050.8767              272.6771545410156250
2050.9590              273.5438232421875000
2051.0439              274.2402038574218750
2051.1260              274.3679504394531250
2051.2056              273.9528198242187500
2051.2905              272.9196472167968750
2051.3726              272.2053222656250000
2051.4575              271.7321472167968750
2051.5398              271.4509887695312500
2051.6248              271.7118835449218750
2051.7095              271.7507629394531250
2051.7917              272.1051635742187500
2051.8767              272.8800964355468750
2051.9590              273.9492187500000000
2052.0437              274.6134948730468750
2052.1257              274.9492797851562500
2052.2078              274.4122924804687500
2052.2922              273.6761169433593750
2052.3743              272.8410339355468750
2052.4590              272.0420837402343750
2052.5410              271.6109619140625000
2052.6257              271.7365112304687500
2052.7104              271.7712707519531250
2052.7922              271.9276123046875000
2052.8770              272.6665649414062500
2052.9590              273.6658935546875000
2053.0439              274.3105163574218750
2053.1260              274.4050903320312500
2053.2056              273.9973449707031250
2053.2905              273.1716613769531250
2053.3726              272.4627990722656250
2053.4575              271.8427124023437500
2053.5398              271.5511169433593750
2053.6248              271.7451171875000000
2053.7095              271.7784729003906250
2053.7917              272.0707397460937500
2053.8767              272.6151428222656250
2053.9590              273.2440185546875000
2054.0439              273.9115905761718750
2054.1260              274.0515747070312500
2054.2056              273.7632141113281250
2054.2905              273.1874084472656250
2054.3726              272.4940795898437500
2054.4575              271.8111267089843750
2054.5398              271.5430908203125000
2054.6248              271.4051208496093750
2054.7095              271.5034179687500000
2054.7917              271.8447875976562500
2054.8767              272.6399536132812500
2054.9590              273.4413757324218750
2055.0439              274.1808776855468750
2055.1260              274.1485290527343750
2055.2056              273.8127136230468750
2055.2905              272.9942016601562500
2055.3726              272.2672424316406250
2055.4575              271.6604614257812500
2055.5398              271.3126525878906250
2055.6248              271.7023315429687500
2055.7095              271.7513732910156250
2055.7917              271.7784118652343750
2055.8767              272.3842163085937500
2055.9590              273.3717651367187500
2056.0437              274.0651245117187500
2056.1257              274.0865173339843750
2056.2078              273.6524963378906250
2056.2922              272.8104858398437500
2056.3743              271.9576110839843750
2056.4590              271.5366821289062500
2056.5410              271.6989440917968750
2056.6257              271.8473510742187500
2056.7104              271.8466186523437500
2056.7922              271.9132995605468750
2056.8770              272.6916503906250000
2056.9590              273.6396789550781250
2057.0439              274.3678588867187500
2057.1260              274.5521545410156250
2057.2056              273.8818969726562500
2057.2905              273.2290649414062500
2057.3726              272.5465698242187500
2057.4575              271.6932067871093750
2057.5398              271.4414672851562500
2057.6248              271.7317810058593750
2057.7095              271.7675781250000000
2057.7917              271.9076843261718750
2057.8767              272.6808471679687500
2057.9590              273.8705749511718750
2058.0439              274.6375122070312500
2058.1260              274.8737792968750000
2058.2056              274.4827270507812500
2058.2905              273.6241455078125000
2058.3726              272.6612854003906250
2058.4575              271.9894409179687500
2058.5398              271.5767211914062500
2058.6248              271.4640197753906250
2058.7095              271.7690429687500000
2058.7917              271.9608459472656250
2058.8767              272.7287597656250000
2058.9590              273.8671264648437500
2059.0439              274.5167541503906250
2059.1260              274.7809448242187500
2059.2056              274.1439514160156250
2059.2905              273.5154418945312500
2059.3726              272.6146240234375000
2059.4575              271.8988647460937500
2059.5398              271.5118713378906250
2059.6248              271.4749450683593750
2059.7095              271.5333251953125000
2059.7917              271.8305358886718750
2059.8767              272.6823120117187500
2059.9590              273.7262268066406250
2060.0437              274.3370971679687500
2060.1257              274.4036865234375000
2060.2078              274.0493774414062500
2060.2922              273.1859436035156250
2060.3743              272.3651123046875000
2060.4590              271.8240356445312500
2060.5410              271.5678405761718750
2060.6257              271.4358215332031250
2060.7104              271.5433349609375000
2060.7922              271.7333984375000000
2060.8770              272.5344543457031250
2060.9590              273.3666076660156250
2061.0439              273.9883422851562500
2061.1260              274.1227722167968750
2061.2056              273.6293640136718750
2061.2905              272.8143920898437500
2061.3726              272.0167541503906250
2061.4575              271.6821289062500000
2061.5398              271.4578552246093750
2061.6248              271.8346252441406250
2061.7095              271.8704528808593750
2061.7917              271.9884948730468750
2061.8767              272.6907348632812500
2061.9590              273.4180297851562500
2062.0439              274.0576477050781250
2062.1260              274.2208251953125000
2062.2056              273.5894470214843750
2062.2905              273.0855102539062500
2062.3726              271.9317932128906250
2062.4575              271.6234130859375000
2062.5398              271.8591918945312500
2062.6248              271.8398742675781250
2062.7095              271.8369140625000000
2062.7917              271.9962768554687500
2062.8767              272.7866516113281250
2062.9590              273.7638244628906250
2063.0439              274.3241271972656250
2063.1260              274.2229919433593750
2063.2056              273.5838928222656250
2063.2905              272.9461975097656250
2063.3726              272.1292419433593750
2063.4575              271.7880859375000000
2063.5398              271.5144958496093750
2063.6248              271.7295227050781250
2063.7095              271.7644958496093750
2063.7917              271.8963012695312500
2063.8767              272.7230224609375000
2063.9590              273.4963378906250000
2064.0437              274.1481933593750000
2064.1257              274.3024291992187500
2064.2078              273.8034362792968750
2064.2922              273.3263244628906250
2064.3743              272.5884704589843750
2064.4590              271.9633483886718750
2064.5410              271.5622863769531250
2064.6257              271.4161376953125000
2064.7104              271.4998779296875000
2064.7922              271.8573913574218750
2064.8770              272.7619934082031250
2064.9590              273.6824340820312500
2065.0439              274.2835388183593750
2065.1260              274.2667846679687500
2065.2056              273.7934265136718750
2065.2905              273.1003112792968750
2065.3726              272.4154663085937500
2065.4575              271.6637878417968750
2065.5398              271.4664916992187500
2065.6248              271.3478088378906250
2065.7095              271.4880981445312500
2065.7917              271.7531127929687500
2065.8767              272.6288452148437500
2065.9590              273.4573669433593750
2066.0439              274.1855468750000000
2066.1260              274.2401123046875000
2066.2056              273.7012329101562500
2066.2905              273.0509338378906250
2066.3726              272.1209106445312500
2066.4575              271.7258911132812500
2066.5398              271.4009704589843750
2066.6248              271.3836669921875000
2066.7095              271.7198181152343750
2066.7917              271.9028320312500000
2066.8767              272.5141601562500000
2066.9590              273.6039123535156250
2067.0439              274.3855285644531250
2067.1260              274.6294250488281250
2067.2056              274.2364196777343750
2067.2905              273.4897155761718750
2067.3726              272.4767761230468750
2067.4575              271.7129211425781250
2067.5398              271.5125122070312500
2067.6248              271.3916015625000000
2067.7095              271.7723388671875000
2067.7917              271.8316345214843750
2067.8767              272.6087646484375000
2067.9590              273.6125793457031250
2068.0437              274.1367492675781250
2068.1257              274.0745239257812500
2068.2078              273.6098022460937500
2068.2922              272.9448242187500000
2068.3743              272.3578796386718750
2068.4590              271.7841491699218750
2068.5410              271.4108276367187500
2068.6257              271.3886413574218750
2068.7104              271.4448852539062500
2068.7922              271.7735290527343750
2068.8770              272.5281066894531250
2068.9590              273.5787353515625000
2069.0439              274.1410217285156250
2069.1260              274.1150207519531250
2069.2056              273.6960754394531250
2069.2905              272.9904785156250000
2069.3726              272.2276000976562500
2069.4575              271.6135559082031250
2069.5398              271.3336181640625000
2069.6248              271.6806640625000000
2069.7095              271.8204345703125000
2069.7917              271.8651733398437500
2069.8767              272.6587524414062500
2069.9590              273.5137634277343750
2070.0439              274.0655212402343750
2070.1260              274.2298583984375000
2070.2056              273.8981018066406250
2070.2905              273.1504821777343750
2070.3726              272.2783203125000000
2070.4575              271.5497131347656250
2070.5398              271.3934631347656250
2070.6248              271.6331787109375000
2070.7095              271.6501464843750000
2070.7917              271.8533325195312500
2070.8767              272.5977172851562500
2070.9590              273.4590454101562500
2071.0439              274.2209472656250000
2071.1260              274.3013000488281250
2071.2056              273.9975280761718750
2071.2905              273.4833374023437500
2071.3726              272.4337158203125000
2071.4575              271.7038269042968750
2071.5398              271.3929748535156250
2071.6248              271.3391113281250000
2071.7095              271.5284423828125000
2071.7917              271.8089904785156250
2071.8767              272.5084838867187500
2071.9590              273.6911926269531250
2072.0437              274.4779663085937500
2072.1257              274.7683105468750000
2072.2078              274.3680114746093750
2072.2922              273.5995483398437500
2072.3743              272.5520019531250000
2072.4590              271.7682495117187500
2072.5410              271.3334655761718750
2072.6257              271.6972045898437500
2072.7104              271.7498779296875000
2072.7922              271.9006042480468750
2072.8770              272.8057250976562500
2072.9590              273.7306518554687500
2073.0439              274.4224548339843750
2073.1260              274.6642761230468750
2073.2056              274.3166503906250000
2073.2905              273.5343627929687500
2073.3726              272.6857604980468750
2073.4575              271.9539184570312500
2073.5398              271.6055908203125000
2073.6248              271.3116455078125000
2073.7095              271.4375305175781250
2073.7917              271.7220153808593750
2073.8767              272.6978759765625000
2073.9590              273.7259826660156250
2074.0439              274.2434387207031250
2074.1260              274.0758361816406250
2074.2056              273.5823974609375000
2074.2905              272.7891845703125000
2074.3726              271.9067993164062500
2074.4575              271.5106811523437500
2074.5398              271.3930358886718750
2074.6248              271.6815795898437500
2074.7095              271.7409667968750000
2074.7917              271.9055786132812500
2074.8767              272.5672302246093750
2074.9590              273.7001342773437500
2075.0439              274.2211303710937500
2075.1260              274.2916259765625000
2075.2056              273.9668884277343750
2075.2905              273.1022644042968750
2075.3726              272.2243347167968750
2075.4575              271.6248474121093750
2075.5398              271.3770751953125000
2075.6248              271.8093566894531250
2075.7095              271.7573242187500000
2075.7917              271.9346313476562500
2075.8767              272.7963256835937500
2075.9590              273.7733764648437500
2076.0437              274.0781555175781250
2076.1257              274.1234741210937500
2076.2078              273.6630554199218750
2076.2922              273.1283569335937500
2076.3743              272.2105712890625000
2076.4590              271.6396179199218750
2076.5410              271.4220886230468750
2076.6257              271.6772460937500000
2076.7104              271.7722167968750000
2076.7922              271.9958190917968750
2076.8770              272.7360839843750000
2076.9590              273.5489196777343750
2077.0439              274.0740051269531250
2077.1260              274.1081237792968750
2077.2056              273.8733825683593750
2077.2905              273.2053833007812500
2077.3726              272.5418701171875000
2077.4575              271.6505432128906250
2077.5398              271.3489990234375000
2077.6248              271.6560974121093750
2077.7095              271.7056579589843750
2077.7917              271.9855957031250000
2077.8767              272.7427062988281250
2077.9590              273.6138610839843750
2078.0439              274.1829223632812500
2078.1260              274.1546630859375000
2078.2056              273.7182006835937500
2078.2905              273.0825195312500000
2078.3726              272.4179687500000000
2078.4575              271.8123779296875000
2078.5398              271.4140319824218750
2078.6248              271.3301086425781250
2078.7095              271.3760070800781250
2078.7917              271.7272644042968750
2078.8767              272.6015625000000000
2078.9590              273.5967102050781250
2079.0439              274.0456237792968750
2079.1260              274.2574157714843750
2079.2056              273.9255371093750000
2079.2905              273.4067687988281250
2079.3726              272.4214172363281250
2079.4575              271.9057617187500000
2079.5398              271.3763122558593750
2079.6248              271.2955932617187500
2079.7095              271.3603210449218750
2079.7917              271.6432189941406250
2079.8767              272.3718566894531250
2079.9590              273.5461120605468750
2080.0437              274.1983032226562500
2080.1257              274.2102966308593750
2080.2078              273.8767395019531250
2080.2922              273.1257324218750000
2080.3743              272.3313903808593750
2080.4590              271.6882324218750000
2080.5410              271.4235534667968750
2080.6257              271.2991333007812500
2080.7104              271.3477172851562500
2080.7922              271.6793518066406250
2080.8770              272.5307922363281250
2080.9590              273.1775817871093750
2081.0439              274.0111389160156250
2081.1260              274.1252441406250000
2081.2056              273.8232727050781250
2081.2905              272.8587036132812500
2081.3726              272.0923156738281250
2081.4575              271.4964294433593750
2081.5398              271.3223571777343750
2081.6248              271.6972961425781250
2081.7095              271.6791381835937500
2081.7917              271.8650817871093750
2081.8767              272.6327209472656250
2081.9590              273.4305419921875000
2082.0439              273.9921875000000000
2082.1260              274.0838928222656250
2082.2056              273.7035522460937500
2082.2905              272.9554748535156250
2082.3726              272.2847900390625000
2082.4575              271.5208435058593750
2082.5398              271.3093872070312500
2082.6248              271.6697692871093750
2082.7095              271.8256530761718750
2082.7917              271.8711853027343750
2082.8767              272.7510986328125000
2082.9590              273.4843139648437500
2083.0439              274.0599060058593750
2083.1260              274.0590820312500000
2083.2056              273.7025146484375000
2083.2905              272.9265136718750000
2083.3726              272.1844177246093750
2083.4575              271.5896301269531250
2083.5398              271.4244689941406250
2083.6248              271.2868041992187500
2083.7095              271.4401550292968750
2083.7917              271.7848815917968750
2083.8767              272.5264282226562500
2083.9590              273.5421447753906250
2084.0437              274.3031005859375000
2084.1257              274.5627746582031250
2084.2078              274.0971679687500000
2084.2922              273.2901306152343750
2084.3743              272.3721923828125000
2084.4590              271.6629028320312500
2084.5410              271.3585815429687500
2084.6257              271.6545104980468750
2084.7104              271.7021179199218750
2084.7922              271.8382873535156250
2084.8770              272.6923828125000000
2084.9590              273.4987487792968750
2085.0439              274.0459899902343750
2085.1260              274.2691650390625000
2085.2056              273.7628479003906250
2085.2905              273.0231933593750000
2085.3726              272.0387268066406250
2085.4575              271.6279907226562500
2085.5398              271.3408203125000000
2085.6248              271.6719055175781250
2085.7095              271.7158203125000000
2085.7917              271.9080200195312500
2085.8767              272.5711669921875000
2085.9590              273.3410644531250000
2086.0439              273.9769592285156250
2086.1260              274.0474853515625000
2086.2056              273.6427001953125000
2086.2905              272.9227294921875000
2086.3726              272.1794738769531250
2086.4575              271.5418395996093750
2086.5398              271.3820190429687500
2086.6248              271.6647338867187500
2086.7095              271.8054504394531250
2086.7917              272.0033874511718750
2086.8767              272.8828735351562500
2086.9590              273.6416015625000000
2087.0439              274.3461608886718750
2087.1260              274.1697082519531250
2087.2056              273.7967529296875000
2087.2905              273.0547485351562500
2087.3726              272.3772888183593750
2087.4575              271.5263977050781250
2087.5398              271.3470458984375000
2087.6248              271.3232116699218750
2087.7095              271.7957763671875000
2087.7917              271.8037109375000000
2087.8767              272.4518432617187500
2087.9590              273.5002441406250000
2088.0437              273.9887084960937500
2088.1257              274.1622314453125000
2088.2078              273.7854614257812500
2088.2922              273.1368408203125000
2088.3743              272.4202270507812500
2088.4590              271.7821960449218750
2088.5410              271.4678344726562500
2088.6257              271.2847900390625000
2088.7104              271.4065856933593750
2088.7922              271.7283630371093750
2088.8770              272.4810485839843750
2088.9590              273.3170166015625000
2089.0439              274.0956420898437500
2089.1260              274.1582641601562500
2089.2056              273.7769165039062500
2089.2905              272.9907531738281250
2089.3726              272.0599975585937500
2089.4575              271.5347595214843750
2089.5398              271.3285217285156250
2089.6248              271.6507873535156250
2089.7095              271.5512084960937500
2089.7917              271.7448425292968750
2089.8767              272.5044860839843750
2089.9590              273.5597229003906250
2090.0439              274.1174926757812500
2090.1260              274.1948242187500000
2090.2056              273.8107910156250000
2090.2905              272.8994140625000000
2090.3726              272.0107116699218750
2090.4575              271.5970764160156250
2090.5398              271.3795166015625000
2090.6248              271.6869201660156250
2090.7095              271.7842102050781250
2090.7917              271.9323120117187500
2090.8767              272.6769714355468750
2090.9590              273.4217529296875000
2091.0439              273.9754028320312500
2091.1260              274.0409240722656250
2091.2056              273.6507568359375000
2091.2905              273.0033264160156250
2091.3726              272.2955017089843750
2091.4575              271.5370483398437500
2091.5398              271.6302185058593750
2091.6248              271.6718750000000000
2091.7095              271.6860656738281250
2091.7917              271.9189453125000000
2091.8767              272.5740966796875000
2091.9590              273.3967895507812500
2092.0437              274.1270446777343750
2092.1257              274.3845214843750000
2092.2078              273.7169494628906250
2092.2922              273.0063476562500000
2092.3743              272.5534973144531250
2092.4590              271.8697204589843750
2092.5410              271.3403930664062500
2092.6257              271.3118896484375000
2092.7104              271.3828125000000000
2092.7922              271.7641296386718750
2092.8770              272.5395507812500000
2092.9590              273.3425292968750000
2093.0439              274.2559509277343750
2093.1260              274.3841857910156250
2093.2056              273.9624633789062500
2093.2905              273.3116149902343750
2093.3726              272.4908752441406250
2093.4575              271.7326660156250000
2093.5398              271.4730834960937500
2093.6248              271.3031005859375000
2093.7095              271.3885192871093750
2093.7917              271.7955627441406250
2093.8767              272.6704406738281250
2093.9590              273.7208557128906250
2094.0439              274.5453491210937500
2094.1260              274.8629150390625000
2094.2056              274.4243469238281250
2094.2905              273.4917602539062500
2094.3726              272.7844238281250000
2094.4575              272.0025939941406250
2094.5398              271.6265258789062500
2094.6248              271.5384826660156250
2094.7095              271.4293212890625000
2094.7917              271.7752075195312500
2094.8767              272.7605590820312500
2094.9590              273.6709289550781250
2095.0439              274.2894287109375000
2095.1260              274.5169372558593750
2095.2056              274.0932617187500000
2095.2905              273.3620300292968750
2095.3726              272.5091857910156250
2095.4575              271.9736328125000000
2095.5398              271.5173339843750000
2095.6248              271.3043823242187500
2095.7095              271.4776306152343750
2095.7917              271.8480224609375000
2095.8767              272.6199645996093750
2095.9590              273.4166259765625000
2096.0437              274.0298156738281250
2096.1257              274.0706787109375000
2096.2078              273.5903930664062500
2096.2922              272.9427490234375000
2096.3743              272.2384338378906250
2096.4590              271.6856689453125000
2096.5410              271.5119934082031250
2096.6257              271.3190612792968750
2096.7104              271.3949279785156250
2096.7922              271.7430114746093750
2096.8770              272.5941772460937500
2096.9590              273.5245361328125000
2097.0439              273.9031677246093750
2097.1260              273.9398498535156250
2097.2056              273.5792236328125000
2097.2905              272.7638244628906250
2097.3726              272.0183715820312500
2097.4575              271.5790405273437500
2097.5398              271.2834167480468750
2097.6248              271.7183837890625000
2097.7095              271.7368164062500000
2097.7917              271.8010253906250000
2097.8767              272.6187133789062500
2097.9590              273.4797363281250000
2098.0439              274.0875549316406250
2098.1260              274.1717834472656250
2098.2056              273.7793884277343750
2098.2905              273.1687927246093750
2098.3726              272.2568054199218750
2098.4575              271.5900268554687500
2098.5398              271.3303833007812500
2098.6248              271.7124633789062500
2098.7095              271.7602233886718750
2098.7917              271.9233093261718750
2098.8767              272.6380310058593750
2098.9590              273.6015625000000000
2099.0439              274.0389709472656250
2099.1260              274.1776123046875000
2099.2056              273.7564392089843750
2099.2905              272.9190979003906250
2099.3726              271.8648071289062500
2099.4575              271.5506591796875000
2099.5398              271.7086791992187500
2099.6248              271.7332153320312500
2099.7095              271.7684020996093750
2099.7917              271.9465942382812500
2099.8767              272.7542419433593750
2099.9590              273.3276062011718750
