2001.0438              275.1953430175781250
2001.1260              275.6153564453125000
2001.2054              275.3602600097656250
2001.2904              274.7813415527343750
2001.3726              273.8325195312500000
2001.4575              272.8480529785156250
2001.5397              272.0873718261718750
2001.6246              271.9483032226562500
2001.7096              272.3111877441406250
2001.7917              272.7270507812500000
2001.8767              273.1615600585937500
2001.9589              274.1133117675781250
2002.0438              274.9789428710937500
2002.1260              275.3167419433593750
2002.2054              275.1844177246093750
2002.2904              274.4282836914062500
2002.3726              273.4684753417968750
2002.4575              272.6169433593750000
2002.5397              272.0253906250000000
2002.6246              272.6844787597656250
2002.7096              273.3269653320312500
2002.7917              273.4905395507812500
2002.8767              273.7481079101562500
2002.9589              274.5433959960937500
2003.0438              275.4081726074218750
2003.1260              275.7407836914062500
2003.2054              275.7369079589843750
2003.2904              275.1511230468750000
2003.3726              274.2611999511718750
2003.4575              273.4300231933593750
2003.5397              273.3483581542968750
2003.6246              273.5434265136718750
2003.7096              273.6278991699218750
2003.7917              273.6439819335937500
2003.8767              274.0184326171875000
2003.9589              274.8880920410156250
2004.0437              275.6270751953125000
2004.1257              275.9825744628906250
2004.2076              275.8480529785156250
2004.2924              275.1116333007812500
2004.3743              274.3192749023437500
2004.4590              273.3757019042968750
2004.5410              273.5015258789062500
2004.6257              273.5946044921875000
2004.7103              273.6101074218750000
2004.7924              273.6275024414062500
2004.8771              273.9276733398437500
2004.9590              274.6490478515625000
2005.0438              275.4011535644531250
2005.1260              275.9084777832031250
2005.2054              275.8460998535156250
2005.2904              275.1451721191406250
2005.3726              274.3979797363281250
2005.4575              273.2708129882812500
2005.5397              273.2762451171875000
2005.6246              273.3782653808593750
2005.7096              273.3888549804687500
2005.7917              273.1737060546875000
2005.8767              273.0926208496093750
2005.9589              273.7697143554687500
2006.0438              274.5190734863281250
2006.1260              274.9066467285156250
2006.2054              274.8943176269531250
2006.2904              274.3774414062500000
2006.3726              273.4700927734375000
2006.4575              272.3661193847656250
2006.5397              272.1122131347656250
2006.6246              271.9089355468750000
2006.7096              271.6013183593750000
2006.7917              271.4214172363281250
2006.8767              271.8951721191406250
2006.9589              273.1266784667968750
2007.0438              274.0333251953125000
2007.1260              274.6499938964843750
2007.2054              274.7975158691406250
2007.2904              274.2838134765625000
2007.3726              273.5652465820312500
2007.4575              272.6295776367187500
2007.5397              271.9364013671875000
2007.6246              271.4617614746093750
2007.7096              271.7184143066406250
2007.7917              271.9337768554687500
2007.8767              272.3981628417968750
2007.9589              273.3674926757812500
2008.0437              274.2619628906250000
2008.1257              274.9277343750000000
2008.2076              274.9510803222656250
2008.2924              274.3321838378906250
2008.3743              273.5563049316406250
2008.4590              272.6333618164062500
2008.5410              272.1224670410156250
2008.6257              271.8631286621093750
2008.7103              271.8392944335937500
2008.7924              271.8405456542968750
2008.8771              272.0839233398437500
2008.9590              273.0787658691406250
2009.0438              274.1635131835937500
2009.1260              274.7196350097656250
2009.2054              274.7192382812500000
2009.2904              274.1628417968750000
2009.3726              273.3457336425781250
2009.4575              272.4326782226562500
2009.5397              271.8936157226562500
2009.6246              271.7041625976562500
2009.7096              271.9764404296875000
2009.7917              272.9643859863281250
2009.8767              273.5628662109375000
2009.9589              274.3806457519531250
2010.0438              275.1046752929687500
2010.1260              275.5270690917968750
2010.2054              275.3671875000000000
2010.2904              274.5417785644531250
2010.3726              273.6996765136718750
2010.4575              272.8630371093750000
2010.5397              272.5973815917968750
2010.6246              272.8553161621093750
2010.7096              272.7737731933593750
2010.7917              272.8145751953125000
2010.8767              273.1454162597656250
2010.9589              273.9149780273437500
2011.0438              274.6953125000000000
2011.1260              275.1529235839843750
2011.2054              275.0662231445312500
2011.2904              274.2433166503906250
2011.3726              273.3641967773437500
2011.4575              272.5291442871093750
2011.5397              271.7967529296875000
2011.6246              271.7095947265625000
2011.7096              271.4450988769531250
2011.7917              271.3621215820312500
2011.8767              272.0584716796875000
2011.9589              273.2097167968750000
2012.0437              274.1535644531250000
2012.1257              274.7130432128906250
2012.2076              274.7047424316406250
2012.2924              274.1250915527343750
2012.3743              273.5020446777343750
2012.4590              272.6308593750000000
2012.5410              272.0472412109375000
2012.6257              271.7391357421875000
2012.7103              271.3889160156250000
2012.7924              271.5350341796875000
2012.8771              271.9808654785156250
2012.9590              273.1105346679687500
2013.0438              274.1542053222656250
2013.1260              274.7467041015625000
2013.2054              274.5973510742187500
2013.2904              274.1648559570312500
2013.3726              273.3943786621093750
2013.4575              272.3054199218750000
2013.5397              271.5092163085937500
2013.6246              271.3448791503906250
2013.7096              271.3306884765625000
2013.7917              272.5123901367187500
2013.8767              273.3665161132812500
2013.9589              274.3335876464843750
2014.0438              275.1010437011718750
2014.1260              275.4891967773437500
2014.2054              275.4145507812500000
2014.2904              274.7485961914062500
2014.3726              274.1578979492187500
2014.4575              273.1986999511718750
2014.5397              272.5166931152343750
2014.6246              272.9103393554687500
2014.7096              273.4764404296875000
2014.7917              273.5950012207031250
2014.8767              273.9265441894531250
2014.9589              274.6952514648437500
2015.0438              275.5252990722656250
2015.1260              275.9845886230468750
2015.2054              275.7742309570312500
2015.2904              275.1192321777343750
2015.3726              274.3828125000000000
2015.4575              273.5990600585937500
2015.5397              273.1272583007812500
2015.6246              273.2056274414062500
2015.7096              273.3048400878906250
2015.7917              273.3531188964843750
2015.8767              273.7973632812500000
2015.9589              274.7062377929687500
2016.0437              275.4423522949218750
2016.1257              275.7983398437500000
2016.2076              275.7617797851562500
2016.2924              275.1460571289062500
2016.3743              274.3338317871093750
2016.4590              273.6760253906250000
2016.5410              273.5308532714843750
2016.6257              273.4400634765625000
2016.7103              273.3240661621093750
2016.7924              273.3794860839843750
2016.8771              273.8431701660156250
2016.9590              274.7647094726562500
2017.0438              275.5345764160156250
2017.1260              275.8629150390625000
2017.2054              275.8121643066406250
2017.2904              275.1294250488281250
2017.3726              274.1004943847656250
2017.4575              273.6817016601562500
2017.5397              273.5075683593750000
2017.6246              273.3741149902343750
2017.7096              273.4258728027343750
2017.7917              273.4625244140625000
2017.8767              273.8857116699218750
2017.9589              274.7971191406250000
2018.0438              275.5952758789062500
2018.1260              275.7850646972656250
2018.2054              275.6255493164062500
2018.2904              274.8727722167968750
2018.3726              274.0335388183593750
2018.4575              273.1139221191406250
2018.5397              272.3587036132812500
2018.6246              272.0186462402343750
2018.7096              271.9606018066406250
2018.7917              271.6722717285156250
2018.8767              272.1739501953125000
2018.9589              273.2920227050781250
2019.0438              274.2770080566406250
2019.1260              274.7110290527343750
2019.2054              274.7944030761718750
2019.2904              274.1473083496093750
2019.3726              273.4418334960937500
2019.4575              272.5578613281250000
2019.5397              271.8727722167968750
2019.6246              271.4920349121093750
2019.7096              271.3971862792968750
2019.7917              271.4093322753906250
2019.8767              272.0838012695312500
2019.9589              273.1343688964843750
2020.0437              274.1309814453125000
2020.1257              274.7083129882812500
2020.2076              274.8122558593750000
2020.2924              274.2703552246093750
2020.3743              273.3500976562500000
2020.4590              272.4375915527343750
2020.5410              271.9160766601562500
2020.6257              271.8117980957031250
2020.7103              271.4678039550781250
2020.7924              271.4797058105468750
2020.8771              272.1535339355468750
2020.9590              273.3859863281250000
2021.0438              274.5421752929687500
2021.1260              275.1074218750000000
2021.2054              274.9588012695312500
2021.2904              274.1796264648437500
2021.3726              273.2909545898437500
2021.4575              272.3415527343750000
2021.5397              271.8436279296875000
2021.6246              271.8449096679687500
2021.7096              272.6633300781250000
2021.7917              272.8435363769531250
2021.8767              273.4811401367187500
2021.9589              274.4589233398437500
2022.0438              275.2429504394531250
2022.1260              275.6568298339843750
2022.2054              275.6719970703125000
2022.2904              274.9773864746093750
2022.3726              274.0234375000000000
2022.4575              273.3784484863281250
2022.5397              273.4095153808593750
2022.6246              273.4841308593750000
2022.7096              273.5704650878906250
2022.7917              273.6090087890625000
2022.8767              274.0635070800781250
2022.9589              274.9721679687500000
2023.0438              275.8266296386718750
2023.1260              276.1154174804687500
2023.2054              276.0262756347656250
2023.2904              275.4361572265625000
2023.3726              274.6904296875000000
2023.4575              273.9102478027343750
2023.5397              273.5069885253906250
2023.6246              273.4268188476562500
2023.7096              273.3429870605468750
2023.7917              273.4127807617187500
2023.8767              273.9120483398437500
2023.9589              274.8007812500000000
2024.0437              275.5807800292968750
2024.1257              276.0581359863281250
2024.2076              276.0710449218750000
2024.2924              275.3844299316406250
2024.3743              274.6544799804687500
2024.4590              273.8564453125000000
2024.5410              273.4952697753906250
2024.6257              273.4012145996093750
2024.7103              273.4025878906250000
2024.7924              273.5330505371093750
2024.8771              273.9007568359375000
2024.9590              274.7355957031250000
2025.0438              275.6288146972656250
2025.1260              276.0886535644531250
2025.2054              275.9597473144531250
2025.2904              275.3706970214843750
2025.3726              274.6071166992187500
2025.4575              273.8335571289062500
2025.5397              273.3563842773437500
2025.6246              273.3483276367187500
2025.7096              273.4505310058593750
2025.7917              273.5643005371093750
2025.8767              274.0076904296875000
2025.9589              274.8719177246093750
2026.0438              275.8383789062500000
2026.1260              276.2926330566406250
2026.2054              276.1074829101562500
2026.2904              275.4479370117187500
2026.3726              274.5104370117187500
2026.4575              273.8861694335937500
2026.5397              273.5683288574218750
2026.6246              273.4767761230468750
2026.7096              273.3840332031250000
2026.7917              273.4764099121093750
2026.8767              273.8989562988281250
2026.9589              274.7506408691406250
2027.0438              275.5475769042968750
2027.1260              275.8965148925781250
2027.2054              275.7977294921875000
2027.2904              275.1307983398437500
2027.3726              274.3527832031250000
2027.4575              273.5901489257812500
2027.5397              273.1472778320312500
2027.6246              272.7507019042968750
2027.7096              273.1065979003906250
2027.7917              272.9045410156250000
2027.8767              272.9267883300781250
2027.9589              273.9102783203125000
2028.0437              274.9132995605468750
2028.1257              275.3118286132812500
2028.2076              275.1575317382812500
2028.2924              274.3620910644531250
2028.3743              273.4961242675781250
2028.4590              272.5015563964843750
2028.5410              271.8934020996093750
2028.6257              271.3881530761718750
2028.7103              271.3309020996093750
2028.7924              271.6304931640625000
2028.8771              272.1972961425781250
2028.9590              273.2839660644531250
2029.0438              274.2905273437500000
2029.1260              274.8130493164062500
2029.2054              274.8787841796875000
2029.2904              274.2343139648437500
2029.3726              273.5310363769531250
2029.4575              272.6690979003906250
2029.5397              271.8105163574218750
2029.6246              271.5000305175781250
2029.7096              271.5947265625000000
2029.7917              271.7433471679687500
2029.8767              272.4592895507812500
2029.9589              273.5525207519531250
2030.0438              274.6029663085937500
2030.1260              275.1731872558593750
2030.2054              275.1773071289062500
2030.2904              274.5314941406250000
2030.3726              273.6775512695312500
2030.4575              272.7534484863281250
2030.5397              272.1460571289062500
2030.6246              271.9766235351562500
2030.7096              271.7824096679687500
2030.7917              271.8214111328125000
2030.8767              272.3644409179687500
2030.9589              273.3472595214843750
2031.0438              274.2037048339843750
2031.1260              274.7410583496093750
2031.2054              274.6988220214843750
2031.2904              274.0543212890625000
2031.3726              273.3846435546875000
2031.4575              272.7722473144531250
2031.5397              272.3626403808593750
2031.6246              272.6031188964843750
2031.7096              272.9314270019531250
2031.7917              273.1957397460937500
2031.8767              273.6033630371093750
2031.9589              274.3675231933593750
2032.0437              274.9180908203125000
2032.1257              275.3635253906250000
2032.2076              275.1614685058593750
2032.2924              274.5634460449218750
2032.3743              273.7013854980468750
2032.4590              272.7531433105468750
2032.5410              272.6322631835937500
2032.6257              272.8538513183593750
2032.7103              273.4375610351562500
2032.7924              273.5594787597656250
2032.8771              273.8864135742187500
2032.9590              274.7961425781250000
2033.0438              275.6401977539062500
2033.1260              276.0223083496093750
2033.2054              275.8988037109375000
2033.2904              275.1217956542968750
2033.3726              274.3450927734375000
2033.4575              273.4293518066406250
2033.5397              273.2904052734375000
2033.6246              273.6493835449218750
2033.7096              273.6853027343750000
2033.7917              273.6837158203125000
2033.8767              273.9358520507812500
2033.9589              274.8343811035156250
2034.0438              275.5937194824218750
2034.1260              276.0822448730468750
2034.2054              275.9104919433593750
2034.2904              275.2671813964843750
2034.3726              274.4699096679687500
2034.4575              273.6327209472656250
2034.5397              273.3870239257812500
2034.6246              273.3582763671875000
2034.7096              273.3922119140625000
2034.7917              273.5056152343750000
2034.8767              273.9755554199218750
2034.9589              274.8211975097656250
2035.0438              275.4991455078125000
2035.1260              275.8515319824218750
2035.2054              275.7627563476562500
2035.2904              275.2081298828125000
2035.3726              274.2992248535156250
2035.4575              273.4956665039062500
2035.5397              272.8627319335937500
2035.6246              273.1361389160156250
2035.7096              273.4651794433593750
2035.7917              273.5853881835937500
2035.8767              273.8025817871093750
2035.9589              274.3651733398437500
2036.0437              274.9822082519531250
2036.1257              275.4668273925781250
2036.2076              275.3975830078125000
2036.2924              274.8284912109375000
2036.3743              273.7144470214843750
2036.4590              272.7055969238281250
2036.5410              272.0754699707031250
2036.6257              271.9485168457031250
2036.7103              271.7316894531250000
2036.7924              271.5539245605468750
2036.8771              272.0780334472656250
2036.9590              273.2674255371093750
2037.0438              274.2984008789062500
2037.1260              274.8643493652343750
2037.2054              274.8857727050781250
2037.2904              274.2921142578125000
2037.3726              273.2735900878906250
2037.4575              272.4698486328125000
2037.5397              272.1954650878906250
2037.6246              272.0724487304687500
2037.7096              271.4507141113281250
2037.7917              271.5124511718750000
2037.8767              272.0991210937500000
2037.9589              273.2517700195312500
2038.0438              274.2423706054687500
2038.1260              274.7637634277343750
2038.2054              274.8766479492187500
2038.2904              274.2855224609375000
2038.3726              273.5093994140625000
2038.4575              272.6496887207031250
2038.5397              271.9526977539062500
2038.6246              271.7373046875000000
2038.7096              271.6485900878906250
2038.7917              271.5694274902343750
2038.8767              272.2016296386718750
2038.9589              273.3664550781250000
2039.0438              274.3513488769531250
2039.1260              274.9221801757812500
2039.2054              274.9806518554687500
2039.2904              274.5855407714843750
2039.3726              273.6758728027343750
2039.4575              272.9478149414062500
2039.5397              272.5165100097656250
2039.6246              271.6367797851562500
2039.7096              271.3288574218750000
2039.7917              271.4838256835937500
2039.8767              272.1455993652343750
2039.9589              273.2487792968750000
2040.0437              274.2839660644531250
2040.1257              274.9042358398437500
2040.2076              275.0221252441406250
2040.2924              274.4055175781250000
2040.3743              273.8143310546875000
2040.4590              273.0371398925781250
2040.5410              272.5756835937500000
2040.6257              272.2503967285156250
2040.7103              272.6521301269531250
2040.7924              273.0579223632812500
2040.8771              273.0812072753906250
2040.9590              273.8681030273437500
2041.0438              274.7325744628906250
2041.1260              275.1527404785156250
2041.2054              274.9831542968750000
2041.2904              274.3125610351562500
2041.3726              273.6896972656250000
2041.4575              273.0674743652343750
2041.5397              272.5255126953125000
2041.6246              272.1040649414062500
2041.7096              272.3588867187500000
2041.7917              272.9840087890625000
2041.8767              273.3353271484375000
2041.9589              274.1735839843750000
2042.0438              275.0192565917968750
2042.1260              275.6070861816406250
2042.2054              275.5607604980468750
2042.2904              274.8377075195312500
2042.3726              274.0470581054687500
2042.4575              273.3353576660156250
2042.5397              272.5138854980468750
2042.6246              273.0732116699218750
2042.7096              273.6952209472656250
2042.7917              273.8327026367187500
2042.8767              274.0882873535156250
2042.9589              274.7866210937500000
2043.0438              275.4829711914062500
2043.1260              275.8185729980468750
2043.2054              275.6868896484375000
2043.2904              275.2106628417968750
2043.3726              274.2069702148437500
2043.4575              273.2797546386718750
2043.5397              272.4123535156250000
2043.6246              272.3165893554687500
2043.7096              273.4631347656250000
2043.7917              273.5891723632812500
2043.8767              273.7692871093750000
2043.9589              274.4053955078125000
2044.0437              275.0729675292968750
2044.1257              275.4092712402343750
2044.2076              275.4349365234375000
2044.2924              274.8632507324218750
2044.3743              273.8844909667968750
2044.4590              272.9963684082031250
2044.5410              272.2429504394531250
2044.6257              271.6428833007812500
2044.7103              271.3556823730468750
2044.7924              271.4066772460937500
2044.8771              272.1249084472656250
2044.9590              273.1408386230468750
2045.0438              274.0700073242187500
2045.1260              274.4920043945312500
2045.2054              274.6779174804687500
2045.2904              273.9589233398437500
2045.3726              273.2419738769531250
2045.4575              272.5068664550781250
2045.5397              271.9262390136718750
2045.6246              271.4683532714843750
2045.7096              271.9140625000000000
2045.7917              271.9803771972656250
2045.8767              272.4103393554687500
2045.9589              273.5021972656250000
2046.0438              274.4464721679687500
2046.1260              275.0142211914062500
2046.2054              275.1196289062500000
2046.2904              274.4015502929687500
2046.3726              273.7401428222656250
2046.4575              272.9112548828125000
2046.5397              272.0682373046875000
2046.6246              271.6019897460937500
2046.7096              271.4562072753906250
2046.7917              271.7565307617187500
2046.8767              272.3339843750000000
2046.9589              273.4564514160156250
2047.0438              274.4123229980468750
2047.1260              274.9372863769531250
2047.2054              274.9535827636718750
2047.2904              274.3017578125000000
2047.3726              273.5104064941406250
2047.4575              272.7796020507812500
2047.5397              272.9000549316406250
2047.6246              273.6605529785156250
2047.7096              273.7697753906250000
2047.7917              273.8222351074218750
2047.8767              274.0514526367187500
2047.9589              274.7970886230468750
2048.0437              275.5297241210937500
2048.1257              275.9572448730468750
2048.2078              275.8099060058593750
2048.2922              275.1526489257812500
2048.3743              274.3792419433593750
2048.4590              273.4902648925781250
2048.5410              273.5272827148437500
2048.6257              273.6498413085937500
2048.7104              273.6872253417968750
2048.7922              273.7394714355468750
2048.8770              274.0987243652343750
2048.9590              274.8778076171875000
2049.0439              275.8085937500000000
2049.1260              276.3173828125000000
2049.2056              276.2112731933593750
2049.2905              275.4081726074218750
2049.3726              274.5160827636718750
2049.4575              273.9338989257812500
2049.5398              273.7492370605468750
2049.6248              273.5917663574218750
2049.7095              273.4962158203125000
2049.7917              273.5726318359375000
2049.8767              274.0692749023437500
2049.9590              274.9815673828125000
2050.0439              275.8538818359375000
2050.1260              276.2947387695312500
2050.2056              276.2104797363281250
2050.2905              275.6275024414062500
2050.3726              274.7571411132812500
2050.4575              273.9267578125000000
2050.5398              273.5998840332031250
2050.6248              273.5321655273437500
2050.7095              273.4407043457031250
2050.7917              273.5628051757812500
2050.8767              274.0032653808593750
2050.9590              274.8765258789062500
2051.0439              275.4915771484375000
2051.1260              275.7979736328125000
2051.2056              275.6222229003906250
2051.2905              274.9061279296875000
2051.3726              273.9682922363281250
2051.4575              273.0287170410156250
2051.5398              272.3502502441406250
2051.6248              272.0556945800781250
2051.7095              271.6561279296875000
2051.7917              271.5754394531250000
2051.8767              272.2064514160156250
2051.9590              273.3929748535156250
2052.0437              274.3735046386718750
2052.1257              274.9078369140625000
2052.2078              274.9446716308593750
2052.2922              274.4222106933593750
2052.3743              273.9032897949218750
2052.4590              272.9994506835937500
2052.5410              272.3011779785156250
2052.6257              271.9297180175781250
2052.7104              271.6685791015625000
2052.7922              271.6722106933593750
2052.8770              272.3222656250000000
2052.9590              273.5023498535156250
2053.0439              274.3473205566406250
2053.1260              274.6724853515625000
2053.2056              274.6994628906250000
2053.2905              274.2075195312500000
2053.3726              273.5293273925781250
2053.4575              272.7743530273437500
2053.5398              272.2063903808593750
2053.6248              271.9202575683593750
2053.7095              271.6611022949218750
2053.7917              271.5169067382812500
2053.8767              272.0533752441406250
2053.9590              273.1895751953125000
2054.0439              274.1972351074218750
2054.1260              274.7468261718750000
2054.2056              274.8645935058593750
2054.2905              274.1276245117187500
2054.3726              273.3477172851562500
2054.4575              272.8228149414062500
2054.5398              272.1074829101562500
2054.6248              271.8142089843750000
2054.7095              271.4226989746093750
2054.7917              271.4533386230468750
2054.8767              272.1163940429687500
2054.9590              273.2507019042968750
2055.0439              274.3715515136718750
2055.1260              274.9001159667968750
2055.2056              274.9124450683593750
2055.2905              274.3944091796875000
2055.3726              273.6276855468750000
2055.4575              272.8826599121093750
2055.5398              272.4840698242187500
2055.6248              272.2789916992187500
2055.7095              272.4986267089843750
2055.7917              273.4731750488281250
2055.8767              273.7221374511718750
2055.9590              274.4387207031250000
2056.0437              275.3570556640625000
2056.1257              275.7593688964843750
2056.2078              275.6979980468750000
2056.2922              274.8491210937500000
2056.3743              273.9237365722656250
2056.4590              273.4934692382812500
2056.5410              273.3703002929687500
2056.6257              273.5554504394531250
2056.7104              273.4483337402343750
2056.7922              273.5618896484375000
2056.8770              274.0296630859375000
2056.9590              274.8221740722656250
2057.0439              275.6712036132812500
2057.1260              275.9864501953125000
2057.2056              275.8451232910156250
2057.2905              275.0107116699218750
2057.3726              274.1355590820312500
2057.4575              273.5054321289062500
2057.5398              273.4364929199218750
2057.6248              273.4981079101562500
2057.7095              273.4601745605468750
2057.7917              273.6493835449218750
2057.8767              274.0643310546875000
2057.9590              275.0267028808593750
2058.0439              275.8176879882812500
2058.1260              276.2068481445312500
2058.2056              276.1693420410156250
2058.2905              275.4752197265625000
2058.3726              274.7213439941406250
2058.4575              273.8420715332031250
2058.5398              273.5232543945312500
2058.6248              273.5472717285156250
2058.7095              273.6337585449218750
2058.7917              273.7471008300781250
2058.8767              274.1348266601562500
2058.9590              275.0063171386718750
2059.0439              275.7066040039062500
2059.1260              276.1818847656250000
2059.2056              276.0415649414062500
2059.2905              275.3849487304687500
2059.3726              274.7600097656250000
2059.4575              273.9849548339843750
2059.5398              273.2508544921875000
2059.6248              272.7008666992187500
2059.7095              272.4293823242187500
2059.7917              272.4048156738281250
2059.8767              272.8676757812500000
2059.9590              273.8163146972656250
2060.0437              274.6038513183593750
2060.1257              275.0578308105468750
2060.2078              275.0647583007812500
2060.2922              274.5214538574218750
2060.3743              273.9097290039062500
2060.4590              273.1189575195312500
2060.5410              272.2476501464843750
2060.6257              271.5735778808593750
2060.7104              271.3523559570312500
2060.7922              271.3875732421875000
2060.8770              271.8659667968750000
2060.9590              272.9837036132812500
2061.0439              273.9588928222656250
2061.1260              274.5888977050781250
2061.2056              274.6804809570312500
2061.2905              274.0690002441406250
2061.3726              273.4461364746093750
2061.4575              272.9208068847656250
2061.5398              272.2792053222656250
2061.6248              271.5335083007812500
2061.7095              271.4243164062500000
2061.7917              271.8875427246093750
2061.8767              272.4567260742187500
2061.9590              273.4904479980468750
2062.0439              274.5407409667968750
2062.1260              275.0854797363281250
2062.2056              275.1364746093750000
2062.2905              274.6176147460937500
2062.3726              273.9297485351562500
2062.4575              273.0103149414062500
2062.5398              272.4324645996093750
2062.6248              272.5669860839843750
2062.7095              273.4033813476562500
2062.7917              273.5961914062500000
2062.8767              273.9859008789062500
2062.9590              274.8077087402343750
2063.0439              275.5694580078125000
2063.1260              275.9389343261718750
2063.2056              275.8297119140625000
2063.2905              275.0558166503906250
2063.3726              274.3459472656250000
2063.4575              273.6613464355468750
2063.5398              273.6186828613281250
2063.6248              273.7291564941406250
2063.7095              273.8392944335937500
2063.7917              273.9412231445312500
2063.8767              274.2995605468750000
2063.9590              275.1332092285156250
2064.0437              275.8246459960937500
2064.1257              276.2095031738281250
2064.2078              276.0774230957031250
2064.2922              275.3752136230468750
2064.3743              274.7561340332031250
2064.4590              274.0667114257812500
2064.5410              273.7535095214843750
2064.6257              273.6946105957031250
2064.7104              273.6391296386718750
2064.7922              273.7361755371093750
2064.8770              274.2056274414062500
2064.9590              275.0210266113281250
2065.0439              275.6674194335937500
2065.1260              275.9165344238281250
2065.2056              275.9584045410156250
2065.2905              275.4374694824218750
2065.3726              274.6951599121093750
2065.4575              274.0231323242187500
2065.5398              273.7809143066406250
2065.6248              273.7212219238281250
2065.7095              273.6478881835937500
2065.7917              273.7069396972656250
2065.8767              274.0704040527343750
2065.9590              274.9524841308593750
2066.0439              275.8334655761718750
2066.1260              276.2427978515625000
2066.2056              276.1820373535156250
2066.2905              275.3663330078125000
2066.3726              274.6256103515625000
2066.4575              273.7168884277343750
2066.5398              273.5729370117187500
2066.6248              273.6117553710937500
2066.7095              273.6486816406250000
2066.7917              273.7646789550781250
2066.8767              274.0963134765625000
2066.9590              274.9622802734375000
2067.0439              275.6894226074218750
2067.1260              276.0713195800781250
2067.2056              275.8569030761718750
2067.2905              275.1472778320312500
2067.3726              274.3679199218750000
2067.4575              273.5762939453125000
2067.5398              272.8680725097656250
2067.6248              272.6304016113281250
2067.7095              272.3962402343750000
2067.7917              272.2615966796875000
2067.8767              272.8571472167968750
2067.9590              273.7830505371093750
2068.0437              274.7276611328125000
2068.1257              275.3629150390625000
2068.2078              275.3508605957031250
2068.2922              274.7310180664062500
2068.3743              274.0952148437500000
2068.4590              273.5180358886718750
2068.5410              272.8761596679687500
2068.6257              272.3726806640625000
2068.7104              272.9822998046875000
2068.7922              273.4808349609375000
2068.8770              273.7605285644531250
2068.9590              274.3509521484375000
2069.0439              275.1215209960937500
2069.1260              275.5936584472656250
2069.2056              275.5923461914062500
2069.2905              275.0120544433593750
2069.3726              274.0557861328125000
2069.4575              273.4277343750000000
2069.5398              273.0489807128906250
2069.6248              273.4919738769531250
2069.7095              273.6560668945312500
2069.7917              273.7130737304687500
2069.8767              274.0467529296875000
2069.9590              274.8050842285156250
2070.0439              275.5250854492187500
2070.1260              275.8676147460937500
2070.2056              275.7648925781250000
2070.2905              275.3108520507812500
2070.3726              274.3752441406250000
2070.4575              273.4382934570312500
2070.5398              272.8673095703125000
2070.6248              273.4931030273437500
2070.7095              273.7566223144531250
2070.7917              273.8060913085937500
2070.8767              273.9371948242187500
2070.9590              274.6650695800781250
2071.0439              275.2858581542968750
2071.1260              275.6013488769531250
2071.2056              275.4993896484375000
2071.2905              274.8435058593750000
2071.3726              273.9375305175781250
2071.4575              273.2020263671875000
2071.5398              272.3369750976562500
2071.6248              271.6798095703125000
2071.7095              271.5424499511718750
2071.7917              272.6905517578125000
2071.8767              272.9555358886718750
2071.9590              273.8124084472656250
2072.0437              274.7663269042968750
2072.1257              275.2284545898437500
2072.2078              275.2011718750000000
2072.2922              274.6202087402343750
2072.3743              273.9062194824218750
2072.4590              273.1488647460937500
2072.5410              272.4223022460937500
2072.6257              272.3905334472656250
2072.7104              272.0943603515625000
2072.7922              272.2597045898437500
2072.8770              272.7688293457031250
2072.9590              273.7196960449218750
2073.0439              274.6100463867187500
2073.1260              275.2381286621093750
2073.2056              275.3635864257812500
2073.2905              274.6221618652343750
2073.3726              273.9531860351562500
2073.4575              273.3521118164062500
2073.5398              272.9830322265625000
2073.6248              273.2861022949218750
2073.7095              273.9390869140625000
2073.7917              273.9164733886718750
2073.8767              274.2895202636718750
2073.9590              275.0092163085937500
2074.0439              275.7235717773437500
2074.1260              276.1425476074218750
2074.2056              276.2377319335937500
2074.2905              275.5284729003906250
2074.3726              274.7768249511718750
2074.4575              273.9222412109375000
2074.5398              273.3425903320312500
2074.6248              273.8107299804687500
2074.7095              273.7985839843750000
2074.7917              273.8685302734375000
2074.8767              274.1622619628906250
2074.9590              274.7913513183593750
2075.0439              275.5880126953125000
2075.1260              275.9472656250000000
2075.2056              275.7937011718750000
2075.2905              275.2552795410156250
2075.3726              274.5587158203125000
2075.4575              273.8966064453125000
2075.5398              273.1047058105468750
2075.6248              272.5261840820312500
2075.7095              272.4440307617187500
2075.7917              272.5055847167968750
2075.8767              273.1082153320312500
2075.9590              274.1016235351562500
2076.0437              275.0357055664062500
2076.1257              275.5716247558593750
2076.2078              275.4935302734375000
2076.2922              274.6946716308593750
2076.3743              274.1047668457031250
2076.4590              273.3994445800781250
2076.5410              272.7133483886718750
2076.6257              272.3268127441406250
2076.7104              272.8131408691406250
2076.7922              273.8575439453125000
2076.8770              274.0598754882812500
2076.9590              274.7104797363281250
2077.0439              275.3390197753906250
2077.1260              275.7190246582031250
2077.2056              275.6434020996093750
2077.2905              274.8265075683593750
2077.3726              274.0549926757812500
2077.4575              273.2756958007812500
2077.5398              272.6907958984375000
2077.6248              273.1126403808593750
2077.7095              273.9751892089843750
2077.7917              274.0492553710937500
2077.8767              274.3401794433593750
2077.9590              274.9952087402343750
2078.0439              275.8425598144531250
2078.1260              276.2240600585937500
2078.2056              276.1039733886718750
2078.2905              275.4936218261718750
2078.3726              274.7637329101562500
2078.4575              273.9507446289062500
2078.5398              273.7298889160156250
2078.6248              273.8346252441406250
2078.7095              273.8280029296875000
2078.7917              273.9430847167968750
2078.8767              274.4003906250000000
2078.9590              275.2447814941406250
2079.0439              276.2239685058593750
2079.1260              276.8396301269531250
2079.2056              276.7634277343750000
2079.2905              275.9804992675781250
2079.3726              275.2711181640625000
2079.4575              274.3039245605468750
2079.5398              273.9573669433593750
2079.6248              273.8753051757812500
2079.7095              273.8133239746093750
2079.7917              273.8819885253906250
2079.8767              274.3522338867187500
2079.9590              275.1706848144531250
2080.0437              276.0366516113281250
2080.1257              276.4442749023437500
2080.2078              276.2950439453125000
2080.2922              275.8061218261718750
2080.3743              275.0717773437500000
2080.4590              274.2901916503906250
2080.5410              274.0026855468750000
2080.6257              273.9682006835937500
2080.7104              273.8839111328125000
2080.7922              273.9169921875000000
2080.8770              274.2995300292968750
2080.9590              275.1407165527343750
2081.0439              276.0281982421875000
2081.1260              276.5536193847656250
2081.2056              276.3696899414062500
2081.2905              275.5972900390625000
2081.3726              274.8300781250000000
2081.4575              274.1451110839843750
2081.5398              273.9614257812500000
2081.6248              273.8314819335937500
2081.7095              273.7221679687500000
2081.7917              273.7793579101562500
2081.8767              274.2049560546875000
2081.9590              275.0506896972656250
2082.0439              275.9936828613281250
2082.1260              276.5698547363281250
2082.2056              276.4518432617187500
2082.2905              275.8060302734375000
2082.3726              274.9074707031250000
2082.4575              274.1297607421875000
2082.5398              273.7890014648437500
2082.6248              273.7387695312500000
2082.7095              273.6756591796875000
2082.7917              273.7797546386718750
2082.8767              274.1482238769531250
2082.9590              274.8592529296875000
2083.0439              275.5274963378906250
2083.1260              275.8534240722656250
2083.2056              275.8549804687500000
2083.2905              275.0998229980468750
2083.3726              274.3158874511718750
2083.4575              273.4320678710937500
2083.5398              272.6979064941406250
2083.6248              272.3294982910156250
2083.7095              271.9626159667968750
2083.7917              271.8783569335937500
2083.8767              272.4442749023437500
2083.9590              273.4728393554687500
2084.0437              274.3924865722656250
2084.1257              274.9166564941406250
2084.2078              275.1477966308593750
2084.2922              274.4778747558593750
2084.3743              273.8918762207031250
2084.4590              273.4569396972656250
2084.5410              273.0930175781250000
2084.6257              272.9423522949218750
2084.7104              273.7430419921875000
2084.7922              273.9408264160156250
2084.8770              274.2276916503906250
2084.9590              274.9716796875000000
2085.0439              275.5895690917968750
2085.1260              276.0221862792968750
2085.2056              275.9338989257812500
2085.2905              275.2999267578125000
2085.3726              274.6506958007812500
2085.4575              273.9479370117187500
2085.5398              273.3357849121093750
2085.6248              273.5314636230468750
2085.7095              273.7123718261718750
2085.7917              273.8228149414062500
2085.8767              274.2469787597656250
2085.9590              274.9945068359375000
2086.0439              275.6840209960937500
2086.1260              276.0031127929687500
2086.2056              275.9880676269531250
2086.2905              275.2993164062500000
2086.3726              274.4654235839843750
2086.4575              273.5641784667968750
2086.5398              273.2397766113281250
2086.6248              273.6802673339843750
2086.7095              273.7362365722656250
2086.7917              273.7923583984375000
2086.8767              274.1335144042968750
2086.9590              274.8623352050781250
2087.0439              275.5052795410156250
2087.1260              276.0056457519531250
2087.2056              276.0451660156250000
2087.2905              275.2996826171875000
2087.3726              274.4944458007812500
2087.4575              273.7571105957031250
2087.5398              273.0916748046875000
2087.6248              273.0736694335937500
2087.7095              273.5837402343750000
2087.7917              273.7068176269531250
2087.8767              273.9613647460937500
2087.9590              274.6683959960937500
2088.0437              275.5133666992187500
2088.1257              275.9904479980468750
2088.2078              276.0549316406250000
2088.2922              275.4983520507812500
2088.3743              274.7506408691406250
2088.4590              273.7917785644531250
2088.5410              273.2549438476562500
2088.6257              273.7061767578125000
2088.7104              273.9046936035156250
2088.7922              273.9742431640625000
2088.8770              274.2719726562500000
2088.9590              274.9665832519531250
2089.0439              275.6895446777343750
2089.1260              276.1191711425781250
2089.2056              276.1167297363281250
2089.2905              275.4730834960937500
2089.3726              274.5882873535156250
2089.4575              273.6630859375000000
2089.5398              273.1838684082031250
2089.6248              273.1952209472656250
2089.7095              273.4854125976562500
2089.7917              273.7421875000000000
2089.8767              274.1872253417968750
2089.9590              274.9210510253906250
2090.0439              275.6883544921875000
2090.1260              276.0706481933593750
2090.2056              276.0028686523437500
2090.2905              275.3027648925781250
2090.3726              274.4751281738281250
2090.4575              273.8245849609375000
2090.5398              273.5046691894531250
2090.6248              273.7573242187500000
2090.7095              273.7425842285156250
2090.7917              273.7936096191406250
2090.8767              274.2123107910156250
2090.9590              275.0564575195312500
2091.0439              275.8195495605468750
2091.1260              276.2846374511718750
2091.2056              276.2689514160156250
2091.2905              275.5275878906250000
2091.3726              274.6065063476562500
2091.4575              273.9291381835937500
2091.5398              273.8652343750000000
2091.6248              273.8549804687500000
2091.7095              273.7619018554687500
2091.7917              273.8299255371093750
2091.8767              274.2424011230468750
2091.9590              275.1136169433593750
2092.0437              275.8716735839843750
2092.1257              276.1640014648437500
2092.2078              276.0608520507812500
2092.2922              275.4790344238281250
2092.3743              274.8224182128906250
2092.4590              274.0161743164062500
2092.5410              273.5877075195312500
2092.6257              273.5894470214843750
2092.7104              273.7091979980468750
2092.7922              273.8250122070312500
2092.8770              274.1996459960937500
2092.9590              275.0185546875000000
2093.0439              275.8133544921875000
2093.1260              276.2067871093750000
2093.2056              276.1157836914062500
2093.2905              275.3937072753906250
2093.3726              274.4398193359375000
2093.4575              273.7651672363281250
2093.5398              273.2215270996093750
2093.6248              272.8451232910156250
2093.7095              272.4674072265625000
2093.7917              272.5904541015625000
2093.8767              273.4353027343750000
2093.9590              274.4776000976562500
2094.0439              275.3514099121093750
2094.1260              275.8346557617187500
2094.2056              275.8819885253906250
2094.2905              275.2245178222656250
2094.3726              274.7743530273437500
2094.4575              273.8527526855468750
2094.5398              273.2319030761718750
2094.6248              272.9574279785156250
2094.7095              273.6653137207031250
2094.7917              273.8211975097656250
2094.8767              274.1603698730468750
2094.9590              274.8782348632812500
2095.0439              275.7175903320312500
2095.1260              276.1910400390625000
2095.2056              276.1503906250000000
2095.2905              275.4300842285156250
2095.3726              274.6606750488281250
2095.4575              273.8081665039062500
2095.5398              273.1127319335937500
2095.6248              273.5287475585937500
2095.7095              273.7319030761718750
2095.7917              273.8075256347656250
2095.8767              274.1531982421875000
2095.9590              274.8736267089843750
2096.0437              275.6187744140625000
2096.1257              275.8623352050781250
2096.2078              275.7890930175781250
2096.2922              275.1145019531250000
2096.3743              274.4299316406250000
2096.4590              273.5162658691406250
2096.5410              272.7608947753906250
2096.6257              272.4355468750000000
2096.7104              272.3044128417968750
2096.7922              272.6200866699218750
2096.8770              273.3526306152343750
2096.9590              274.4191284179687500
2097.0439              275.3728332519531250
2097.1260              275.8533630371093750
2097.2056              275.7912902832031250
2097.2905              275.1948242187500000
2097.3726              274.4954528808593750
2097.4575              273.6826782226562500
2097.5398              273.1427307128906250
2097.6248              273.4948120117187500
2097.7095              273.8000488281250000
2097.7917              273.9676208496093750
2097.8767              274.3995361328125000
2097.9590              275.1442565917968750
2098.0439              276.0795593261718750
2098.1260              276.4546203613281250
2098.2056              276.3628540039062500
2098.2905              275.7606811523437500
2098.3726              274.7862548828125000
2098.4575              274.1858825683593750
2098.5398              273.8315124511718750
2098.6248              273.9371643066406250
2098.7095              273.8755493164062500
2098.7917              273.9236450195312500
2098.8767              274.4051513671875000
2098.9590              275.1229553222656250
2099.0439              275.7646789550781250
2099.1260              276.1634521484375000
2099.2056              276.1449279785156250
2099.2905              275.5887756347656250
2099.3726              274.9326477050781250
2099.4575              274.1991271972656250
2099.5398              273.6990661621093750
2099.6248              273.7237548828125000
2099.7095              273.8655090332031250
2099.7917              273.9319458007812500
2099.8767              274.3918151855468750
2099.9590              275.3439941406250000
2100.0439              276.1603393554687500
2100.1260              276.4174804687500000
2100.2056              276.2698059082031250
2100.2905              275.6625061035156250
2100.3726              275.1459655761718750
2100.4575              274.3552551269531250
2100.5398              273.4161376953125000
2100.6248              273.4476623535156250
2100.7095              273.8184814453125000
2100.7917              273.9128723144531250
2100.8767              274.3181762695312500
2100.9590              275.2433166503906250
