2001.0438              273.2411193847656250
2001.1260              273.5949707031250000
2001.2054              273.6536254882812500
2001.2904              273.2562866210937500
2001.3726              272.7860412597656250
2001.4575              272.5795593261718750
2001.5397              272.5304565429687500
2001.6246              272.4850158691406250
2001.7096              272.5379333496093750
2001.7917              272.6242370605468750
2001.8767              272.7139587402343750
2001.9589              272.7917480468750000
2002.0438              273.0424499511718750
2002.1260              273.4132385253906250
2002.2054              273.4029235839843750
2002.2904              272.8529968261718750
2002.3726              272.5421752929687500
2002.4575              272.5982360839843750
2002.5397              272.5921325683593750
2002.6246              272.6074829101562500
2002.7096              272.6683349609375000
2002.7917              272.7513427734375000
2002.8767              272.8728637695312500
2002.9589              272.9691772460937500
2003.0438              273.3422546386718750
2003.1260              273.7712707519531250
2003.2054              273.7733764648437500
2003.2904              273.4721679687500000
2003.3726              272.9794921875000000
2003.4575              272.7494506835937500
2003.5397              272.7734069824218750
2003.6246              272.8276977539062500
2003.7096              272.8407287597656250
2003.7917              272.9080810546875000
2003.8767              272.9339599609375000
2003.9589              273.0504455566406250
2004.0437              273.6379699707031250
2004.1257              274.0114440917968750
2004.2076              273.8750915527343750
2004.2924              273.5249023437500000
2004.3743              272.9747009277343750
2004.4590              272.5405273437500000
2004.5410              272.2568664550781250
2004.6257              272.3191223144531250
2004.7103              272.4134826660156250
2004.7924              272.4662475585937500
2004.8771              272.5713195800781250
2004.9590              272.6291503906250000
2005.0438              273.1119384765625000
2005.1260              273.4924011230468750
2005.2054              273.4836730957031250
2005.2904              273.1486206054687500
2005.3726              272.8133850097656250
2005.4575              272.5871276855468750
2005.5397              272.5272827148437500
2005.6246              272.5473022460937500
2005.7096              272.6098022460937500
2005.7917              272.6313171386718750
2005.8767              272.7005920410156250
2005.9589              272.8131103515625000
2006.0438              273.1974792480468750
2006.1260              273.6310729980468750
2006.2054              273.6495971679687500
2006.2904              273.2275085449218750
2006.3726              272.8876647949218750
2006.4575              272.6738586425781250
2006.5397              272.5450439453125000
2006.6246              272.5356445312500000
2006.7096              272.6606750488281250
2006.7917              272.6616821289062500
2006.8767              272.7491760253906250
2006.9589              272.8750000000000000
2007.0438              273.4193725585937500
2007.1260              273.8763732910156250
2007.2054              273.8945007324218750
2007.2904              273.6070251464843750
2007.3726              273.3713989257812500
2007.4575              272.8842773437500000
2007.5397              272.7999877929687500
2007.6246              272.8084716796875000
2007.7096              272.8728637695312500
2007.7917              272.9132080078125000
2007.8767              272.9598999023437500
2007.9589              272.9693298339843750
2008.0437              273.2323303222656250
2008.1257              273.6356506347656250
2008.2076              273.7160644531250000
2008.2924              273.3427124023437500
2008.3743              272.9430236816406250
2008.4590              272.5115356445312500
2008.5410              272.3179931640625000
2008.6257              272.3506469726562500
2008.7103              272.4020690917968750
2008.7924              272.4877929687500000
2008.8771              272.5870666503906250
2008.9590              272.6751708984375000
2009.0438              273.0335083007812500
2009.1260              273.4762268066406250
2009.2054              273.5433654785156250
2009.2904              273.2078857421875000
2009.3726              272.9429321289062500
2009.4575              272.7196044921875000
2009.5397              272.7000122070312500
2009.6246              272.6292419433593750
2009.7096              272.7262878417968750
2009.7917              272.7893981933593750
2009.8767              272.8950805664062500
2009.9589              272.9209899902343750
2010.0438              273.1696777343750000
2010.1260              273.5811462402343750
2010.2054              273.5948791503906250
2010.2904              273.1480407714843750
2010.3726              272.8592834472656250
2010.4575              272.8240661621093750
2010.5397              272.7861328125000000
2010.6246              272.7118530273437500
2010.7096              272.8194885253906250
2010.7917              272.8948364257812500
2010.8767              272.9388427734375000
2010.9589              272.9827270507812500
2011.0438              273.5466308593750000
2011.1260              273.9465942382812500
2011.2054              273.9360046386718750
2011.2904              273.6312866210937500
2011.3726              273.3822937011718750
2011.4575              272.9206848144531250
2011.5397              272.7705383300781250
2011.6246              272.7215881347656250
2011.7096              272.7894287109375000
2011.7917              272.8462219238281250
2011.8767              272.8912963867187500
2011.9589              273.1107482910156250
2012.0437              273.8021850585937500
2012.1257              274.1221618652343750
2012.2076              274.1057128906250000
2012.2924              273.7812805175781250
2012.3743              273.5075683593750000
2012.4590              272.9553222656250000
2012.5410              272.6416625976562500
2012.6257              272.6038208007812500
2012.7103              272.6703186035156250
2012.7924              272.7863159179687500
2012.8771              272.7851562500000000
2012.9590              272.9356384277343750
2013.0438              273.3894348144531250
2013.1260              273.7572021484375000
2013.2054              273.8179931640625000
2013.2904              273.5456542968750000
2013.3726              273.0982666015625000
2013.4575              272.6454467773437500
2013.5397              272.5688781738281250
2013.6246              272.5588684082031250
2013.7096              272.6810302734375000
2013.7917              272.7644958496093750
2013.8767              272.8523864746093750
2013.9589              272.9600524902343750
2014.0438              273.6752929687500000
2014.1260              273.9599914550781250
2014.2054              273.8963317871093750
2014.2904              273.4589843750000000
2014.3726              273.3462829589843750
2014.4575              272.8637084960937500
2014.5397              272.7059326171875000
2014.6246              272.6992797851562500
2014.7096              272.7441101074218750
2014.7917              272.7767028808593750
2014.8767              272.8137512207031250
2014.9589              272.8302307128906250
2015.0438              273.2735900878906250
2015.1260              273.7424926757812500
2015.2054              273.7748718261718750
2015.2904              273.5740356445312500
2015.3726              273.3584899902343750
2015.4575              272.8754882812500000
2015.5397              272.7747192382812500
2015.6246              272.6695556640625000
2015.7096              272.7136840820312500
2015.7917              272.7759094238281250
2015.8767              272.8565368652343750
2015.9589              272.9208374023437500
2016.0437              273.3658447265625000
2016.1257              273.7286682128906250
2016.2076              273.7157287597656250
2016.2924              273.5350646972656250
2016.3743              273.3764038085937500
2016.4590              272.9480895996093750
2016.5410              272.8150939941406250
2016.6257              272.8139343261718750
2016.7103              272.8438110351562500
2016.7924              272.8632202148437500
2016.8771              272.9379882812500000
2016.9590              273.0429992675781250
2017.0438              273.4490966796875000
2017.1260              273.7832031250000000
2017.2054              273.7710266113281250
2017.2904              273.5727233886718750
2017.3726              273.2714538574218750
2017.4575              272.8690795898437500
2017.5397              272.7967224121093750
2017.6246              272.7611083984375000
2017.7096              272.8176269531250000
2017.7917              272.8836669921875000
2017.8767              272.9180908203125000
2017.9589              273.0612182617187500
2018.0438              273.6294555664062500
2018.1260              273.9948120117187500
2018.2054              273.9140930175781250
2018.2904              273.3721008300781250
2018.3726              273.0874328613281250
2018.4575              272.7502746582031250
2018.5397              272.6820983886718750
2018.6246              272.6125183105468750
2018.7096              272.6264343261718750
2018.7917              272.7022094726562500
2018.8767              272.7281188964843750
2018.9589              272.7480468750000000
2019.0438              272.8064575195312500
2019.1260              273.0802917480468750
2019.2054              273.1337890625000000
2019.2904              272.8955688476562500
2019.3726              272.7958068847656250
2019.4575              272.7923889160156250
2019.5397              272.7401428222656250
2019.6246              272.8299560546875000
2019.7096              272.8982849121093750
2019.7917              272.9287109375000000
2019.8767              273.0150756835937500
2019.9589              273.1042785644531250
2020.0437              273.2416381835937500
2020.1257              273.6157836914062500
2020.2076              273.6772155761718750
2020.2924              273.3108215332031250
2020.3743              272.9089965820312500
2020.4590              272.8811340332031250
2020.5410              272.8346557617187500
2020.6257              272.8341674804687500
2020.7103              272.8389892578125000
2020.7924              272.8787536621093750
2020.8771              272.9679260253906250
2020.9590              273.0726928710937500
2021.0438              273.0709533691406250
2021.1260              273.2937011718750000
2021.2054              273.2834167480468750
2021.2904              272.9195251464843750
2021.3726              272.8137207031250000
2021.4575              272.7925109863281250
2021.5397              272.8229675292968750
2021.6246              272.8295593261718750
2021.7096              272.8362426757812500
2021.7917              272.8589172363281250
2021.8767              272.9252929687500000
2021.9589              272.9708557128906250
2022.0438              272.9874572753906250
2022.1260              273.2103576660156250
2022.2054              273.3183898925781250
2022.2904              272.9886779785156250
2022.3726              272.9274597167968750
2022.4575              272.9019775390625000
2022.5397              272.9645385742187500
2022.6246              272.9244689941406250
2022.7096              272.9095458984375000
2022.7917              272.9794921875000000
2022.8767              273.0716857910156250
2022.9589              273.0449523925781250
2023.0438              273.3017578125000000
2023.1260              273.6335144042968750
2023.2054              273.6306762695312500
2023.2904              273.2859802246093750
2023.3726              272.9336242675781250
2023.4575              272.8758850097656250
2023.5397              272.8450622558593750
2023.6246              272.7575378417968750
2023.7096              272.7857055664062500
2023.7917              272.8439636230468750
2023.8767              272.8916015625000000
2023.9589              272.9331665039062500
2024.0437              273.0156555175781250
2024.1257              273.4676208496093750
2024.2076              273.5840148925781250
2024.2924              273.1770935058593750
2024.3743              273.1288146972656250
2024.4590              272.8596496582031250
2024.5410              272.7723999023437500
2024.6257              272.7100524902343750
2024.7103              272.8277587890625000
2024.7924              272.9142456054687500
2024.8771              272.9808654785156250
2024.9590              273.0200805664062500
2025.0438              273.3670654296875000
2025.1260              273.7888183593750000
2025.2054              273.7003784179687500
2025.2904              273.3548583984375000
2025.3726              273.1834716796875000
2025.4575              272.9247741699218750
2025.5397              272.8358764648437500
2025.6246              272.7891845703125000
2025.7096              272.8789672851562500
2025.7917              272.9477539062500000
2025.8767              272.9721679687500000
2025.9589              273.1861877441406250
2026.0438              273.7903747558593750
2026.1260              274.1680297851562500
2026.2054              274.1183166503906250
2026.2904              273.8909301757812500
2026.3726              273.5850524902343750
2026.4575              273.0896911621093750
2026.5397              272.9886474609375000
2026.6246              272.9912719726562500
2026.7096              273.0195007324218750
2026.7917              273.0396423339843750
2026.8767              273.0481872558593750
2026.9589              273.2149353027343750
2027.0438              273.8529968261718750
2027.1260              274.2375488281250000
2027.2054              274.2182006835937500
2027.2904              273.7821350097656250
2027.3726              273.4384155273437500
2027.4575              273.0474243164062500
2027.5397              272.7702026367187500
2027.6246              272.7585144042968750
2027.7096              272.8530883789062500
2027.7917              272.8822937011718750
2027.8767              272.9281921386718750
2027.9589              273.2483520507812500
2028.0437              273.8677978515625000
2028.1257              274.2165527343750000
2028.2076              274.2051696777343750
2028.2924              273.9226074218750000
2028.3743              273.5563354492187500
2028.4590              273.1119995117187500
2028.5410              272.6444396972656250
2028.6257              272.6788024902343750
2028.7103              272.7737121582031250
2028.7924              272.8324890136718750
2028.8771              272.8940734863281250
2028.9590              272.9909362792968750
2029.0438              273.5693054199218750
2029.1260              273.8735046386718750
2029.2054              273.8768920898437500
2029.2904              273.5585021972656250
2029.3726              273.3579406738281250
2029.4575              272.9879760742187500
2029.5397              272.6575317382812500
2029.6246              272.6628417968750000
2029.7096              272.7002563476562500
2029.7917              272.7835388183593750
2029.8767              272.8726806640625000
2029.9589              272.9741516113281250
2030.0438              273.4520568847656250
2030.1260              273.8025207519531250
2030.2054              273.8168945312500000
2030.2904              273.4993286132812500
2030.3726              273.2262878417968750
2030.4575              272.8276672363281250
2030.5397              272.6783447265625000
2030.6246              272.6315002441406250
2030.7096              272.6831359863281250
2030.7917              272.7599182128906250
2030.8767              272.8230285644531250
2030.9589              272.8470458984375000
2031.0438              273.1397399902343750
2031.1260              273.6140441894531250
2031.2054              273.7030639648437500
2031.2904              273.4660644531250000
2031.3726              273.0946960449218750
2031.4575              272.7379455566406250
2031.5397              272.6424560546875000
2031.6246              272.6372070312500000
2031.7096              272.6710815429687500
2031.7917              272.6859741210937500
2031.8767              272.7432250976562500
2031.9589              272.8231811523437500
2032.0437              273.1541442871093750
2032.1257              273.5863037109375000
2032.2076              273.5534667968750000
2032.2924              273.4224548339843750
2032.3743              273.3651123046875000
2032.4590              272.9430236816406250
2032.5410              272.8293151855468750
2032.6257              272.8161010742187500
2032.7103              272.8997192382812500
2032.7924              272.9408569335937500
2032.8771              273.0059814453125000
2032.9590              273.0979003906250000
2033.0438              273.6049499511718750
2033.1260              273.9720153808593750
2033.2054              273.9343261718750000
2033.2904              273.6702880859375000
2033.3726              273.3562316894531250
2033.4575              272.8899230957031250
2033.5397              272.7745971679687500
2033.6246              272.7756347656250000
2033.7096              272.8277587890625000
2033.7917              272.8511352539062500
2033.8767              272.8703002929687500
2033.9589              272.9118652343750000
2034.0438              273.3063354492187500
2034.1260              273.7995300292968750
2034.2054              273.8461608886718750
2034.2904              273.5324401855468750
2034.3726              273.3581237792968750
2034.4575              273.0210571289062500
2034.5397              272.8423156738281250
2034.6246              272.7812194824218750
2034.7096              272.8094177246093750
2034.7917              272.9055786132812500
2034.8767              272.9749450683593750
2034.9589              273.0459289550781250
2035.0438              273.4775085449218750
2035.1260              273.8931884765625000
2035.2054              273.9112854003906250
2035.2904              273.5710449218750000
2035.3726              273.1570739746093750
2035.4575              272.6371459960937500
2035.5397              272.4656982421875000
2035.6246              272.4822387695312500
2035.7096              272.6001586914062500
2035.7917              272.6789550781250000
2035.8767              272.7871704101562500
2035.9589              272.9130554199218750
2036.0437              273.3517761230468750
2036.1257              273.7680664062500000
2036.2076              273.8086853027343750
2036.2924              273.5031738281250000
2036.3743              273.0059814453125000
2036.4590              272.9194641113281250
2036.5410              272.9062805175781250
2036.6257              272.9375915527343750
2036.7103              273.0051269531250000
2036.7924              273.0543212890625000
2036.8771              273.0631103515625000
2036.9590              273.0899047851562500
2037.0438              273.6958007812500000
2037.1260              274.0992126464843750
2037.2054              274.0915832519531250
2037.2904              273.7479553222656250
2037.3726              273.1884765625000000
2037.4575              272.7059936523437500
2037.5397              272.7708129882812500
2037.6246              272.7827148437500000
2037.7096              272.7984619140625000
2037.7917              272.8948059082031250
2037.8767              272.9491577148437500
2037.9589              273.0105895996093750
2038.0438              273.1701660156250000
2038.1260              273.5646972656250000
2038.2054              273.5841369628906250
2038.2904              273.3591308593750000
2038.3726              272.9692993164062500
2038.4575              272.9981994628906250
2038.5397              272.9351196289062500
2038.6246              272.8861999511718750
2038.7096              272.9448242187500000
2038.7917              272.9639892578125000
2038.8767              272.9667663574218750
2038.9589              273.0171813964843750
2039.0438              273.2416687011718750
2039.1260              273.6703796386718750
2039.2054              273.6925048828125000
2039.2904              273.4250793457031250
2039.3726              273.0734558105468750
2039.4575              272.9163513183593750
2039.5397              272.8978271484375000
2039.6246              272.9121704101562500
2039.7096              272.9648132324218750
2039.7917              273.0345764160156250
2039.8767              273.0765380859375000
2039.9589              273.1405029296875000
2040.0437              273.6816101074218750
2040.1257              273.9569702148437500
2040.2076              273.9295654296875000
2040.2924              273.6322326660156250
2040.3743              273.4128112792968750
2040.4590              273.0433654785156250
2040.5410              272.9319763183593750
2040.6257              272.9278259277343750
2040.7103              272.9278259277343750
2040.7924              272.9171142578125000
2040.8771              272.9597473144531250
2040.9590              272.9819335937500000
2041.0438              273.2336425781250000
2041.1260              273.6181335449218750
2041.2054              273.6410522460937500
2041.2904              273.4759521484375000
2041.3726              273.2837829589843750
2041.4575              272.9637756347656250
2041.5397              272.9066467285156250
2041.6246              272.8237304687500000
2041.7096              272.8235168457031250
2041.7917              272.8349304199218750
2041.8767              272.8774719238281250
2041.9589              272.9696655273437500
2042.0438              273.2560119628906250
2042.1260              273.6587829589843750
2042.2054              273.7124328613281250
2042.2904              273.3905639648437500
2042.3726              273.1681213378906250
2042.4575              272.8314819335937500
2042.5397              272.6639404296875000
2042.6246              272.5616455078125000
2042.7096              272.5398254394531250
2042.7917              272.6452026367187500
2042.8767              272.7072753906250000
2042.9589              272.7331848144531250
2043.0438              273.1507568359375000
2043.1260              273.5571594238281250
2043.2054              273.6283264160156250
2043.2904              273.4326782226562500
2043.3726              273.2166442871093750
2043.4575              272.9035339355468750
2043.5397              272.7267761230468750
2043.6246              272.6290588378906250
2043.7096              272.6886596679687500
2043.7917              272.7450561523437500
2043.8767              272.8428955078125000
2043.9589              272.9272155761718750
2044.0437              273.3946838378906250
2044.1257              273.8718872070312500
2044.2076              273.8494567871093750
2044.2924              273.6839294433593750
2044.3743              273.4752197265625000
2044.4590              272.9212646484375000
2044.5410              272.8083190917968750
2044.6257              272.7794494628906250
2044.7103              272.8298645019531250
2044.7924              272.8839416503906250
2044.8771              272.9276428222656250
2044.9590              272.9796142578125000
2045.0438              273.4410400390625000
2045.1260              273.7668762207031250
2045.2054              273.7160034179687500
2045.2904              273.3905029296875000
2045.3726              273.1329650878906250
2045.4575              272.9493713378906250
2045.5397              272.9067687988281250
2045.6246              272.7922058105468750
2045.7096              272.7522277832031250
2045.7917              272.7620849609375000
2045.8767              272.8308410644531250
2045.9589              272.9312133789062500
2046.0438              273.3888244628906250
2046.1260              273.7448120117187500
2046.2054              273.8415222167968750
2046.2904              273.5783081054687500
2046.3726              273.1912536621093750
2046.4575              272.6675109863281250
2046.5397              272.5277099609375000
2046.6246              272.4972534179687500
2046.7096              272.6003417968750000
2046.7917              272.6900634765625000
2046.8767              272.7480163574218750
2046.9589              272.8226013183593750
2047.0438              273.0597839355468750
2047.1260              273.4616394042968750
2047.2054              273.5410461425781250
2047.2904              273.2488098144531250
2047.3726              272.8631591796875000
2047.4575              272.6979370117187500
2047.5397              272.6798095703125000
2047.6246              272.6713256835937500
2047.7096              272.7619018554687500
2047.7917              272.8644409179687500
2047.8767              272.9087829589843750
2047.9589              272.9567565917968750
2048.0437              273.2024230957031250
2048.1257              273.5597229003906250
2048.2078              273.6571044921875000
2048.2922              273.3787231445312500
2048.3743              273.1611328125000000
2048.4590              272.8890686035156250
2048.5410              272.8753967285156250
2048.6257              272.9313354492187500
2048.7104              272.9639282226562500
2048.7922              272.9871520996093750
2048.8770              273.0065612792968750
2048.9590              273.1203002929687500
2049.0439              273.5693969726562500
2049.1260              273.9276733398437500
2049.2056              273.9231872558593750
2049.2905              273.6504516601562500
2049.3726              273.4148559570312500
2049.4575              273.0924072265625000
2049.5398              272.8956604003906250
2049.6248              272.9049987792968750
2049.7095              272.9721069335937500
2049.7917              273.0538635253906250
2049.8767              273.1130065917968750
2049.9590              273.2118835449218750
2050.0439              273.8530883789062500
2050.1260              274.1654052734375000
2050.2056              274.2056579589843750
2050.2905              273.8140258789062500
2050.3726              273.3518371582031250
2050.4575              272.8123168945312500
2050.5398              272.5902404785156250
2050.6248              272.5761108398437500
2050.7095              272.6485290527343750
2050.7917              272.7687072753906250
2050.8767              272.8461914062500000
2050.9590              272.9987487792968750
2051.0439              273.6137695312500000
2051.1260              273.9859008789062500
2051.2056              274.0148315429687500
2051.2905              273.7256164550781250
2051.3726              273.3334960937500000
2051.4575              273.0054931640625000
2051.5398              272.5865783691406250
2051.6248              272.5680541992187500
2051.7095              272.6275024414062500
2051.7917              272.6863403320312500
2051.8767              272.7752380371093750
2051.9590              273.2924804687500000
2052.0437              273.8141174316406250
2052.1257              274.1663818359375000
2052.2078              274.1304321289062500
2052.2922              273.8240661621093750
2052.3743              273.4392395019531250
2052.4590              273.0078430175781250
2052.5410              272.7077636718750000
2052.6257              272.6872253417968750
2052.7104              272.7781372070312500
2052.7922              272.8171691894531250
2052.8770              272.9026184082031250
2052.9590              273.1875000000000000
2053.0439              273.8602905273437500
2053.1260              274.2398071289062500
2053.2056              274.2265319824218750
2053.2905              273.9066162109375000
2053.3726              273.7434387207031250
2053.4575              272.9993286132812500
2053.5398              272.4334106445312500
2053.6248              272.3439941406250000
2053.7095              272.4334411621093750
2053.7917              272.5618896484375000
2053.8767              272.8079833984375000
2053.9590              273.5943908691406250
2054.0439              274.2440185546875000
2054.1260              274.5119018554687500
2054.2056              274.3046569824218750
2054.2905              273.8079833984375000
2054.3726              273.4589233398437500
2054.4575              273.1862792968750000
2054.5398              272.8714599609375000
2054.6248              272.8322143554687500
2054.7095              272.8632812500000000
2054.7917              272.9208679199218750
2054.8767              272.9681396484375000
2054.9590              273.2547607421875000
2055.0439              273.8322143554687500
2055.1260              274.1895141601562500
2055.2056              274.2136535644531250
2055.2905              273.8284912109375000
2055.3726              273.4393615722656250
2055.4575              273.0497131347656250
2055.5398              272.8847045898437500
2055.6248              272.9198303222656250
2055.7095              272.9389648437500000
2055.7917              272.9570922851562500
2055.8767              273.0564575195312500
2055.9590              273.3817443847656250
2056.0437              274.0776672363281250
2056.1257              274.4796752929687500
2056.2078              274.4303283691406250
2056.2922              273.9593811035156250
2056.3743              273.7361145019531250
2056.4590              273.3126831054687500
2056.5410              272.8699340820312500
2056.6257              272.8591918945312500
2056.7104              272.9266662597656250
2056.7922              273.0033874511718750
2056.8770              273.1765747070312500
2056.9590              273.9010314941406250
2057.0439              274.3932800292968750
2057.1260              274.5911865234375000
2057.2056              274.5151977539062500
2057.2905              274.1506347656250000
2057.3726              273.8479003906250000
2057.4575              273.6227111816406250
2057.5398              273.0842590332031250
2057.6248              273.0418090820312500
2057.7095              273.0592651367187500
2057.7917              273.0472412109375000
2057.8767              273.1470031738281250
2057.9590              273.5282287597656250
2058.0439              274.1131896972656250
2058.1260              274.3475341796875000
2058.2056              274.2515258789062500
2058.2905              273.9367370605468750
2058.3726              273.6193237304687500
2058.4575              273.1060180664062500
2058.5398              272.8396606445312500
2058.6248              272.8244628906250000
2058.7095              272.8900451660156250
2058.7917              272.9870910644531250
2058.8767              272.9931030273437500
2058.9590              273.2426147460937500
2059.0439              273.9106750488281250
2059.1260              274.2223510742187500
2059.2056              274.2135925292968750
2059.2905              273.9068603515625000
2059.3726              273.6938781738281250
2059.4575              273.1499938964843750
2059.5398              272.8404235839843750
2059.6248              272.8193664550781250
2059.7095              272.9118347167968750
2059.7917              272.9986267089843750
2059.8767              273.0960388183593750
2059.9590              273.2399597167968750
2060.0437              273.7838439941406250
2060.1257              274.0871887207031250
2060.2078              274.0708007812500000
2060.2922              273.7906799316406250
2060.3743              273.4421081542968750
2060.4590              273.0422363281250000
2060.5410              272.9963989257812500
2060.6257              273.0066223144531250
2060.7104              273.0817871093750000
2060.7922              273.1255493164062500
2060.8770              273.2020874023437500
2060.9590              273.5167846679687500
2061.0439              274.1861877441406250
2061.1260              274.4353027343750000
2061.2056              274.4059143066406250
2061.2905              273.9975280761718750
2061.3726              273.7019653320312500
2061.4575              273.0216674804687500
2061.5398              272.4722290039062500
2061.6248              272.2833251953125000
2061.7095              272.3596496582031250
2061.7917              272.4635620117187500
2061.8767              272.6315002441406250
2061.9590              273.5040283203125000
2062.0439              274.1924438476562500
2062.1260              274.4533996582031250
2062.2056              274.2761535644531250
2062.2905              273.8505554199218750
2062.3726              273.5960083007812500
2062.4575              273.0382385253906250
2062.5398              272.4567871093750000
2062.6248              272.4791564941406250
2062.7095              272.5690612792968750
2062.7917              272.6832275390625000
2062.8767              272.7724914550781250
2062.9590              272.8903503417968750
2063.0439              273.4582824707031250
2063.1260              273.8178710937500000
2063.2056              273.8939819335937500
2063.2905              273.7164916992187500
2063.3726              273.4377136230468750
2063.4575              272.9932556152343750
2063.5398              272.9045715332031250
2063.6248              272.8584899902343750
2063.7095              272.9216918945312500
2063.7917              272.9820251464843750
2063.8767              273.0405578613281250
2063.9590              273.1270141601562500
2064.0437              273.6919860839843750
2064.1257              274.0569458007812500
2064.2078              274.0293579101562500
2064.2922              273.7471008300781250
2064.3743              273.4106445312500000
2064.4590              272.9822998046875000
2064.5410              272.9202270507812500
2064.6257              272.8146972656250000
2064.7104              272.8543090820312500
2064.7922              272.9377441406250000
2064.8770              273.0393066406250000
2064.9590              273.1458435058593750
2065.0439              273.6662292480468750
2065.1260              274.1112060546875000
2065.2056              274.1668395996093750
2065.2905              273.9298706054687500
2065.3726              273.6600646972656250
2065.4575              273.2626342773437500
2065.5398              272.9975891113281250
2065.6248              273.0001525878906250
2065.7095              273.0539855957031250
2065.7917              273.0035705566406250
2065.8767              273.0664978027343750
2065.9590              273.2702941894531250
2066.0439              273.9561462402343750
2066.1260              274.2773437500000000
2066.2056              274.2590026855468750
2066.2905              273.9997558593750000
2066.3726              273.5603027343750000
2066.4575              272.9804382324218750
2066.5398              272.7042541503906250
2066.6248              272.7783203125000000
2066.7095              272.8920288085937500
2066.7917              272.9914550781250000
2066.8767              273.0468139648437500
2066.9590              273.3305664062500000
2067.0439              274.0196838378906250
2067.1260              274.3970031738281250
2067.2056              274.3383483886718750
2067.2905              274.0951538085937500
2067.3726              273.7619628906250000
2067.4575              273.2124023437500000
2067.5398              273.0578308105468750
2067.6248              273.0133361816406250
2067.7095              272.9993591308593750
2067.7917              272.9986572265625000
2067.8767              273.0816345214843750
2067.9590              273.3077392578125000
2068.0437              273.8683776855468750
2068.1257              274.2424011230468750
2068.2078              274.1969909667968750
2068.2922              273.8573913574218750
2068.3743              273.6023864746093750
2068.4590              273.2286376953125000
2068.5410              272.8778991699218750
2068.6257              272.8193359375000000
2068.7104              272.8206787109375000
2068.7922              272.8920288085937500
2068.8770              272.9681091308593750
2068.9590              273.4477539062500000
2069.0439              274.0201110839843750
2069.1260              274.2573547363281250
2069.2056              274.2420349121093750
2069.2905              273.9786987304687500
2069.3726              273.7880249023437500
2069.4575              273.2666015625000000
2069.5398              272.9781494140625000
2069.6248              272.9701538085937500
2069.7095              273.0213317871093750
2069.7917              273.1197204589843750
2069.8767              273.1952819824218750
2069.9590              273.4116210937500000
2070.0439              274.0632934570312500
2070.1260              274.2995300292968750
2070.2056              274.2651977539062500
2070.2905              274.0565795898437500
2070.3726              273.7664794921875000
2070.4575              273.2819824218750000
2070.5398              273.0885009765625000
2070.6248              273.1314697265625000
2070.7095              273.2048645019531250
2070.7917              273.2312316894531250
2070.8767              273.2059020996093750
2070.9590              273.3067626953125000
2071.0439              273.9481506347656250
2071.1260              274.2860717773437500
2071.2056              274.2926940917968750
2071.2905              274.0913696289062500
2071.3726              273.6665344238281250
2071.4575              273.2000122070312500
2071.5398              273.0084838867187500
2071.6248              272.8679199218750000
2071.7095              272.8823547363281250
2071.7917              272.9690551757812500
2071.8767              272.9765930175781250
2071.9590              273.0341796875000000
2072.0437              273.4797363281250000
2072.1257              273.8362121582031250
2072.2078              273.9064025878906250
2072.2922              273.5885925292968750
2072.3743              273.3122863769531250
2072.4590              273.0046386718750000
2072.5410              273.0178222656250000
2072.6257              273.0247497558593750
2072.7104              273.0599975585937500
2072.7922              273.1142578125000000
2072.8770              273.1987304687500000
2072.9590              273.3353576660156250
2073.0439              273.9866027832031250
2073.1260              274.2809753417968750
2073.2056              274.2284851074218750
2073.2905              273.8992614746093750
2073.3726              273.8013916015625000
2073.4575              273.3158264160156250
2073.5398              273.0014953613281250
2073.6248              272.9306945800781250
2073.7095              272.9450073242187500
2073.7917              273.0316467285156250
2073.8767              273.1299133300781250
2073.9590              273.4213256835937500
2074.0439              274.0083007812500000
2074.1260              274.4983520507812500
2074.2056              274.4560546875000000
2074.2905              274.1330871582031250
2074.3726              273.7628479003906250
2074.4575              273.3559265136718750
2074.5398              273.1425476074218750
2074.6248              273.0457458496093750
2074.7095              273.1178894042968750
2074.7917              273.1532897949218750
2074.8767              273.2131042480468750
2074.9590              273.4257507324218750
2075.0439              274.0727539062500000
2075.1260              274.3653564453125000
2075.2056              274.3812866210937500
2075.2905              274.0196533203125000
2075.3726              273.5824890136718750
2075.4575              273.2322692871093750
2075.5398              273.0347595214843750
2075.6248              272.9037475585937500
2075.7095              272.9694213867187500
2075.7917              273.0284729003906250
2075.8767              273.1263732910156250
2075.9590              273.2961425781250000
2076.0437              273.8511657714843750
2076.1257              274.2110290527343750
2076.2078              274.2352600097656250
2076.2922              273.9664306640625000
2076.3743              273.7284240722656250
2076.4590              273.2514953613281250
2076.5410              272.9896850585937500
2076.6257              272.9438476562500000
2076.7104              273.0187988281250000
2076.7922              273.0745849609375000
2076.8770              273.1247558593750000
2076.9590              273.3060913085937500
2077.0439              273.8700866699218750
2077.1260              274.2276306152343750
2077.2056              274.2375488281250000
2077.2905              273.8850708007812500
2077.3726              273.6006164550781250
2077.4575              273.2340698242187500
2077.5398              273.1175537109375000
2077.6248              273.0671691894531250
2077.7095              273.0808105468750000
2077.7917              273.0882568359375000
2077.8767              273.1551818847656250
2077.9590              273.4382629394531250
2078.0439              274.1725158691406250
2078.1260              274.4521179199218750
2078.2056              274.4183654785156250
2078.2905              274.1348876953125000
2078.3726              273.8287658691406250
2078.4575              273.2397766113281250
2078.5398              273.0268554687500000
2078.6248              273.0094604492187500
2078.7095              273.0916748046875000
2078.7917              273.1500549316406250
2078.8767              273.2245483398437500
2078.9590              273.5380249023437500
2079.0439              274.1636657714843750
2079.1260              274.4631042480468750
2079.2056              274.5040893554687500
2079.2905              274.1653442382812500
2079.3726              273.8387756347656250
2079.4575              273.3584594726562500
2079.5398              273.0172729492187500
2079.6248              272.9089355468750000
2079.7095              272.9616088867187500
2079.7917              273.0342407226562500
2079.8767              273.1581115722656250
2079.9590              273.7563476562500000
2080.0437              274.3043518066406250
2080.1257              274.6158142089843750
2080.2078              274.5935363769531250
2080.2922              274.3019104003906250
2080.3743              274.0862731933593750
2080.4590              273.4322204589843750
2080.5410              272.9719238281250000
2080.6257              272.9128417968750000
2080.7104              272.9710083007812500
2080.7922              273.0876159667968750
2080.8770              273.1916809082031250
2080.9590              273.6809082031250000
2081.0439              274.2531127929687500
2081.1260              274.5563354492187500
2081.2056              274.5492553710937500
2081.2905              274.2227478027343750
2081.3726              273.8298034667968750
2081.4575              273.3666381835937500
2081.5398              273.1658630371093750
2081.6248              273.1737670898437500
2081.7095              273.1894531250000000
2081.7917              273.1380615234375000
2081.8767              273.2209472656250000
2081.9590              273.3962707519531250
2082.0439              274.0769042968750000
2082.1260              274.4710083007812500
2082.2056              274.3728027343750000
2082.2905              274.0401306152343750
2082.3726              273.8325195312500000
2082.4575              273.3753967285156250
2082.5398              272.8935241699218750
2082.6248              272.8986511230468750
2082.7095              272.9602355957031250
2082.7917              273.0377197265625000
2082.8767              273.0964965820312500
2082.9590              273.5182189941406250
2083.0439              274.0627136230468750
2083.1260              274.3421630859375000
2083.2056              274.3944702148437500
2083.2905              274.1497192382812500
2083.3726              273.8852233886718750
2083.4575              273.0821228027343750
2083.5398              272.8763732910156250
2083.6248              272.8644409179687500
2083.7095              272.9353027343750000
2083.7917              273.0580749511718750
2083.8767              273.1719665527343750
2083.9590              273.3285827636718750
2084.0437              273.9529724121093750
2084.1257              274.2477416992187500
2084.2078              274.2293395996093750
2084.2922              273.9306030273437500
2084.3743              273.4915771484375000
2084.4590              273.1575012207031250
2084.5410              272.9376525878906250
2084.6257              272.8441772460937500
2084.7104              272.8960571289062500
2084.7922              272.9776611328125000
2084.8770              273.0410156250000000
2084.9590              273.0533447265625000
2085.0439              273.4631042480468750
2085.1260              273.9102172851562500
2085.2056              273.9687500000000000
2085.2905              273.7395935058593750
2085.3726              273.7102966308593750
2085.4575              273.3625488281250000
2085.5398              273.0464172363281250
2085.6248              273.0654907226562500
2085.7095              273.0923156738281250
2085.7917              273.1487731933593750
2085.8767              273.2072448730468750
2085.9590              273.3609008789062500
2086.0439              273.9699401855468750
2086.1260              274.2893676757812500
2086.2056              274.2819213867187500
2086.2905              274.0718994140625000
2086.3726              273.8493041992187500
2086.4575              273.2881774902343750
2086.5398              273.2016296386718750
2086.6248              273.1005249023437500
2086.7095              273.0636596679687500
2086.7917              273.1099548339843750
2086.8767              273.1461486816406250
2086.9590              273.3303527832031250
2087.0439              273.9402465820312500
2087.1260              274.2714538574218750
2087.2056              274.3002319335937500
2087.2905              274.1188354492187500
2087.3726              273.8315124511718750
2087.4575              273.3184509277343750
2087.5398              273.0135498046875000
2087.6248              272.8803710937500000
2087.7095              272.8807067871093750
2087.7917              272.9717712402343750
2087.8767              273.0531616210937500
2087.9590              273.1761169433593750
2088.0437              273.7136535644531250
2088.1257              274.1789855957031250
2088.2078              274.1953125000000000
2088.2922              273.9860534667968750
2088.3743              273.8606567382812500
2088.4590              273.2805786132812500
2088.5410              273.0965576171875000
2088.6257              273.0913391113281250
2088.7104              273.1434020996093750
2088.7922              273.1883239746093750
2088.8770              273.2380676269531250
2088.9590              273.4196777343750000
2089.0439              274.0953063964843750
2089.1260              274.4374084472656250
2089.2056              274.3661499023437500
2089.2905              274.0455322265625000
2089.3726              273.7314147949218750
2089.4575              273.3306884765625000
2089.5398              273.0590820312500000
2089.6248              273.0302429199218750
2089.7095              273.1143493652343750
2089.7917              273.1744079589843750
2089.8767              273.1892700195312500
2089.9590              273.2759704589843750
2090.0439              273.8670959472656250
2090.1260              274.2171020507812500
2090.2056              274.2353515625000000
2090.2905              273.9562988281250000
2090.3726              273.7375183105468750
2090.4575              273.2032470703125000
2090.5398              273.1005249023437500
2090.6248              273.1241149902343750
2090.7095              273.1719055175781250
2090.7917              273.2251586914062500
2090.8767              273.2936706542968750
2090.9590              273.8256835937500000
2091.0439              274.4714355468750000
2091.1260              274.7635192871093750
2091.2056              274.7007446289062500
2091.2905              274.3482971191406250
2091.3726              274.0033874511718750
2091.4575              273.5935363769531250
2091.5398              272.9611511230468750
2091.6248              272.8842773437500000
2091.7095              272.9752197265625000
2091.7917              273.0249328613281250
2091.8767              273.1442871093750000
2091.9590              273.5626831054687500
2092.0437              274.2467651367187500
2092.1257              274.5236206054687500
2092.2078              274.5148620605468750
2092.2922              274.1994323730468750
2092.3743              273.9020080566406250
2092.4590              273.3125915527343750
2092.5410              272.8845214843750000
2092.6257              272.8067321777343750
2092.7104              272.8648376464843750
2092.7922              272.9494323730468750
2092.8770              273.0791931152343750
2092.9590              273.3737182617187500
2093.0439              274.0319519042968750
2093.1260              274.3537902832031250
2093.2056              274.3500976562500000
2093.2905              273.9718017578125000
2093.3726              273.6136779785156250
2093.4575              273.2240600585937500
2093.5398              272.9692077636718750
2093.6248              272.8787536621093750
2093.7095              272.8640136718750000
2093.7917              272.9155273437500000
2093.8767              272.9824523925781250
2093.9590              272.9938354492187500
2094.0439              273.5846862792968750
2094.1260              274.0202636718750000
2094.2056              274.0870971679687500
2094.2905              273.8352050781250000
2094.3726              273.6147460937500000
2094.4575              273.1668701171875000
2094.5398              272.9710998535156250
2094.6248              272.9835510253906250
2094.7095              273.0336914062500000
2094.7917              273.1334838867187500
2094.8767              273.1794433593750000
2094.9590              273.3048400878906250
2095.0439              273.8897399902343750
2095.1260              274.2550048828125000
2095.2056              274.2744750976562500
2095.2905              274.0203247070312500
2095.3726              273.7462463378906250
2095.4575              273.2112731933593750
2095.5398              272.9860534667968750
2095.6248              272.9546508789062500
2095.7095              273.0084228515625000
2095.7917              273.0794982910156250
2095.8767              273.1330871582031250
2095.9590              273.2356262207031250
2096.0437              273.7298583984375000
2096.1257              274.1394653320312500
2096.2078              274.1602172851562500
2096.2922              273.8392333984375000
2096.3743              273.6306762695312500
2096.4590              273.1295166015625000
2096.5410              273.0134277343750000
2096.6257              272.8869628906250000
2096.7104              272.9008483886718750
2096.7922              273.0050659179687500
2096.8770              273.0679931640625000
2096.9590              273.1305541992187500
2097.0439              273.6821594238281250
2097.1260              274.0894775390625000
2097.2056              274.1588439941406250
2097.2905              273.9401245117187500
2097.3726              273.7779541015625000
2097.4575              273.2943725585937500
2097.5398              273.1428222656250000
2097.6248              273.1423339843750000
2097.7095              273.1893615722656250
2097.7917              273.2363586425781250
2097.8767              273.3095397949218750
2097.9590              273.6883544921875000
2098.0439              274.2397766113281250
2098.1260              274.5645141601562500
2098.2056              274.5998535156250000
2098.2905              274.2413635253906250
2098.3726              273.9303283691406250
2098.4575              273.2449645996093750
2098.5398              272.8101196289062500
2098.6248              272.7777099609375000
2098.7095              272.8855895996093750
2098.7917              272.8996276855468750
2098.8767              272.9891357421875000
2098.9590              273.4532470703125000
2099.0439              274.1092224121093750
2099.1260              274.4575195312500000
2099.2056              274.4443054199218750
2099.2905              274.1228027343750000
2099.3726              273.7680053710937500
2099.4575              273.3819580078125000
2099.5398              273.0609130859375000
2099.6248              272.9687194824218750
2099.7095              273.0462646484375000
2099.7917              273.0783996582031250
2099.8767              273.1789550781250000
2099.9590              273.8391113281250000
2100.0439              274.4933166503906250
2100.1260              274.7721557617187500
2100.2056              274.6243896484375000
2100.2905              274.1256103515625000
2100.3726              273.9024658203125000
2100.4575              273.5263977050781250
2100.5398              272.9793701171875000
2100.6248              272.8823242187500000
2100.7095              273.0044860839843750
2100.7917              273.0937500000000000
2100.8767              273.0918579101562500
2100.9590              273.3779602050781250
