2001.0438                0.3575962781906128
2001.1260                0.3597787916660309
2001.2054                0.3615061938762665
2001.2904                0.3624133765697479
2001.3726                0.3611488640308380
2001.4575                0.3584222495555878
2001.5397                0.3550804257392883
2001.6246                0.3532705605030060
2001.7096                0.3534933328628540
2001.7917                0.3546003699302673
2001.8767                0.3560275435447693
2001.9589                0.3572050631046295
2002.0438                0.3586854934692383
2002.1260                0.3609410822391510
2002.2054                0.3630825579166412
2002.2904                0.3638916909694672
2002.3726                0.3627083003520966
2002.4575                0.3594900965690613
2002.5397                0.3563148677349091
2002.6246                0.3546648323535919
2002.7096                0.3547250330448151
2002.7917                0.3557875752449036
2002.8767                0.3568840324878693
2002.9589                0.3579925596714020
2003.0438                0.3596781790256500
2003.1260                0.3614773154258728
2003.2054                0.3639689981937408
2003.2904                0.3650882840156555
2003.3726                0.3637992739677429
2003.4575                0.3609645664691925
2003.5397                0.3576786220073700
2003.6246                0.3556149303913116
2003.7096                0.3556450009346008
2003.7917                0.3566592931747437
2003.8767                0.3581510782241821
2003.9589                0.3594276905059814
2004.0437                0.3609539270401001
2004.1257                0.3628287315368652
2004.2076                0.3648193180561066
2004.2924                0.3656672239303589
2004.3743                0.3643015623092651
2004.4590                0.3612956106662750
2004.5410                0.3582559227943420
2004.6257                0.3564576208591461
2004.7103                0.3566321432590485
2004.7924                0.3577221632003784
2004.8771                0.3592416644096375
2004.9590                0.3604349493980408
2005.0438                0.3617741167545319
2005.1260                0.3639547526836395
2005.2054                0.3662765324115753
2005.2904                0.3676182031631470
2005.3726                0.3664433062076569
2005.4575                0.3635174036026001
2005.5397                0.3605596423149109
2005.6246                0.3586946427822113
2005.7096                0.3589251935482025
2005.7917                0.3602425158023834
2005.8767                0.3615812957286835
2005.9589                0.3629418313503265
2006.0438                0.3646812140941620
2006.1260                0.3670882880687714
2006.2054                0.3689892590045929
2006.2904                0.3700995147228241
2006.3726                0.3689918518066406
2006.4575                0.3657386898994446
2006.5397                0.3622722029685974
2006.6246                0.3605040907859802
2006.7096                0.3606550693511963
2006.7917                0.3617295622825623
2006.8767                0.3626455366611481
2006.9589                0.3638288378715515
2007.0438                0.3652827441692352
2007.1260                0.3674775362014771
2007.2054                0.3697866201400757
2007.2904                0.3706477582454681
2007.3726                0.3693629801273346
2007.4575                0.3662781417369843
2007.5397                0.3632345497608185
2007.6246                0.3616867959499359
2007.7096                0.3618879616260529
2007.7917                0.3629015386104584
2007.8767                0.3644625246524811
2007.9589                0.3656623661518097
2008.0437                0.3671107590198517
2008.1257                0.3689756691455841
2008.2076                0.3711843788623810
2008.2924                0.3723174035549164
2008.3743                0.3710049092769623
2008.4590                0.3679847419261932
2008.5410                0.3648287951946259
2008.6257                0.3630321621894836
2008.7103                0.3633350133895874
2008.7924                0.3646664321422577
2008.8771                0.3657680749893188
2008.9590                0.3669954836368561
2009.0438                0.3684159517288208
2009.1260                0.3705638945102692
2009.2054                0.3725142478942871
2009.2904                0.3734517097473145
2009.3726                0.3723174929618835
2009.4575                0.3692122399806976
2009.5397                0.3662353456020355
2009.6246                0.3645641803741455
2009.7096                0.3647696077823639
2009.7917                0.3659160137176514
2009.8767                0.3669980764389038
2009.9589                0.3683800399303436
2010.0438                0.3699002563953400
2010.1260                0.3719094097614288
2010.2054                0.3743379712104797
2010.2904                0.3751937747001648
2010.3726                0.3738400936126709
2010.4575                0.3706661164760590
2010.5397                0.3672297000885010
2010.6246                0.3657270371913910
2010.7096                0.3658126890659332
2010.7917                0.3671492934226990
2010.8767                0.3686472773551941
2010.9589                0.3696803152561188
2011.0438                0.3711235225200653
2011.1260                0.3732698857784271
2011.2054                0.3753577768802643
2011.2904                0.3763846457004547
2011.3726                0.3751896023750305
2011.4575                0.3721209466457367
2011.5397                0.3689752817153931
2011.6246                0.3675238192081451
2011.7096                0.3677764534950256
2011.7917                0.3686265051364899
2011.8767                0.3699218630790710
2011.9589                0.3714410364627838
2012.0437                0.3729609549045563
2012.1257                0.3750465214252472
2012.2076                0.3769646584987640
2012.2924                0.3781555891036987
2012.3743                0.3769892454147339
2012.4590                0.3739788234233856
2012.5410                0.3709087967872620
2012.6257                0.3690174818038940
2012.7103                0.3691909015178680
2012.7924                0.3704232573509216
2012.8771                0.3718398809432983
2012.9590                0.3728849291801453
2013.0438                0.3738949000835419
2013.1260                0.3760004043579102
2013.2054                0.3783205747604370
2013.2904                0.3792317211627960
2013.3726                0.3780269920825958
2013.4575                0.3751300275325775
2013.5397                0.3719955980777740
2013.6246                0.3701553344726562
2013.7096                0.3703719377517700
2013.7917                0.3716986179351807
2013.8767                0.3730799555778503
2013.9589                0.3742022216320038
2014.0438                0.3756431639194489
2014.1260                0.3776800930500031
2014.2054                0.3800403475761414
2014.2904                0.3808813393115997
2014.3726                0.3796718120574951
2014.4575                0.3767948150634766
2014.5397                0.3735755980014801
2014.6246                0.3715795278549194
2014.7096                0.3717593848705292
2014.7917                0.3729794025421143
2014.8767                0.3745106756687164
2014.9589                0.3759006261825562
2015.0438                0.3771670460700989
2015.1260                0.3790703713893890
2015.2054                0.3813399672508240
2015.2904                0.3822237253189087
2015.3726                0.3807326853275299
2015.4575                0.3776959478855133
2015.5397                0.3745626211166382
2015.6246                0.3728584945201874
2015.7096                0.3727860450744629
2015.7917                0.3739329874515533
2015.8767                0.3753015697002411
2015.9589                0.3765471577644348
2016.0437                0.3778320848941803
2016.1257                0.3797531723976135
2016.2076                0.3820144534111023
2016.2924                0.3834125399589539
2016.3743                0.3821415901184082
2016.4590                0.3792537748813629
2016.5410                0.3759596347808838
2016.6257                0.3739800751209259
2016.7103                0.3743029236793518
2016.7924                0.3753985166549683
2016.8771                0.3765733242034912
2016.9590                0.3776621520519257
2017.0438                0.3791223168373108
2017.1260                0.3811710178852081
2017.2054                0.3832555711269379
2017.2904                0.3840059638023376
2017.3726                0.3827048242092133
2017.4575                0.3796427845954895
2017.5397                0.3762285709381104
2017.6246                0.3743488788604736
2017.7096                0.3743825554847717
2017.7917                0.3752804994583130
2017.8767                0.3767782449722290
2017.9589                0.3781211078166962
2018.0438                0.3796522617340088
2018.1260                0.3816217780113220
2018.2054                0.3837316632270813
2018.2904                0.3847770988941193
2018.3726                0.3833696544170380
2018.4575                0.3806389272212982
2018.5397                0.3774422109127045
2018.6246                0.3756255209445953
2018.7096                0.3758971095085144
2018.7917                0.3772176504135132
2018.8767                0.3787099719047546
2018.9589                0.3797059357166290
2019.0438                0.3813408613204956
2019.1260                0.3834111392498016
2019.2054                0.3855556249618530
2019.2904                0.3867825865745544
2019.3726                0.3853536844253540
2019.4575                0.3824653029441833
2019.5397                0.3791967332363129
2019.6246                0.3774330019950867
2019.7096                0.3775922358036041
2019.7917                0.3789134621620178
2019.8767                0.3803993463516235
2019.9589                0.3817123472690582
2020.0437                0.3832797408103943
2020.1257                0.3851285278797150
2020.2076                0.3877180516719818
2020.2924                0.3888216018676758
2020.3743                0.3875866532325745
2020.4590                0.3844462037086487
2020.5410                0.3816348910331726
2020.6257                0.3799302577972412
2020.7103                0.3800638616085052
2020.7924                0.3808239698410034
2020.8771                0.3822275996208191
2020.9590                0.3833365440368652
2021.0438                0.3849764168262482
2021.1260                0.3871233761310577
2021.2054                0.3891217708587646
2021.2904                0.3900014460086823
2021.3726                0.3888170719146729
2021.4575                0.3854839205741882
2021.5397                0.3820812702178955
2021.6246                0.3803578317165375
2021.7096                0.3803564608097076
2021.7917                0.3814870715141296
2021.8767                0.3827804625034332
2021.9589                0.3843172192573547
2022.0438                0.3859134018421173
2022.1260                0.3878120183944702
2022.2054                0.3897104263305664
2022.2904                0.3907797336578369
2022.3726                0.3896487951278687
2022.4575                0.3866303861141205
2022.5397                0.3836017549037933
2022.6246                0.3818188607692719
2022.7096                0.3820286393165588
2022.7917                0.3831723332405090
2022.8767                0.3847904801368713
2022.9589                0.3859457075595856
2023.0438                0.3875675201416016
2023.1260                0.3891263604164124
2023.2054                0.3916820287704468
2023.2904                0.3923997581005096
2023.3726                0.3912399709224701
2023.4575                0.3882645964622498
2023.5397                0.3849368989467621
2023.6246                0.3833330869674683
2023.7096                0.3835953772068024
2023.7917                0.3850456476211548
2023.8767                0.3863283395767212
2023.9589                0.3874798715114594
2024.0437                0.3892827630043030
2024.1257                0.3912082612514496
2024.2076                0.3932481706142426
2024.2924                0.3944043517112732
2024.3743                0.3933546841144562
2024.4590                0.3901660144329071
2024.5410                0.3871787488460541
2024.6257                0.3857267796993256
2024.7103                0.3859677314758301
2024.7924                0.3871238529682159
2024.8771                0.3885942101478577
2024.9590                0.3899253308773041
2025.0438                0.3913426101207733
2025.1260                0.3932945430278778
2025.2054                0.3956438302993774
2025.2904                0.3967202901840210
2025.3726                0.3954562544822693
2025.4575                0.3924972116947174
2025.5397                0.3891601860523224
2025.6246                0.3873215615749359
2025.7096                0.3874810934066772
2025.7917                0.3886083364486694
2025.8767                0.3902815878391266
2025.9589                0.3913974761962891
2026.0438                0.3930539786815643
2026.1260                0.3951089680194855
2026.2054                0.3969596028327942
2026.2904                0.3982766270637512
2026.3726                0.3970775008201599
2026.4575                0.3940905630588531
2026.5397                0.3907329142093658
2026.6246                0.3887410163879395
2026.7096                0.3888887166976929
2026.7917                0.3902334868907928
2026.8767                0.3915421962738037
2026.9589                0.3928769528865814
2027.0438                0.3943663239479065
2027.1260                0.3965346217155457
2027.2054                0.3988049030303955
2027.2904                0.3999052643775940
2027.3726                0.3985970318317413
2027.4575                0.3957672715187073
2027.5397                0.3927208185195923
2027.6246                0.3909581005573273
2027.7096                0.3913491368293762
2027.7917                0.3923425376415253
2027.8767                0.3938678801059723
2027.9589                0.3954200744628906
2028.0437                0.3970215916633606
2028.1257                0.3990868628025055
2028.2076                0.4012917578220367
2028.2924                0.4025434553623199
2028.3743                0.4013342261314392
2028.4590                0.3985039293766022
2028.5410                0.3951085209846497
2028.6257                0.3933810293674469
2028.7103                0.3935319781303406
2028.7924                0.3945914506912231
2028.8771                0.3960380256175995
2028.9590                0.3972927033901215
2029.0438                0.3990163505077362
2029.1260                0.4011090099811554
2029.2054                0.4033420681953430
2029.2904                0.4042786657810211
2029.3726                0.4030069410800934
2029.4575                0.4001388847827911
2029.5397                0.3969980478286743
2029.6246                0.3951558768749237
2029.7096                0.3953418135643005
2029.7917                0.3967779576778412
2029.8767                0.3981843888759613
2029.9589                0.3996409773826599
2030.0438                0.4011139273643494
2030.1260                0.4032138884067535
2030.2054                0.4051787853240967
2030.2904                0.4062215685844421
2030.3726                0.4052734673023224
2030.4575                0.4021920561790466
2030.5397                0.3991611897945404
2030.6246                0.3974194526672363
2030.7096                0.3976575732231140
2030.7917                0.3987287580966949
2030.8767                0.4001907110214233
2030.9589                0.4012982249259949
2031.0438                0.4028599858283997
2031.1260                0.4048965573310852
2031.2054                0.4071273207664490
2031.2904                0.4082150459289551
2031.3726                0.4070512950420380
2031.4575                0.4043183624744415
2031.5397                0.4011407196521759
2031.6246                0.3998461365699768
2031.7096                0.4004071652889252
2031.7917                0.4021110236644745
2031.8767                0.4035123586654663
2031.9589                0.4047205746173859
2032.0437                0.4060716629028320
2032.1257                0.4081764221191406
2032.2076                0.4104651510715485
2032.2924                0.4113813936710358
2032.3743                0.4100105166435242
2032.4590                0.4068841934204102
2032.5410                0.4035243690013885
2032.6257                0.4017592370510101
2032.7103                0.4018218219280243
2032.7924                0.4031009078025818
2032.8771                0.4046611487865448
2032.9590                0.4057950973510742
2033.0438                0.4074088335037231
2033.1260                0.4097403883934021
2033.2054                0.4121655821800232
2033.2904                0.4131911396980286
2033.3726                0.4119832217693329
2033.4575                0.4088459312915802
2033.5397                0.4057000279426575
2033.6246                0.4039851725101471
2033.7096                0.4039774835109711
2033.7917                0.4050123095512390
2033.8767                0.4066132307052612
2033.9589                0.4078165888786316
2034.0438                0.4097835123538971
2034.1260                0.4121522903442383
2034.2054                0.4139670431613922
2034.2904                0.4149242937564850
2034.3726                0.4136028289794922
2034.4575                0.4104372859001160
2034.5397                0.4069182872772217
2034.6246                0.4051365256309509
2034.7096                0.4054331481456757
2034.7917                0.4066171646118164
2034.8767                0.4080723226070404
2034.9589                0.4092622399330139
2035.0438                0.4106878340244293
2035.1260                0.4127755165100098
2035.2054                0.4152170419692993
2035.2904                0.4165416359901428
2035.3726                0.4152262806892395
2035.4575                0.4121914803981781
2035.5397                0.4091965258121490
2035.6246                0.4076566100120544
2035.7096                0.4076117277145386
2035.7917                0.4089798927307129
2035.8767                0.4106391668319702
2035.9589                0.4118032753467560
2036.0437                0.4135655164718628
2036.1257                0.4160151481628418
2036.2076                0.4176755547523499
2036.2924                0.4186097979545593
2036.3743                0.4172096550464630
2036.4590                0.4141778945922852
2036.5410                0.4111141860485077
2036.6257                0.4094819128513336
2036.7103                0.4099287390708923
2036.7924                0.4113621413707733
2036.8771                0.4128910601139069
2036.9590                0.4143012166023254
2037.0438                0.4158318340778351
2037.1260                0.4177718758583069
2037.2054                0.4201637506484985
2037.2904                0.4213140010833740
2037.3726                0.4197699129581451
2037.4575                0.4165334403514862
2037.5397                0.4132038056850433
2037.6246                0.4116058349609375
2037.7096                0.4119075536727905
2037.7917                0.4130878746509552
2037.8767                0.4143761992454529
2037.9589                0.4154333174228668
2038.0438                0.4169342219829559
2038.1260                0.4192324280738831
2038.2054                0.4215775132179260
2038.2904                0.4229657053947449
2038.3726                0.4216396808624268
2038.4575                0.4185688495635986
2038.5397                0.4153756797313690
2038.6246                0.4139205813407898
2038.7096                0.4142209887504578
2038.7917                0.4155928194522858
2038.8767                0.4169896543025970
2038.9589                0.4182583689689636
2039.0438                0.4197040796279907
2039.1260                0.4217390716075897
2039.2054                0.4240797460079193
2039.2904                0.4251539409160614
2039.3726                0.4238981008529663
2039.4575                0.4210442006587982
2039.5397                0.4180196821689606
2039.6246                0.4158613681793213
2039.7096                0.4159581959247589
2039.7917                0.4173282980918884
2039.8767                0.4188493788242340
2039.9589                0.4201729297637939
2040.0437                0.4217384457588196
2040.1257                0.4240086376667023
2040.2076                0.4263577461242676
2040.2924                0.4273213148117065
2040.3743                0.4263240396976471
2040.4590                0.4238215684890747
2040.5410                0.4204730689525604
2040.6257                0.4187287390232086
2040.7103                0.4187197089195251
2040.7924                0.4197931587696075
2040.8771                0.4213649034500122
2040.9590                0.4229403734207153
2041.0438                0.4246914982795715
2041.1260                0.4269586503505707
2041.2054                0.4293887019157410
2041.2904                0.4302066564559937
2041.3726                0.4289967715740204
2041.4575                0.4258275628089905
2041.5397                0.4224118888378143
2041.6246                0.4205330908298492
2041.7096                0.4207998514175415
2041.7917                0.4218420684337616
2041.8767                0.4232178330421448
2041.9589                0.4247719347476959
2042.0438                0.4261488616466522
2042.1260                0.4281396567821503
2042.2054                0.4303729236125946
2042.2904                0.4315169155597687
2042.3726                0.4302455484867096
2042.4575                0.4275190830230713
2042.5397                0.4241565763950348
2042.6246                0.4228039383888245
2042.7096                0.4230286478996277
2042.7917                0.4243846833705902
2042.8767                0.4259002208709717
2042.9589                0.4271094501018524
2043.0438                0.4286161363124847
2043.1260                0.4311501681804657
2043.2054                0.4333798885345459
2043.2904                0.4347115457057953
2043.3726                0.4337462484836578
2043.4575                0.4308587908744812
2043.5397                0.4274499118328094
2043.6246                0.4258322715759277
2043.7096                0.4259942770004272
2043.7917                0.4271223843097687
2043.8767                0.4285455942153931
2043.9589                0.4297937750816345
2044.0437                0.4316032528877258
2044.1257                0.4334937632083893
2044.2076                0.4358250796794891
2044.2924                0.4369925856590271
2044.3743                0.4359363615512848
2044.4590                0.4330247342586517
2044.5410                0.4297744929790497
2044.6257                0.4279214441776276
2044.7103                0.4280296862125397
2044.7924                0.4292464256286621
2044.8771                0.4305531978607178
2044.9590                0.4319653511047363
2045.0438                0.4332581460475922
2045.1260                0.4356100559234619
2045.2054                0.4378614127635956
2045.2904                0.4387592673301697
2045.3726                0.4376446306705475
2045.4575                0.4347951710224152
2045.5397                0.4311092793941498
2045.6246                0.4293163418769836
2045.7096                0.4297243654727936
2045.7917                0.4309421479701996
2045.8767                0.4323277771472931
2045.9589                0.4334048926830292
2046.0438                0.4347094297409058
2046.1260                0.4366534948348999
2046.2054                0.4389616549015045
2046.2904                0.4402252733707428
2046.3726                0.4392161667346954
2046.4575                0.4363883435726166
2046.5397                0.4332441389560699
2046.6246                0.4313842058181763
2046.7096                0.4316034913063049
2046.7917                0.4327156245708466
2046.8767                0.4340826570987701
2046.9589                0.4351666867733002
2047.0438                0.4366909861564636
2047.1260                0.4389314353466034
2047.2054                0.4414201676845551
2047.2904                0.4425630569458008
2047.3726                0.4413613080978394
2047.4575                0.4382844865322113
2047.5397                0.4350508749485016
2047.6246                0.4332517087459564
2047.7096                0.4334761500358582
2047.7917                0.4346351623535156
2047.8767                0.4362413585186005
2047.9589                0.4375480115413666
2048.0437                0.4393921792507172
2048.1257                0.4413955211639404
2048.2078                0.4436767697334290
2048.2922                0.4447494745254517
2048.3743                0.4437251091003418
2048.4590                0.4406692981719971
2048.5410                0.4373831152915955
2048.6257                0.4361079633235931
2048.7104                0.4364382624626160
2048.7922                0.4378845691680908
2048.8770                0.4393144845962524
2048.9590                0.4407213628292084
2049.0439                0.4421684741973877
2049.1260                0.4446426928043365
2049.2056                0.4470927715301514
2049.2905                0.4483580887317657
2049.3726                0.4470868408679962
2049.4575                0.4440497159957886
2049.5398                0.4408092498779297
2049.6248                0.4389581680297852
2049.7095                0.4393075406551361
2049.7917                0.4407180249691010
2049.8767                0.4421860277652740
2049.9590                0.4433747231960297
2050.0439                0.4447995126247406
2050.1260                0.4466044604778290
2050.2056                0.4492776095867157
2050.2905                0.4505205452442169
2050.3726                0.4491738677024841
2050.4575                0.4461996555328369
2050.5398                0.4432576596736908
2050.6248                0.4416503608226776
2050.7095                0.4417902231216431
2050.7917                0.4431501030921936
2050.8767                0.4444438219070435
2050.9590                0.4456555247306824
2051.0439                0.4471404850482941
2051.1260                0.4494516551494598
2051.2056                0.4515407383441925
2051.2905                0.4526784121990204
2051.3726                0.4515109956264496
2051.4575                0.4484273195266724
2051.5398                0.4451060891151428
2051.6248                0.4432469904422760
2051.7095                0.4437100291252136
2051.7917                0.4450516700744629
2051.8767                0.4466106593608856
2051.9590                0.4479946196079254
2052.0437                0.4494941830635071
2052.1257                0.4514519572257996
2052.2078                0.4534298479557037
2052.2922                0.4545736014842987
2052.3743                0.4534398019313812
2052.4590                0.4507633149623871
2052.5410                0.4477031230926514
2052.6257                0.4459649324417114
2052.7104                0.4461411833763123
2052.7922                0.4473278820514679
2052.8770                0.4487293958663940
2052.9590                0.4500862658023834
2053.0439                0.4516319632530212
2053.1260                0.4537444710731506
2053.2056                0.4559766352176666
2053.2905                0.4573116004467010
2053.3726                0.4560216069221497
2053.4575                0.4529560804367065
2053.5398                0.4496774077415466
2053.6248                0.4476726353168488
2053.7095                0.4479807615280151
2053.7917                0.4492657482624054
2053.8767                0.4505437016487122
2053.9590                0.4516248703002930
2054.0439                0.4530910253524780
2054.1260                0.4548909664154053
2054.2056                0.4568408131599426
2054.2905                0.4581203460693359
2054.3726                0.4569866061210632
2054.4575                0.4539709985256195
2054.5398                0.4507408738136292
2054.6248                0.4492099285125732
2054.7095                0.4494566917419434
2054.7917                0.4508711099624634
2054.8767                0.4524503648281097
2054.9590                0.4538080096244812
2055.0439                0.4554168283939362
2055.1260                0.4577726721763611
2055.2056                0.4599885344505310
2055.2905                0.4607783257961273
2055.3726                0.4596376717090607
2055.4575                0.4569219350814819
2055.5398                0.4537414908409119
2055.6248                0.4521288275718689
2055.7095                0.4525419175624847
2055.7917                0.4538003206253052
2055.8767                0.4550349414348602
2055.9590                0.4564296007156372
2056.0437                0.4585095643997192
2056.1257                0.4606780111789703
2056.2078                0.4627484977245331
2056.2922                0.4637191891670227
2056.3743                0.4627819657325745
2056.4590                0.4597761332988739
2056.5410                0.4566891789436340
2056.6257                0.4550869762897491
2056.7104                0.4555215835571289
2056.7922                0.4566213786602020
2056.8770                0.4582384526729584
2056.9590                0.4593881070613861
2057.0439                0.4610275924205780
2057.1260                0.4633544683456421
2057.2056                0.4653755426406860
2057.2905                0.4666219353675842
2057.3726                0.4654177129268646
2057.4575                0.4624415040016174
2057.5398                0.4593703448772430
2057.6248                0.4577722251415253
2057.7095                0.4580447673797607
2057.7917                0.4590795636177063
2057.8767                0.4606490731239319
2057.9590                0.4615111649036407
2058.0439                0.4628301560878754
2058.1260                0.4650625884532928
2058.2056                0.4675537943840027
2058.2905                0.4685790240764618
2058.3726                0.4673118591308594
2058.4575                0.4641351699829102
2058.5398                0.4612468779087067
2058.6248                0.4595524072647095
2058.7095                0.4597007036209106
2058.7917                0.4609905779361725
2058.8767                0.4624177515506744
2058.9590                0.4635049700737000
2059.0439                0.4650747179985046
2059.1260                0.4673721492290497
2059.2056                0.4696842432022095
2059.2905                0.4709178805351257
2059.3726                0.4697665870189667
2059.4575                0.4671566188335419
2059.5398                0.4639094173908234
2059.6248                0.4622649848461151
2059.7095                0.4623937308788300
2059.7917                0.4637947380542755
2059.8767                0.4651699364185333
2059.9590                0.4667087495326996
2060.0437                0.4684625864028931
2060.1257                0.4707100391387939
2060.2078                0.4728149473667145
2060.2922                0.4738118052482605
2060.3743                0.4724383354187012
2060.4590                0.4693469405174255
2060.5410                0.4660337567329407
2060.6257                0.4645594954490662
2060.7104                0.4647281467914581
2060.7922                0.4660453498363495
2060.8770                0.4677001535892487
2060.9590                0.4691487550735474
2061.0439                0.4708242118358612
2061.1260                0.4728871583938599
2061.2056                0.4750673174858093
2061.2905                0.4763563573360443
2061.3726                0.4751708805561066
2061.4575                0.4722547829151154
2061.5398                0.4691717922687531
2061.6248                0.4677699804306030
2061.7095                0.4680323898792267
2061.7917                0.4692046642303467
2061.8767                0.4704307913780212
2061.9590                0.4718670248985291
2062.0439                0.4734698235988617
2062.1260                0.4752027690410614
2062.2056                0.4775283038616180
2062.2905                0.4786990284919739
2062.3726                0.4774783551692963
2062.4575                0.4746836423873901
2062.5398                0.4716192781925201
2062.6248                0.4699210226535797
2062.7095                0.4702138900756836
2062.7917                0.4715062379837036
2062.8767                0.4728335142135620
2062.9590                0.4739610552787781
2063.0439                0.4757124185562134
2063.1260                0.4781154096126556
2063.2056                0.4803656637668610
2063.2905                0.4815363883972168
2063.3726                0.4803044199943542
2063.4575                0.4772995710372925
2063.5398                0.4741458296775818
2063.6248                0.4727244079113007
2063.7095                0.4734552204608917
2063.7917                0.4749212563037872
2063.8767                0.4761446416378021
2063.9590                0.4772751033306122
2064.0437                0.4788586497306824
2064.1257                0.4807492792606354
2064.2078                0.4831409454345703
2064.2922                0.4842767715454102
2064.3743                0.4829370081424713
2064.4590                0.4798054695129395
2064.5410                0.4766649305820465
2064.6257                0.4750459492206573
2064.7104                0.4752951264381409
2064.7922                0.4765803515911102
2064.8770                0.4780671596527100
2064.9590                0.4794634282588959
2065.0439                0.4813114106655121
2065.1260                0.4836568832397461
2065.2056                0.4857891499996185
2065.2905                0.4869311749935150
2065.3726                0.4855957627296448
2065.4575                0.4827090203762054
2065.5398                0.4794043600559235
2065.6248                0.4779635965824127
2065.7095                0.4780676662921906
2065.7917                0.4792347550392151
2065.8767                0.4810370206832886
2065.9590                0.4822148382663727
2066.0439                0.4839572310447693
2066.1260                0.4862171411514282
2066.2056                0.4884009063243866
2066.2905                0.4896420240402222
2066.3726                0.4883007109165192
2066.4575                0.4856379032135010
2066.5398                0.4824135303497314
2066.6248                0.4806393682956696
2066.7095                0.4809331893920898
2066.7917                0.4821975529193878
2066.8767                0.4839560389518738
2066.9590                0.4852912127971649
2067.0439                0.4868048429489136
2067.1260                0.4890558421611786
2067.2056                0.4914329648017883
2067.2905                0.4929336309432983
2067.3726                0.4914855062961578
2067.4575                0.4885336160659790
2067.5398                0.4850632250308990
2067.6248                0.4833564162254333
2067.7095                0.4838094413280487
2067.7917                0.4850390553474426
2067.8767                0.4865041673183441
2067.9590                0.4875501692295074
2068.0437                0.4889928102493286
2068.1257                0.4910703897476196
2068.2078                0.4935400187969208
2068.2922                0.4943822324275970
2068.3743                0.4931962490081787
2068.4590                0.4903753697872162
2068.5410                0.4871658384799957
2068.6257                0.4855445921421051
2068.7104                0.4860123693943024
2068.7922                0.4875510632991791
2068.8770                0.4888506829738617
2068.9590                0.4900390207767487
2069.0439                0.4918136298656464
2069.1260                0.4937358796596527
2069.2056                0.4961505234241486
2069.2905                0.4975740611553192
2069.3726                0.4964967668056488
2069.4575                0.4935342073440552
2069.5398                0.4906202554702759
2069.6248                0.4888679385185242
2069.7095                0.4890237748622894
2069.7917                0.4903762340545654
2069.8767                0.4918659031391144
2069.9590                0.4932666122913361
2070.0439                0.4948734343051910
2070.1260                0.4966076612472534
2070.2056                0.4987830817699432
2070.2905                0.4997600317001343
2070.3726                0.4986737668514252
2070.4575                0.4953601956367493
2070.5398                0.4920894205570221
2070.6248                0.4904538094997406
2070.7095                0.4909880161285400
2070.7917                0.4921140372753143
2070.8767                0.4937081038951874
2070.9590                0.4952812492847443
2071.0439                0.4968337714672089
2071.1260                0.4990143179893494
2071.2056                0.5014560222625732
2071.2905                0.5025835633277893
2071.3726                0.5012742877006531
2071.4575                0.4981333315372467
2071.5398                0.4947490394115448
2071.6248                0.4933003187179565
2071.7095                0.4934450387954712
2071.7917                0.4948500394821167
2071.8767                0.4964333176612854
2071.9590                0.4975386261940002
2072.0437                0.4993368685245514
2072.1257                0.5016006827354431
2072.2078                0.5037253499031067
2072.2922                0.5048503875732422
2072.3743                0.5036457180976868
2072.4590                0.5005670189857483
2072.5410                0.4973577857017517
2072.6257                0.4958280920982361
2072.7104                0.4961875975131989
2072.7922                0.4974233508110046
2072.8770                0.4988447427749634
2072.9590                0.5002680420875549
2073.0439                0.5020288825035095
2073.1260                0.5038912892341614
2073.2056                0.5059096813201904
2073.2905                0.5072286725044250
2073.3726                0.5059015750885010
2073.4575                0.5031587481498718
2073.5398                0.5002618432044983
2073.6248                0.4985738694667816
2073.7095                0.4988102018833160
2073.7917                0.5002518296241760
2073.8767                0.5017473101615906
2073.9590                0.5033162832260132
2074.0439                0.5049274563789368
2074.1260                0.5068519711494446
2074.2056                0.5090270638465881
2074.2905                0.5102271437644958
2074.3726                0.5088256001472473
2074.4575                0.5059635639190674
2074.5398                0.5029171109199524
2074.6248                0.5013769268989563
2074.7095                0.5019055604934692
2074.7917                0.5031505823135376
2074.8767                0.5048115849494934
2074.9590                0.5060409903526306
2075.0439                0.5076746344566345
2075.1260                0.5099401473999023
2075.2056                0.5121093392372131
2075.2905                0.5133682489395142
2075.3726                0.5123208761215210
2075.4575                0.5093511939048767
2075.5398                0.5061748623847961
2075.6248                0.5045802593231201
2075.7095                0.5051517486572266
2075.7917                0.5065307021141052
2075.8767                0.5078911185264587
2075.9590                0.5087831616401672
2076.0437                0.5102550983428955
2076.1257                0.5124408602714539
2076.2078                0.5147845745086670
2076.2922                0.5162444710731506
2076.3743                0.5151104331016541
2076.4590                0.5121504068374634
2076.5410                0.5087546110153198
2076.6257                0.5065255165100098
2076.7104                0.5066522955894470
2076.7922                0.5079993009567261
2076.8770                0.5095752477645874
2076.9590                0.5109918713569641
2077.0439                0.5126799941062927
2077.1260                0.5153819322586060
2077.2056                0.5176660418510437
2077.2905                0.5188710093498230
2077.3726                0.5173703432083130
2077.4575                0.5141972303390503
2077.5398                0.5109820365905762
2077.6248                0.5093373060226440
2077.7095                0.5096111893653870
2077.7917                0.5112729668617249
2077.8767                0.5129153728485107
2077.9590                0.5140479207038879
2078.0439                0.5156674981117249
2078.1260                0.5177668333053589
2078.2056                0.5204139351844788
2078.2905                0.5215375423431396
2078.3726                0.5201709270477295
2078.4575                0.5175125002861023
2078.5398                0.5143648386001587
2078.6248                0.5127251148223877
2078.7095                0.5133068561553955
2078.7917                0.5147097706794739
2078.8767                0.5160563588142395
2078.9590                0.5172294974327087
2079.0439                0.5188670158386230
2079.1260                0.5210487246513367
2079.2056                0.5232979059219360
2079.2905                0.5242252349853516
2079.3726                0.5229299664497375
2079.4575                0.5202439427375793
2079.5398                0.5172618031501770
2079.6248                0.5154009461402893
2079.7095                0.5158514380455017
2079.7917                0.5173680186271667
2079.8767                0.5187652707099915
2079.9590                0.5203832983970642
2080.0437                0.5220275521278381
2080.1257                0.5245227813720703
2080.2078                0.5269263386726379
2080.2922                0.5279619097709656
2080.3743                0.5266556739807129
2080.4590                0.5235001444816589
2080.5410                0.5204510092735291
2080.6257                0.5186095237731934
2080.7104                0.5191689133644104
2080.7922                0.5208461880683899
2080.8770                0.5222853422164917
2080.9590                0.5237916111946106
2081.0439                0.5255681872367859
2081.1260                0.5277137756347656
2081.2056                0.5300642251968384
2081.2905                0.5308667421340942
2081.3726                0.5294738411903381
2081.4575                0.5265339016914368
2081.5398                0.5232287049293518
2081.6248                0.5214288830757141
2081.7095                0.5220268368721008
2081.7917                0.5235323905944824
2081.8767                0.5249710083007812
2081.9590                0.5265524983406067
2082.0439                0.5282080769538879
2082.1260                0.5300017595291138
2082.2056                0.5322101116180420
2082.2905                0.5333096981048584
2082.3726                0.5320376157760620
2082.4575                0.5293717980384827
2082.5398                0.5259556770324707
2082.6248                0.5240823030471802
2082.7095                0.5243807435035706
2082.7917                0.5255628824234009
2082.8767                0.5268511176109314
2082.9590                0.5284078717231750
2083.0439                0.5300133228302002
2083.1260                0.5320737361907959
2083.2056                0.5339236259460449
2083.2905                0.5349146723747253
2083.3726                0.5335837602615356
2083.4575                0.5307283997535706
2083.5398                0.5273779034614563
2083.6248                0.5256440043449402
2083.7095                0.5261371731758118
2083.7917                0.5274872779846191
2083.8767                0.5289100408554077
2083.9590                0.5300203561782837
2084.0437                0.5319823026657104
2084.1257                0.5343948006629944
2084.2078                0.5363808870315552
2084.2922                0.5374108552932739
2084.3743                0.5362097620964050
2084.4590                0.5332707762718201
2084.5410                0.5301647782325745
2084.6257                0.5284982919692993
2084.7104                0.5290522575378418
2084.7922                0.5307601094245911
2084.8770                0.5324605107307434
2084.9590                0.5340545773506165
2085.0439                0.5358187556266785
2085.1260                0.5378702282905579
2085.2056                0.5407189726829529
2085.2905                0.5421339273452759
2085.3726                0.5408592820167542
2085.4575                0.5376719832420349
2085.5398                0.5343735218048096
2085.6248                0.5328767895698547
2085.7095                0.5332418680191040
2085.7917                0.5345466732978821
2085.8767                0.5360217690467834
2085.9590                0.5374379158020020
2086.0439                0.5390338897705078
2086.1260                0.5411507487297058
2086.2056                0.5433119535446167
2086.2905                0.5445919036865234
2086.3726                0.5435798168182373
2086.4575                0.5407403707504272
2086.5398                0.5375561714172363
2086.6248                0.5357649326324463
2086.7095                0.5362352728843689
2086.7917                0.5376425385475159
2086.8767                0.5388022065162659
2086.9590                0.5400595664978027
2087.0439                0.5414710640907288
2087.1260                0.5438460707664490
2087.2056                0.5460250973701477
2087.2905                0.5471617579460144
2087.3726                0.5456851720809937
2087.4575                0.5429208278656006
2087.5398                0.5398251414299011
2087.6248                0.5385275483131409
2087.7095                0.5390511751174927
2087.7917                0.5406063199043274
2087.8767                0.5420790910720825
2087.9590                0.5436033606529236
2088.0437                0.5453233718872070
2088.1257                0.5474739670753479
2088.2078                0.5497151017189026
2088.2922                0.5509584546089172
2088.3743                0.5498259663581848
2088.4590                0.5469419956207275
2088.5410                0.5435826778411865
2088.6257                0.5419357419013977
2088.7104                0.5424343943595886
2088.7922                0.5438767671585083
2088.8770                0.5449677109718323
2088.9590                0.5463812947273254
2089.0439                0.5478299856185913
2089.1260                0.5499550104141235
2089.2056                0.5523280501365662
2089.2905                0.5531850457191467
2089.3726                0.5519160628318787
2089.4575                0.5493273138999939
2089.5398                0.5459863543510437
2089.6248                0.5441067814826965
2089.7095                0.5448765754699707
2089.7917                0.5461712479591370
2089.8767                0.5475800633430481
2089.9590                0.5488263368606567
2090.0439                0.5506980419158936
2090.1260                0.5529061555862427
2090.2056                0.5553032159805298
2090.2905                0.5561179518699646
2090.3726                0.5548749566078186
2090.4575                0.5518313050270081
2090.5398                0.5488135218620300
2090.6248                0.5470523238182068
2090.7095                0.5474726557731628
2090.7917                0.5489964485168457
2090.8767                0.5505553483963013
2090.9590                0.5517825484275818
2091.0439                0.5533544421195984
2091.1260                0.5554688572883606
2091.2056                0.5576406717300415
2091.2905                0.5590372085571289
2091.3726                0.5576480031013489
2091.4575                0.5546573400497437
2091.5398                0.5515462756156921
2091.6248                0.5502384305000305
2091.7095                0.5506491661071777
2091.7917                0.5516214370727539
2091.8767                0.5531826019287109
2091.9590                0.5543358922004700
2092.0437                0.5559894442558289
2092.1257                0.5583891868591309
2092.2078                0.5607153177261353
2092.2922                0.5620046257972717
2092.3743                0.5607613325119019
2092.4590                0.5576601624488831
2092.5410                0.5546013116836548
2092.6257                0.5529755949974060
2092.7104                0.5534968972206116
2092.7922                0.5549231171607971
2092.8770                0.5561240315437317
2092.9590                0.5574796795845032
2093.0439                0.5592870712280273
2093.1260                0.5615090727806091
2093.2056                0.5635598897933960
2093.2905                0.5645699501037598
2093.3726                0.5633193850517273
2093.4575                0.5606575608253479
2093.5398                0.5577567219734192
2093.6248                0.5562667846679688
2093.7095                0.5568438768386841
2093.7917                0.5583891272544861
2093.8767                0.5599991679191589
2093.9590                0.5613570809364319
2094.0439                0.5629911422729492
2094.1260                0.5649603605270386
2094.2056                0.5675298571586609
2094.2905                0.5689404010772705
2094.3726                0.5677447915077209
2094.4575                0.5649338960647583
2094.5398                0.5622183084487915
2094.6248                0.5605276226997375
2094.7095                0.5610193610191345
2094.7917                0.5625085830688477
2094.8767                0.5639774203300476
2094.9590                0.5652095079421997
2095.0439                0.5667699575424194
2095.1260                0.5689064264297485
2095.2056                0.5710842609405518
2095.2905                0.5721104145050049
2095.3726                0.5705356597900391
2095.4575                0.5676746368408203
2095.5398                0.5641466975212097
2095.6248                0.5624546408653259
2095.7095                0.5628765225410461
2095.7917                0.5643720626831055
2095.8767                0.5656509399414062
2095.9590                0.5666979551315308
2096.0437                0.5686693191528320
2096.1257                0.5705515742301941
2096.2078                0.5729944705963135
2096.2922                0.5739524364471436
2096.3743                0.5726972818374634
2096.4590                0.5698066353797913
2096.5410                0.5669074058532715
2096.6257                0.5651487708091736
2096.7104                0.5658181905746460
2096.7922                0.5674090385437012
2096.8770                0.5687004327774048
2096.9590                0.5702540874481201
2097.0439                0.5718966722488403
2097.1260                0.5742754340171814
2097.2056                0.5763505697250366
2097.2905                0.5773428678512573
2097.3726                0.5763030052185059
2097.4575                0.5733324289321899
2097.5398                0.5699673295021057
2097.6248                0.5684809088706970
2097.7095                0.5688661932945251
2097.7917                0.5704833865165710
2097.8767                0.5718225240707397
2097.9590                0.5729283690452576
2098.0439                0.5744202733039856
2098.1260                0.5767558217048645
2098.2056                0.5793533325195312
2098.2905                0.5802463889122009
2098.3726                0.5791296362876892
2098.4575                0.5761770606040955
2098.5398                0.5731743574142456
2098.6248                0.5712673664093018
2098.7095                0.5716527700424194
2098.7917                0.5724676847457886
2098.8767                0.5740057229995728
2098.9590                0.5753473043441772
2099.0439                0.5765869617462158
2099.1260                0.5786018371582031
2099.2056                0.5804873108863831
2099.2905                0.5817542672157288
2099.3726                0.5810104012489319
2099.4575                0.5783189535140991
2099.5398                0.5748082399368286
2099.6248                0.5730931758880615
2099.7095                0.5734934806823730
2099.7917                0.5750346779823303
2099.8767                0.5765269398689270
2099.9590                0.5778336524963379
2100.0439                0.5795808434486389
2100.1260                0.5816011428833008
2100.2056                0.5841076374053955
2100.2905                0.5848111510276794
2100.3726                0.5837312936782837
2100.4575                0.5808455348014832
2100.5398                0.5779393315315247
2100.6248                0.5761896967887878
2100.7095                0.5764934420585632
2100.7917                0.5781479477882385
2100.8767                0.5796115994453430
2100.9590                0.5811408758163452
