2001.0438                0.0699957460165024
2001.1260                0.0702695548534393
2001.2054                0.0704918354749680
2001.2904                0.0706364288926125
2001.3726                0.0706866905093193
2001.4575                0.0707079619169235
2001.5397                0.0709051340818405
2001.6246                0.0708605572581291
2001.7096                0.0707734748721123
2001.7917                0.0708701014518738
2001.8767                0.0711637362837791
2001.9589                0.0714442655444145
2002.0438                0.0715320780873299
2002.1260                0.0715222507715225
2002.2054                0.0719383507966995
2002.2904                0.0723779127001762
2002.3726                0.0725593417882919
2002.4575                0.0725538581609726
2002.5397                0.0725550428032875
2002.6246                0.0724253728985786
2002.7096                0.0723803266882896
2002.7917                0.0726193115115166
2002.8767                0.0729975700378418
2002.9589                0.0728579834103584
2003.0438                0.0728288963437080
2003.1260                0.0730171650648117
2003.2054                0.0729051530361176
2003.2904                0.0729155391454697
2003.3726                0.0730336979031563
2003.4575                0.0732471272349358
2003.5397                0.0733045488595963
2003.6246                0.0734817013144493
2003.7096                0.0732694417238235
2003.7917                0.0735719278454781
2003.8767                0.0737209841609001
2003.9589                0.0741904824972153
2004.0437                0.0747288167476654
2004.1257                0.0746529921889305
2004.2076                0.0751601383090019
2004.2924                0.0752283483743668
2004.3743                0.0754696652293205
2004.4590                0.0754758790135384
2004.5410                0.0755645111203194
2004.6257                0.0755179151892662
2004.7103                0.0758584216237068
2004.7924                0.0760621428489685
2004.8771                0.0762373656034470
2004.9590                0.0766953676939011
2005.0438                0.0768310353159904
2005.1260                0.0771945938467979
2005.2054                0.0772430002689362
2005.2904                0.0774063542485237
2005.3726                0.0777536332607269
2005.4575                0.0779155716300011
2005.5397                0.0782632157206535
2005.6246                0.0782696381211281
2005.7096                0.0780787095427513
2005.7917                0.0783480182290077
2005.8767                0.0788591653108597
2005.9589                0.0788673684000969
2006.0438                0.0790354982018471
2006.1260                0.0791861191391945
2006.2054                0.0792200416326523
2006.2904                0.0792182460427284
2006.3726                0.0796196237206459
2006.4575                0.0796925202012062
2006.5397                0.0800306349992752
2006.6246                0.0802178904414177
2006.7096                0.0799538493156433
2006.7917                0.0800071880221367
2006.8767                0.0799927785992622
2006.9589                0.0803502649068832
2007.0438                0.0802993625402451
2007.1260                0.0802473351359367
2007.2054                0.0804900899529457
2007.2904                0.0809615477919579
2007.3726                0.0810362622141838
2007.4575                0.0814222767949104
2007.5397                0.0816147997975349
2007.6246                0.0813993215560913
2007.7096                0.0814544185996056
2007.7917                0.0817129313945770
2007.8767                0.0820033252239227
2007.9589                0.0823927596211433
2008.0437                0.0829243361949921
2008.1257                0.0828722268342972
2008.2076                0.0830911621451378
2008.2924                0.0833541080355644
2008.3743                0.0832410454750061
2008.4590                0.0832382962107658
2008.5410                0.0835796147584915
2008.6257                0.0833805948495865
2008.7103                0.0833756774663925
2008.7924                0.0835339426994324
2008.8771                0.0837529450654984
2008.9590                0.0839760154485703
2009.0438                0.0841057971119881
2009.1260                0.0845798030495644
2009.2054                0.0848140344023705
2009.2904                0.0849575698375702
2009.3726                0.0845969021320343
2009.4575                0.0847078710794449
2009.5397                0.0848506987094879
2009.6246                0.0850016772747040
2009.7096                0.0854770317673683
2009.7917                0.0854326710104942
2009.8767                0.0855591744184494
2009.9589                0.0855610817670822
2010.0438                0.0858195051550865
2010.1260                0.0859782546758652
2010.2054                0.0861660912632942
2010.2904                0.0867873206734657
2010.3726                0.0870930999517441
2010.4575                0.0874602571129799
2010.5397                0.0875350609421730
2010.6246                0.0876322463154793
2010.7096                0.0875407159328461
2010.7917                0.0877234414219856
2010.8767                0.0878863036632538
2010.9589                0.0881977230310440
2011.0438                0.0881799235939980
2011.1260                0.0884551405906677
2011.2054                0.0887692198157310
2011.2904                0.0890796780586243
2011.3726                0.0891818180680275
2011.4575                0.0894248485565186
2011.5397                0.0894338488578796
2011.6246                0.0893679633736610
2011.7096                0.0893369689583778
2011.7917                0.0896201357245445
2011.8767                0.0898382589221001
2011.9589                0.0901409462094307
2012.0437                0.0905515477061272
2012.1257                0.0907233357429504
2012.2076                0.0908411741256714
2012.2924                0.0908678919076920
2012.3743                0.0908464342355728
2012.4590                0.0907449051737785
2012.5410                0.0907927602529526
2012.6257                0.0907087847590446
2012.7103                0.0908191725611687
2012.7924                0.0910011902451515
2012.8771                0.0912242159247398
2012.9590                0.0915015414357185
2013.0438                0.0916954427957535
2013.1260                0.0915624648332596
2013.2054                0.0917507782578468
2013.2904                0.0922056660056114
2013.3726                0.0925835669040680
2013.4575                0.0927109345793724
2013.5397                0.0931724980473518
2013.6246                0.0930838286876678
2013.7096                0.0930104777216911
2013.7917                0.0933661460876465
2013.8767                0.0933973118662834
2013.9589                0.0933822244405746
2014.0438                0.0936714932322502
2014.1260                0.0936942771077156
2014.2054                0.0938649848103523
2014.2904                0.0941816493868828
2014.3726                0.0942804217338562
2014.4575                0.0941246002912521
2014.5397                0.0943780615925789
2014.6246                0.0945820659399033
2014.7096                0.0947254374623299
2014.7917                0.0947960913181305
2014.8767                0.0947936549782753
2014.9589                0.0950719490647316
2015.0438                0.0954704582691193
2015.1260                0.0956893190741539
2015.2054                0.0957099050283432
2015.2904                0.0955672413110733
2015.3726                0.0958303064107895
2015.4575                0.0960916280746460
2015.5397                0.0964460298418999
2015.6246                0.0964303612709045
2015.7096                0.0965047106146812
2015.7917                0.0969075337052345
2015.8767                0.0970802903175354
2015.9589                0.0973843485116959
2016.0437                0.0976941511034966
2016.1257                0.0975043699145317
2016.2076                0.0977110341191292
2016.2924                0.0981424823403358
2016.3743                0.0984602943062782
2016.4590                0.0987067371606827
2016.5410                0.0988442450761795
2016.6257                0.0989382788538933
2016.7103                0.0990893617272377
2016.7924                0.0993821471929550
2016.8771                0.0993140861392021
2016.9590                0.0996643975377083
2017.0438                0.0998148247599602
2017.1260                0.0999828279018402
2017.2054                0.1001391634345055
2017.2904                0.1006087586283684
2017.3726                0.1006995737552643
2017.4575                0.1009337529540062
2017.5397                0.1010260060429573
2017.6246                0.1010623276233673
2017.7096                0.1013231873512268
2017.7917                0.1014694273471832
2017.8767                0.1016057580709457
2017.9589                0.1021454185247421
2018.0438                0.1024547293782234
2018.1260                0.1028070971369743
2018.2054                0.1029397919774055
2018.2904                0.1030844524502754
2018.3726                0.1033033281564713
2018.4575                0.1034733653068542
2018.5397                0.1036405712366104
2018.6246                0.1037256866693497
2018.7096                0.1039524003863335
2018.7917                0.1041263639926910
2018.8767                0.1041732355952263
2018.9589                0.1045685783028603
2019.0438                0.1049063205718994
2019.1260                0.1047277897596359
2019.2054                0.1051687076687813
2019.2904                0.1056751012802124
2019.3726                0.1059565544128418
2019.4575                0.1060127094388008
2019.5397                0.1061373129487038
2019.6246                0.1061436980962753
2019.7096                0.1061497256159782
2019.7917                0.1062911823391914
2019.8767                0.1065412163734436
2019.9589                0.1068197041749954
2020.0437                0.1069744452834129
2020.1257                0.1069982722401619
2020.2076                0.1075932979583740
2020.2924                0.1077782884240150
2020.3743                0.1080867797136307
2020.4590                0.1081677079200745
2020.5410                0.1081412881612778
2020.6257                0.1081552654504776
2020.7103                0.1083501130342484
2020.7924                0.1086161285638809
2020.8771                0.1085909083485603
2020.9590                0.1091542914509773
2021.0438                0.1094707921147346
2021.1260                0.1094039008021355
2021.2054                0.1094059050083160
2021.2904                0.1095710769295692
2021.3726                0.1096495315432549
2021.4575                0.1096344739198685
2021.5397                0.1096817404031754
2021.6246                0.1100267395377159
2021.7096                0.1104151532053947
2021.7917                0.1105841547250748
2021.8767                0.1107494160532951
2021.9589                0.1107509806752205
2022.0438                0.1109951436519623
2022.1260                0.1111350283026695
2022.2054                0.1113727316260338
2022.2904                0.1114547401666641
2022.3726                0.1116739436984062
2022.4575                0.1118443161249161
2022.5397                0.1119914501905441
2022.6246                0.1121385395526886
2022.7096                0.1125386208295822
2022.7917                0.1127968057990074
2022.8767                0.1127759888768196
2022.9589                0.1132194772362709
2023.0438                0.1135322004556656
2023.1260                0.1138143390417099
2023.2054                0.1141243427991867
2023.2904                0.1143161952495575
2023.3726                0.1144905239343643
2023.4575                0.1146995723247528
2023.5397                0.1149337440729141
2023.6246                0.1152431443333626
2023.7096                0.1154301464557648
2023.7917                0.1155327931046486
2023.8767                0.1155674606561661
2023.9589                0.1157347485423088
2024.0437                0.1161168739199638
2024.1257                0.1164630204439163
2024.2076                0.1168069839477539
2024.2924                0.1169768273830414
2024.3743                0.1171209365129471
2024.4590                0.1172616407275200
2024.5410                0.1171238869428635
2024.6257                0.1173010021448135
2024.7103                0.1172196194529533
2024.7924                0.1171749606728554
2024.8771                0.1175950616598129
2024.9590                0.1179955750703812
2025.0438                0.1183547377586365
2025.1260                0.1186518073081970
2025.2054                0.1189391389489174
2025.2904                0.1189609393477440
2025.3726                0.1193337887525558
2025.4575                0.1190971732139587
2025.5397                0.1194073930382729
2025.6246                0.1194475442171097
2025.7096                0.1194323748350143
2025.7917                0.1198174729943275
2025.8767                0.1196817606687546
2025.9589                0.1197257488965988
2026.0438                0.1199285984039307
2026.1260                0.1201032474637032
2026.2054                0.1201175823807716
2026.2904                0.1206286773085594
2026.3726                0.1209375262260437
2026.4575                0.1208892241120338
2026.5397                0.1209912002086639
2026.6246                0.1211683228611946
2026.7096                0.1213151216506958
2026.7917                0.1216764524579048
2026.8767                0.1220105662941933
2026.9589                0.1223151236772537
2027.0438                0.1223362013697624
2027.1260                0.1229403316974640
2027.2054                0.1231902614235878
2027.2904                0.1234345436096191
2027.3726                0.1236452609300613
2027.4575                0.1237298548221588
2027.5397                0.1239749789237976
2027.6246                0.1241346970200539
2027.7096                0.1242775171995163
2027.7917                0.1242391914129257
2027.8767                0.1245918273925781
2027.9589                0.1251121759414673
2028.0437                0.1256916821002960
2028.1257                0.1258493363857269
2028.2076                0.1262026429176331
2028.2924                0.1263479888439178
2028.3743                0.1263774782419205
2028.4590                0.1263658702373505
2028.5410                0.1267049908638000
2028.6257                0.1267925500869751
2028.7103                0.1269766390323639
2028.7924                0.1271505355834961
2028.8771                0.1272169053554535
2028.9590                0.1274964362382889
2029.0438                0.1276305466890335
2029.1260                0.1278824210166931
2029.2054                0.1280990242958069
2029.2904                0.1283580362796783
2029.3726                0.1285538822412491
2029.4575                0.1283870041370392
2029.5397                0.1285804659128189
2029.6246                0.1288801580667496
2029.7096                0.1293243020772934
2029.7917                0.1294735223054886
2029.8767                0.1297571659088135
2029.9589                0.1298943161964417
2030.0438                0.1303529888391495
2030.1260                0.1304691880941391
2030.2054                0.1306549459695816
2030.2904                0.1308412998914719
2030.3726                0.1311308145523071
2030.4575                0.1312675476074219
2030.5397                0.1315749138593674
2030.6246                0.1317191570997238
2030.7096                0.1319000869989395
2030.7917                0.1320727765560150
2030.8767                0.1322131603956223
2030.9589                0.1320845186710358
2031.0438                0.1323663145303726
2031.1260                0.1326777040958405
2031.2054                0.1330313682556152
2031.2904                0.1334410309791565
2031.3726                0.1337022781372070
2031.4575                0.1337792575359344
2031.5397                0.1336735188961029
2031.6246                0.1337497085332870
2031.7096                0.1339105367660522
2031.7917                0.1341304183006287
2031.8767                0.1346397101879120
2031.9589                0.1348704099655151
2032.0437                0.1350640952587128
2032.1257                0.1354826539754868
2032.2076                0.1358725279569626
2032.2924                0.1361829191446304
2032.3743                0.1364187300205231
2032.4590                0.1368814259767532
2032.5410                0.1370492875576019
2032.6257                0.1374830901622772
2032.7103                0.1374513357877731
2032.7924                0.1379238367080688
2032.8771                0.1384725421667099
2032.9590                0.1383510977029800
2033.0438                0.1387304067611694
2033.1260                0.1387797594070435
2033.2054                0.1391872912645340
2033.2904                0.1394191682338715
2033.3726                0.1399449408054352
2033.4575                0.1399316191673279
2033.5397                0.1398873478174210
2033.6246                0.1402587443590164
2033.7096                0.1405970007181168
2033.7917                0.1407066881656647
2033.8767                0.1412696093320847
2033.9589                0.1415869742631912
2034.0438                0.1416693627834320
2034.1260                0.1420393586158752
2034.2054                0.1426280587911606
2034.2904                0.1428781151771545
2034.3726                0.1429308354854584
2034.4575                0.1432089358568192
2034.5397                0.1432161182165146
2034.6246                0.1433988213539124
2034.7096                0.1436745822429657
2034.7917                0.1437304019927979
2034.8767                0.1438867002725601
2034.9589                0.1442670226097107
2035.0438                0.1445893645286560
2035.1260                0.1450973302125931
2035.2054                0.1451937109231949
2035.2904                0.1454377919435501
2035.3726                0.1456849575042725
2035.4575                0.1457971185445786
2035.5397                0.1457019299268723
2035.6246                0.1457684040069580
2035.7096                0.1460767239332199
2035.7917                0.1463201493024826
2035.8767                0.1464809328317642
2035.9589                0.1468226015567780
2036.0437                0.1472558826208115
2036.1257                0.1474563330411911
2036.2076                0.1476136147975922
2036.2924                0.1478545218706131
2036.3743                0.1478559523820877
2036.4590                0.1481109559535980
2036.5410                0.1482674926519394
2036.6257                0.1482399255037308
2036.7103                0.1484152674674988
2036.7924                0.1485398858785629
2036.8771                0.1489437967538834
2036.9590                0.1491466164588928
2037.0438                0.1497472226619720
2037.1260                0.1501757204532623
2037.2054                0.1503720730543137
2037.2904                0.1508378982543945
2037.3726                0.1512131690979004
2037.4575                0.1517353504896164
2037.5397                0.1519071012735367
2037.6246                0.1521084904670715
2037.7096                0.1522184014320374
2037.7917                0.1523930579423904
2037.8767                0.1525362432003021
2037.9589                0.1530675292015076
2038.0438                0.1535863280296326
2038.1260                0.1540050357580185
2038.2054                0.1539149135351181
2038.2904                0.1541627794504166
2038.3726                0.1546167135238647
2038.4575                0.1549461632966995
2038.5397                0.1551461368799210
2038.6246                0.1551532447338104
2038.7096                0.1552721709012985
2038.7917                0.1554797589778900
2038.8767                0.1555762588977814
2038.9589                0.1560739278793335
2039.0438                0.1564710587263107
2039.1260                0.1568744927644730
2039.2054                0.1572130769491196
2039.2904                0.1578927636146545
2039.3726                0.1583287119865417
2039.4575                0.1584689617156982
2039.5397                0.1586732268333435
2039.6246                0.1591121852397919
2039.7096                0.1592968404293060
2039.7917                0.1594406813383102
2039.8767                0.1596780270338058
2039.9589                0.1600119918584824
2040.0437                0.1602344363927841
2040.1257                0.1606127321720123
2040.2076                0.1610278338193893
2040.2924                0.1613579690456390
2040.3743                0.1616951525211334
2040.4590                0.1619446575641632
2040.5410                0.1622389256954193
2040.6257                0.1627135276794434
2040.7103                0.1628587394952774
2040.7924                0.1629747152328491
2040.8771                0.1633245944976807
2040.9590                0.1634898334741592
2041.0438                0.1637667864561081
2041.1260                0.1642893701791763
2041.2054                0.1644375324249268
2041.2904                0.1648801416158676
2041.3726                0.1651830822229385
2041.4575                0.1654285192489624
2041.5397                0.1658564507961273
2041.6246                0.1660134494304657
2041.7096                0.1663155108690262
2041.7917                0.1668621301651001
2041.8767                0.1670689135789871
2041.9589                0.1674741655588150
2042.0438                0.1676087975502014
2042.1260                0.1675761044025421
2042.2054                0.1678393930196762
2042.2904                0.1684887409210205
2042.3726                0.1687381565570831
2042.4575                0.1689654737710953
2042.5397                0.1693499535322189
2042.6246                0.1696773618459702
2042.7096                0.1700403392314911
2042.7917                0.1703137904405594
2042.8767                0.1707037240266800
2042.9589                0.1710397750139236
2043.0438                0.1711659282445908
2043.1260                0.1716570556163788
2043.2054                0.1722780317068100
2043.2904                0.1723781824111938
2043.3726                0.1726888865232468
2043.4575                0.1731683313846588
2043.5397                0.1736105233430862
2043.6246                0.1740634441375732
2043.7096                0.1742861121892929
2043.7917                0.1744194030761719
2043.8767                0.1750647127628326
2043.9589                0.1754052191972733
2044.0437                0.1756482124328613
2044.1257                0.1760391741991043
2044.2076                0.1762951910495758
2044.2924                0.1765215843915939
2044.3743                0.1768118739128113
2044.4590                0.1771595180034637
2044.5410                0.1777607500553131
2044.6257                0.1783208400011063
2044.7103                0.1786136925220490
2044.7924                0.1788973510265350
2044.8771                0.1792696416378021
2044.9590                0.1796843856573105
2045.0438                0.1799689233303070
2045.1260                0.1801522374153137
2045.2054                0.1804199367761612
2045.2904                0.1809188276529312
2045.3726                0.1811462044715881
2045.4575                0.1814838200807571
2045.5397                0.1816846877336502
2045.6246                0.1819541156291962
2045.7096                0.1821152567863464
2045.7917                0.1823574453592300
2045.8767                0.1826622188091278
2045.9589                0.1830410659313202
2046.0438                0.1831183284521103
2046.1260                0.1833969652652740
2046.2054                0.1838864982128143
2046.2904                0.1843496710062027
2046.3726                0.1846379190683365
2046.4575                0.1848318874835968
2046.5397                0.1850591152906418
2046.6246                0.1852956265211105
2046.7096                0.1857353895902634
2046.7917                0.1858873218297958
2046.8767                0.1860229820013046
2046.9589                0.1860958337783813
2047.0438                0.1864102333784103
2047.1260                0.1867504268884659
2047.2054                0.1871061176061630
2047.2904                0.1877435743808746
2047.3726                0.1882456541061401
2047.4575                0.1884471774101257
2047.5397                0.1887360662221909
2047.6246                0.1893933862447739
2047.7096                0.1894184201955795
2047.7917                0.1894492954015732
2047.8767                0.1896412819623947
2047.9589                0.1897012889385223
2048.0437                0.1898106187582016
2048.1257                0.1901636719703674
2048.2078                0.1905407458543777
2048.2922                0.1904646307229996
2048.3743                0.1906145215034485
2048.4590                0.1908706724643707
2048.5410                0.1911788731813431
2048.6257                0.1916480362415314
2048.7104                0.1920164525508881
2048.7922                0.1922679990530014
2048.8770                0.1924228519201279
2048.9590                0.1927843689918518
2049.0439                0.1928966045379639
2049.1260                0.1931817233562469
2049.2056                0.1935753077268600
2049.2905                0.1942442357540131
2049.3726                0.1945694535970688
2049.4575                0.1946003139019012
2049.5398                0.1951764672994614
2049.6248                0.1955459266901016
2049.7095                0.1958265006542206
2049.7917                0.1958934515714645
2049.8767                0.1960962116718292
2049.9590                0.1959112733602524
2050.0439                0.1960652768611908
2050.1260                0.1962572038173676
2050.2056                0.1967253983020782
2050.2905                0.1972244530916214
2050.3726                0.1973762810230255
2050.4575                0.1975519508123398
2050.5398                0.1979841589927673
2050.6248                0.1983204036951065
2050.7095                0.1985640227794647
2050.7917                0.1990615576505661
2050.8767                0.1995365470647812
2050.9590                0.2001784294843674
2051.0439                0.2004001140594482
2051.1260                0.2007353901863098
2051.2056                0.2012920379638672
2051.2905                0.2017708867788315
2051.3726                0.2018011808395386
2051.4575                0.2021384388208389
2051.5398                0.2026461809873581
2051.6248                0.2027202248573303
2051.7095                0.2029979974031448
2051.7917                0.2035172283649445
2051.8767                0.2035030424594879
2051.9590                0.2039653956890106
2052.0437                0.2040755003690720
2052.1257                0.2046847492456436
2052.2078                0.2051331996917725
2052.2922                0.2055919021368027
2052.3743                0.2055478543043137
2052.4590                0.2057631015777588
2052.5410                0.2058122158050537
2052.6257                0.2060050964355469
2052.7104                0.2064944654703140
2052.7922                0.2071508914232254
2052.8770                0.2073702961206436
2052.9590                0.2074834555387497
2053.0439                0.2080397307872772
2053.1260                0.2083200216293335
2053.2056                0.2088647633790970
2053.2905                0.2093467116355896
2053.3726                0.2094192802906036
2053.4575                0.2097726315259933
2053.5398                0.2103460729122162
2053.6248                0.2107369005680084
2053.7095                0.2111042290925980
2053.7917                0.2114856392145157
2053.8767                0.2117012143135071
2053.9590                0.2123755216598511
2054.0439                0.2125825881958008
2054.1260                0.2126988768577576
2054.2056                0.2134115397930145
2054.2905                0.2137021720409393
2054.3726                0.2139897197484970
2054.4575                0.2144744694232941
2054.5398                0.2148622125387192
2054.6248                0.2149964720010757
2054.7095                0.2153489440679550
2054.7917                0.2154937386512756
2054.8767                0.2160947173833847
2054.9590                0.2165478020906448
2055.0439                0.2168703973293304
2055.1260                0.2171517014503479
2055.2056                0.2177221179008484
2055.2905                0.2181114256381989
2055.3726                0.2186395823955536
2055.4575                0.2190976589918137
2055.5398                0.2193182706832886
2055.6248                0.2195570468902588
2055.7095                0.2199014723300934
2055.7917                0.2203363180160522
2055.8767                0.2203929871320724
2055.9590                0.2205327898263931
2056.0437                0.2208433151245117
2056.1257                0.2210275232791901
2056.2078                0.2215091139078140
2056.2922                0.2222572714090347
2056.3743                0.2224933356046677
2056.4590                0.2226210087537766
2056.5410                0.2230162322521210
2056.6257                0.2233233153820038
2056.7104                0.2236295640468597
2056.7922                0.2240333855152130
2056.8770                0.2243252247571945
2056.9590                0.2246051877737045
2057.0439                0.2248926162719727
2057.1260                0.2252380251884460
2057.2056                0.2256921380758286
2057.2905                0.2262322455644608
2057.3726                0.2262835949659348
2057.4575                0.2268877178430557
2057.5398                0.2273340970277786
2057.6248                0.2278136759996414
2057.7095                0.2283286303281784
2057.7917                0.2283536791801453
2057.8767                0.2289043962955475
2057.9590                0.2291430234909058
2058.0439                0.2292744368314743
2058.1260                0.2296997159719467
2058.2056                0.2298715263605118
2058.2905                0.2303424328565598
2058.3726                0.2307572364807129
2058.4575                0.2308990806341171
2058.5398                0.2310966253280640
2058.6248                0.2315110862255096
2058.7095                0.2319696992635727
2058.7917                0.2324794232845306
2058.8767                0.2327924966812134
2058.9590                0.2332061827182770
2059.0439                0.2335832715034485
2059.1260                0.2339831590652466
2059.2056                0.2344209998846054
2059.2905                0.2345650196075439
2059.3726                0.2348842471837997
2059.4575                0.2354572713375092
2059.5398                0.2355656623840332
2059.6248                0.2360409051179886
2059.7095                0.2364870905876160
2059.7917                0.2367634773254395
2059.8767                0.2368212342262268
2059.9590                0.2373423576354980
2060.0437                0.2378248125314713
2060.1257                0.2382236868143082
2060.2078                0.2387209683656693
2060.2922                0.2392617166042328
2060.3743                0.2395875006914139
2060.4590                0.2397475987672806
2060.5410                0.2400390654802322
2060.6257                0.2403810620307922
2060.7104                0.2407861053943634
2060.7922                0.2411189526319504
2060.8770                0.2413547784090042
2060.9590                0.2415449768304825
2061.0439                0.2416916042566299
2061.1260                0.2417717427015305
2061.2056                0.2422357648611069
2061.2905                0.2427300214767456
2061.3726                0.2432257980108261
2061.4575                0.2435707747936249
2061.5398                0.2437369823455811
2061.6248                0.2441482990980148
2061.7095                0.2447650730609894
2061.7917                0.2452066391706467
2061.8767                0.2456785738468170
2061.9590                0.2464431375265121
2062.0439                0.2468293160200119
2062.1260                0.2472113072872162
2062.2056                0.2478139847517014
2062.2905                0.2484392076730728
2062.3726                0.2490194290876389
2062.4575                0.2494222223758698
2062.5398                0.2499224841594696
2062.6248                0.2503184676170349
2062.7095                0.2507214248180389
2062.7917                0.2510216832160950
2062.8767                0.2514724731445312
2062.9590                0.2518187761306763
2063.0439                0.2523799538612366
2063.1260                0.2523011565208435
2063.2056                0.2525112032890320
2063.2905                0.2530973851680756
2063.3726                0.2533378005027771
2063.4575                0.2538964748382568
2063.5398                0.2542090415954590
2063.6248                0.2546405196189880
2063.7095                0.2548590600490570
2063.7917                0.2555156946182251
2063.8767                0.2559548020362854
2063.9590                0.2561401724815369
2064.0437                0.2565667629241943
2064.1257                0.2568565607070923
2064.2078                0.2572240531444550
2064.2922                0.2573480308055878
2064.3743                0.2576136887073517
2064.4590                0.2575589120388031
2064.5410                0.2577610015869141
2064.6257                0.2583457231521606
2064.7104                0.2587792575359344
2064.7922                0.2592370212078094
2064.8770                0.2595371305942535
2064.9590                0.2595081627368927
2065.0439                0.2598619759082794
2065.1260                0.2601603567600250
2065.2056                0.2605507373809814
2065.2905                0.2608645856380463
2065.3726                0.2614313364028931
2065.4575                0.2618152797222137
2065.5398                0.2618153691291809
2065.6248                0.2622971832752228
2065.7095                0.2628227472305298
2065.7917                0.2629522085189819
2065.8767                0.2632446885108948
2065.9590                0.2637282311916351
2066.0439                0.2638347148895264
2066.1260                0.2644746303558350
2066.2056                0.2647887468338013
2066.2905                0.2654418945312500
2066.3726                0.2658084332942963
2066.4575                0.2660819888114929
2066.5398                0.2663346529006958
2066.6248                0.2664889693260193
2066.7095                0.2668651044368744
2066.7917                0.2673163712024689
2066.8767                0.2675153315067291
2066.9590                0.2680796682834625
2067.0439                0.2683901190757751
2067.1260                0.2684317827224731
2067.2056                0.2689011991024017
2067.2905                0.2691024541854858
2067.3726                0.2694101035594940
2067.4575                0.2700369358062744
2067.5398                0.2705354094505310
2067.6248                0.2708063721656799
2067.7095                0.2712696492671967
2067.7917                0.2716659307479858
2067.8767                0.2720824182033539
2067.9590                0.2724371850490570
2068.0437                0.2727612555027008
2068.1257                0.2734197080135345
2068.2078                0.2737894654273987
2068.2922                0.2740655243396759
2068.3743                0.2743313610553741
2068.4590                0.2744672894477844
2068.5410                0.2749952077865601
2068.6257                0.2754341661930084
2068.7104                0.2760905027389526
2068.7922                0.2765175998210907
2068.8770                0.2769088745117188
2068.9590                0.2772164046764374
2069.0439                0.2776800394058228
2069.1260                0.2780735790729523
2069.2056                0.2783523499965668
2069.2905                0.2787958383560181
2069.3726                0.2791267037391663
2069.4575                0.2791717946529388
2069.5398                0.2794354856014252
2069.6248                0.2800814509391785
2069.7095                0.2806440293788910
2069.7917                0.2812147438526154
2069.8767                0.2814107835292816
2069.9590                0.2815944552421570
2070.0439                0.2819396257400513
2070.1260                0.2824999988079071
2070.2056                0.2831416726112366
2070.2905                0.2838816642761230
2070.3726                0.2842384576797485
2070.4575                0.2843935489654541
2070.5398                0.2848733961582184
2070.6248                0.2854455709457397
2070.7095                0.2859315276145935
2070.7917                0.2861174345016479
2070.8767                0.2865517139434814
2070.9590                0.2871342897415161
2071.0439                0.2877967357635498
2071.1260                0.2878385782241821
2071.2056                0.2885947525501251
2071.2905                0.2892147898674011
2071.3726                0.2894878983497620
2071.4575                0.2895393073558807
2071.5398                0.2897257804870605
2071.6248                0.2903420329093933
2071.7095                0.2908745408058167
2071.7917                0.2915236651897430
2071.8767                0.2918307185173035
2071.9590                0.2920674085617065
2072.0437                0.2924462556838989
2072.1257                0.2929162085056305
2072.2078                0.2933972179889679
2072.2922                0.2935706079006195
2072.3743                0.2940101921558380
2072.4590                0.2944183647632599
2072.5410                0.2949075996875763
2072.6257                0.2954658269882202
2072.7104                0.2959907054901123
2072.7922                0.2963562309741974
2072.8770                0.2966428101062775
2072.9590                0.2970715463161469
2073.0439                0.2974458038806915
2073.1260                0.2978897392749786
2073.2056                0.2982821464538574
2073.2905                0.2990218997001648
2073.3726                0.2993238866329193
2073.4575                0.2997547388076782
2073.5398                0.3001632988452911
2073.6248                0.3002360463142395
2073.7095                0.3007767498493195
2073.7917                0.3014775216579437
2073.8767                0.3017970025539398
2073.9590                0.3020123243331909
2074.0439                0.3023466467857361
2074.1260                0.3024764955043793
2074.2056                0.3026503920555115
2074.2905                0.3031717538833618
2074.3726                0.3035635054111481
2074.4575                0.3039704859256744
2074.5398                0.3041716814041138
2074.6248                0.3046924173831940
2074.7095                0.3052806258201599
2074.7917                0.3060002028942108
2074.8767                0.3064301908016205
2074.9590                0.3071891069412231
2075.0439                0.3076627254486084
2075.1260                0.3083966374397278
2075.2056                0.3088003695011139
2075.2905                0.3092400133609772
2075.3726                0.3098124563694000
2075.4575                0.3100377321243286
2075.5398                0.3103184700012207
2075.6248                0.3107385039329529
2075.7095                0.3112496733665466
2075.7917                0.3114728629589081
2075.8767                0.3116204738616943
2075.9590                0.3122179508209229
2076.0437                0.3124705851078033
2076.1257                0.3126759827136993
2076.2078                0.3130190670490265
2076.2922                0.3132980465888977
2076.3743                0.3135744631290436
2076.4590                0.3139632344245911
2076.5410                0.3142958581447601
2076.6257                0.3147663772106171
2076.7104                0.3152953088283539
2076.7922                0.3158118426799774
2076.8770                0.3164640963077545
2076.9590                0.3168740272521973
2077.0439                0.3174973130226135
2077.1260                0.3181322515010834
2077.2056                0.3184560239315033
2077.2905                0.3190111815929413
2077.3726                0.3195436298847198
2077.4575                0.3199386000633240
2077.5398                0.3202068209648132
2077.6248                0.3206856250762939
2077.7095                0.3214435577392578
2077.7917                0.3222235441207886
2077.8767                0.3228182196617126
2077.9590                0.3234415948390961
2078.0439                0.3235657215118408
2078.1260                0.3241324126720428
2078.2056                0.3245252370834351
2078.2905                0.3248004913330078
2078.3726                0.3250454068183899
2078.4575                0.3254810869693756
2078.5398                0.3256648182868958
2078.6248                0.3261001110076904
2078.7095                0.3264759778976440
2078.7917                0.3271674215793610
2078.8767                0.3279351294040680
2078.9590                0.3284171521663666
2079.0439                0.3288256227970123
2079.1260                0.3292140662670135
2079.2056                0.3298470079898834
2079.2905                0.3301920294761658
2079.3726                0.3308368325233459
2079.4575                0.3311832547187805
2079.5398                0.3313810527324677
2079.6248                0.3316951394081116
2079.7095                0.3321590721607208
2079.7917                0.3324434161186218
2079.8767                0.3329520225524902
2079.9590                0.3332374691963196
2080.0437                0.3333323001861572
2080.1257                0.3342925310134888
2080.2078                0.3346825540065765
2080.2922                0.3354166448116302
2080.3743                0.3360079526901245
2080.4590                0.3363899290561676
2080.5410                0.3365794718265533
2080.6257                0.3370181322097778
2080.7104                0.3376257717609406
2080.7922                0.3379480838775635
2080.8770                0.3384437561035156
2080.9590                0.3386504352092743
2081.0439                0.3390420675277710
2081.1260                0.3395133614540100
2081.2056                0.3400949835777283
2081.2905                0.3406893014907837
2081.3726                0.3412715792655945
2081.4575                0.3414770066738129
2081.5398                0.3417378962039948
2081.6248                0.3418927788734436
2081.7095                0.3424044847488403
2081.7917                0.3426768779754639
2081.8767                0.3427497446537018
2081.9590                0.3429925143718719
2082.0439                0.3436574637889862
2082.1260                0.3440637290477753
2082.2056                0.3445259034633636
2082.2905                0.3451739847660065
2082.3726                0.3458312451839447
2082.4575                0.3459555804729462
2082.5398                0.3464796543121338
2082.6248                0.3470194041728973
2082.7095                0.3473309278488159
2082.7917                0.3475537300109863
2082.8767                0.3481639027595520
2082.9590                0.3485920727252960
2083.0439                0.3484600782394409
2083.1260                0.3485794961452484
2083.2056                0.3488198816776276
2083.2905                0.3493781089782715
2083.3726                0.3495432734489441
2083.4575                0.3500480949878693
2083.5398                0.3503847718238831
2083.6248                0.3508745133876801
2083.7095                0.3513678908348083
2083.7917                0.3519068956375122
2083.8767                0.3526822924613953
2083.9590                0.3534218072891235
2084.0437                0.3535580337047577
2084.1257                0.3541868329048157
2084.2078                0.3547841608524323
2084.2922                0.3551493287086487
2084.3743                0.3558743596076965
2084.4590                0.3562503457069397
2084.5410                0.3565863668918610
2084.6257                0.3567647933959961
2084.7104                0.3573978841304779
2084.7922                0.3579269647598267
2084.8770                0.3585951924324036
2084.9590                0.3587001860141754
2085.0439                0.3589920401573181
2085.1260                0.3595159947872162
2085.2056                0.3598783314228058
2085.2905                0.3602473735809326
2085.3726                0.3610324859619141
2085.4575                0.3613651096820831
2085.5398                0.3614168763160706
2085.6248                0.3619617819786072
2085.7095                0.3623678386211395
2085.7917                0.3627852201461792
2085.8767                0.3631854951381683
2085.9590                0.3634910881519318
2086.0439                0.3641364872455597
2086.1260                0.3647981286048889
2086.2056                0.3650980889797211
2086.2905                0.3654306828975677
2086.3726                0.3658491075038910
2086.4575                0.3662438988685608
2086.5398                0.3664499223232269
2086.6248                0.3669138550758362
2086.7095                0.3675329685211182
2086.7917                0.3680451810359955
2086.8767                0.3688887059688568
2086.9590                0.3696907162666321
2087.0439                0.3700353205204010
2087.1260                0.3702988326549530
2087.2056                0.3705478608608246
2087.2905                0.3710142076015472
2087.3726                0.3714224100112915
2087.4575                0.3715184628963470
2087.5398                0.3715796470642090
2087.6248                0.3721589148044586
2087.7095                0.3724394440650940
2087.7917                0.3729733824729919
2087.8767                0.3734979331493378
2087.9590                0.3739272058010101
2088.0437                0.3742294311523438
2088.1257                0.3745472729206085
2088.2078                0.3749795258045197
2088.2922                0.3754681348800659
2088.3743                0.3759011328220367
2088.4590                0.3761023879051208
2088.5410                0.3766267299652100
2088.6257                0.3773216605186462
2088.7104                0.3776830136775970
2088.7922                0.3778793811798096
2088.8770                0.3780492544174194
2088.9590                0.3784931302070618
2089.0439                0.3789595663547516
2089.1260                0.3792427480220795
2089.2056                0.3796578943729401
2089.2905                0.3802398443222046
2089.3726                0.3807188868522644
2089.4575                0.3809659779071808
2089.5398                0.3814700841903687
2089.6248                0.3817135691642761
2089.7095                0.3824552595615387
2089.7917                0.3828937113285065
2089.8767                0.3836326003074646
2089.9590                0.3841476440429688
2090.0439                0.3845736086368561
2090.1260                0.3849208652973175
2090.2056                0.3855810761451721
2090.2905                0.3862034380435944
2090.3726                0.3865310549736023
2090.4575                0.3870300054550171
2090.5398                0.3873071670532227
2090.6248                0.3876954019069672
2090.7095                0.3881494998931885
2090.7917                0.3886222839355469
2090.8767                0.3892273604869843
2090.9590                0.3898448348045349
2091.0439                0.3903230726718903
2091.1260                0.3902570903301239
2091.2056                0.3905910551548004
2091.2905                0.3912536203861237
2091.3726                0.3914995789527893
2091.4575                0.3916664123535156
2091.5398                0.3923354446887970
2091.6248                0.3926370143890381
2091.7095                0.3931159675121307
2091.7917                0.3934808373451233
2091.8767                0.3938806354999542
2091.9590                0.3943004608154297
2092.0437                0.3949202895164490
2092.1257                0.3955385684967041
2092.2078                0.3960196673870087
2092.2922                0.3966426253318787
2092.3743                0.3968835175037384
2092.4590                0.3971608281135559
2092.5410                0.3972952365875244
2092.6257                0.3976577520370483
2092.7104                0.3978692889213562
2092.7922                0.3983058333396912
2092.8770                0.3986553549766541
2092.9590                0.3990760743618011
2093.0439                0.3994393944740295
2093.1260                0.3997021913528442
2093.2056                0.4005180597305298
2093.2905                0.4006638228893280
2093.3726                0.4008293151855469
2093.4575                0.4010934829711914
2093.5398                0.4013400375843048
2093.6248                0.4015251696109772
2093.7095                0.4021417796611786
2093.7917                0.4023887217044830
2093.8767                0.4028939008712769
2093.9590                0.4032389819622040
2094.0439                0.4036011695861816
2094.1260                0.4039443433284760
2094.2056                0.4043725728988647
2094.2905                0.4048711359500885
2094.3726                0.4056459069252014
2094.4575                0.4061124324798584
2094.5398                0.4064776897430420
2094.6248                0.4067500829696655
2094.7095                0.4071760475635529
2094.7917                0.4075404107570648
2094.8767                0.4080165922641754
2094.9590                0.4087686538696289
2095.0439                0.4088847637176514
2095.1260                0.4092390239238739
2095.2056                0.4096621870994568
2095.2905                0.4101808667182922
2095.3726                0.4103562533855438
2095.4575                0.4105524718761444
2095.5398                0.4107852876186371
2095.6248                0.4113528728485107
2095.7095                0.4116690456867218
2095.7917                0.4122700691223145
2095.8767                0.4127215147018433
2095.9590                0.4130330085754395
2096.0437                0.4134005010128021
2096.1257                0.4138565659523010
2096.2078                0.4143522381782532
2096.2922                0.4146942496299744
2096.3743                0.4149322509765625
2096.4590                0.4153556227684021
2096.5410                0.4156540632247925
2096.6257                0.4160268306732178
2096.7104                0.4167834222316742
2096.7922                0.4175448119640350
2096.8770                0.4175521135330200
2096.9590                0.4178829789161682
2097.0439                0.4182473123073578
2097.1260                0.4188262224197388
2097.2056                0.4190356731414795
2097.2905                0.4192399382591248
2097.3726                0.4197337329387665
2097.4575                0.4199475646018982
2097.5398                0.4201226234436035
2097.6248                0.4206304550170898
2097.7095                0.4211010932922363
2097.7917                0.4215994775295258
2097.8767                0.4222556352615356
2097.9590                0.4227825105190277
2098.0439                0.4231836795806885
2098.1260                0.4235028028488159
2098.2056                0.4236948788166046
2098.2905                0.4240798652172089
2098.3726                0.4243279397487640
2098.4575                0.4247571229934692
2098.5398                0.4247830808162689
2098.6248                0.4251662194728851
2098.7095                0.4258264601230621
2098.7917                0.4259941577911377
2098.8767                0.4263789355754852
2098.9590                0.4267820417881012
2099.0439                0.4271920621395111
2099.1260                0.4277456104755402
2099.2056                0.4279366731643677
2099.2905                0.4284065663814545
2099.3726                0.4289124608039856
2099.4575                0.4294865131378174
2099.5398                0.4299201071262360
2099.6248                0.4302676022052765
2099.7095                0.4307241439819336
2099.7917                0.4311915040016174
2099.8767                0.4316624999046326
2099.9590                0.4322752356529236
2100.0439                0.4325561523437500
2100.1260                0.4328167438507080
2100.2056                0.4332271218299866
2100.2905                0.4337001144886017
2100.3726                0.4338867366313934
2100.4575                0.4343024790287018
2100.5398                0.4345144629478455
2100.6248                0.4347650408744812
2100.7095                0.4352549314498901
2100.7917                0.4356359541416168
2100.8767                0.4359609782695770
2100.9590                0.4364377260208130
