2001.0438                0.2133845537900925
2001.1260                0.2148139625787735
2001.2054                0.2178469896316528
2001.2904                0.2140673398971558
2001.3726                0.2159722447395325
2001.4575                0.2141595482826233
2001.5397                0.2117453068494797
2001.6246                0.2100094556808472
2001.7096                0.2131346911191940
2001.7917                0.2127214819192886
2001.8767                0.2150727063417435
2001.9589                0.2173748463392258
2002.0438                0.2164306193590164
2002.1260                0.2176031172275543
2002.2054                0.2203884869813919
2002.2904                0.2166815549135208
2002.3726                0.2184090018272400
2002.4575                0.2167412191629410
2002.5397                0.2140153944492340
2002.6246                0.2125220894813538
2002.7096                0.2153094112873077
2002.7917                0.2149757444858551
2002.8767                0.2176351547241211
2002.9589                0.2199169546365738
2003.0438                0.2190216034650803
2003.1260                0.2203072011470795
2003.2054                0.2231743931770325
2003.2904                0.2196304649114609
2003.3726                0.2213911861181259
2003.4575                0.2196436673402786
2003.5397                0.2170460075139999
2003.6246                0.2153277546167374
2003.7096                0.2181278616189957
2003.7917                0.2182184159755707
2003.8767                0.2210219204425812
2003.9589                0.2232303172349930
2004.0437                0.2225021421909332
2004.1257                0.2239274531602859
2004.2076                0.2268505096435547
2004.2924                0.2225806415081024
2004.3743                0.2238894253969193
2004.4590                0.2219102829694748
2004.5410                0.2192781418561935
2004.6257                0.2175025194883347
2004.7103                0.2205040752887726
2004.7924                0.2205644547939301
2004.8771                0.2230989485979080
2004.9590                0.2250665724277496
2005.0438                0.2242348045110703
2005.1260                0.2255471348762512
2005.2054                0.2283647507429123
2005.2904                0.2245486080646515
2005.3726                0.2260974943637848
2005.4575                0.2246059477329254
2005.5397                0.2224142849445343
2005.6246                0.2208541035652161
2005.7096                0.2235559076070786
2005.7917                0.2229270935058594
2005.8767                0.2257705628871918
2005.9589                0.2278777360916138
2006.0438                0.2267343103885651
2006.1260                0.2281153798103333
2006.2054                0.2308566272258759
2006.2904                0.2271751463413239
2006.3726                0.2289951741695404
2006.4575                0.2273658365011215
2006.5397                0.2249844372272491
2006.6246                0.2232135832309723
2006.7096                0.2263645231723785
2006.7917                0.2259842306375504
2006.8767                0.2283208817243576
2006.9589                0.2307151854038239
2007.0438                0.2300625592470169
2007.1260                0.2315079122781754
2007.2054                0.2341243028640747
2007.2904                0.2302145361900330
2007.3726                0.2319910824298859
2007.4575                0.2307715266942978
2007.5397                0.2282122075557709
2007.6246                0.2264584749937057
2007.7096                0.2295394092798233
2007.7917                0.2293205708265305
2007.8767                0.2318259775638580
2007.9589                0.2339358478784561
2008.0437                0.2331133633852005
2008.1257                0.2345216423273087
2008.2076                0.2376372516155243
2008.2924                0.2340336591005325
2008.3743                0.2356761991977692
2008.4590                0.2340092808008194
2008.5410                0.2312295883893967
2008.6257                0.2293884307146072
2008.7103                0.2325640916824341
2008.7924                0.2319814264774323
2008.8771                0.2342931330204010
2008.9590                0.2363924831151962
2009.0438                0.2355920374393463
2009.1260                0.2366596162319183
2009.2054                0.2395530343055725
2009.2904                0.2357854396104813
2009.3726                0.2377837747335434
2009.4575                0.2362837940454483
2009.5397                0.2341293394565582
2009.6246                0.2322423160076141
2009.7096                0.2352867573499680
2009.7917                0.2349615842103958
2009.8767                0.2376042902469635
2009.9589                0.2397803813219070
2010.0438                0.2383010536432266
2010.1260                0.2395419627428055
2010.2054                0.2420643270015717
2010.2904                0.2383981347084045
2010.3726                0.2403390556573868
2010.4575                0.2389272302389145
2010.5397                0.2367121875286102
2010.6246                0.2349253445863724
2010.7096                0.2376471757888794
2010.7917                0.2374352663755417
2010.8767                0.2399667799472809
2010.9589                0.2420491427183151
2011.0438                0.2411069422960281
2011.1260                0.2419844865798950
2011.2054                0.2444808632135391
2011.2904                0.2406727671623230
2011.3726                0.2423137724399567
2011.4575                0.2403814345598221
2011.5397                0.2379517406225204
2011.6246                0.2358266115188599
2011.7096                0.2389584332704544
2011.7917                0.2383735328912735
2011.8767                0.2407152205705643
2011.9589                0.2429263293743134
2012.0437                0.2418481856584549
2012.1257                0.2433356493711472
2012.2076                0.2463085949420929
2012.2924                0.2425431013107300
2012.3743                0.2440559715032578
2012.4590                0.2424289733171463
2012.5410                0.2399856597185135
2012.6257                0.2381321787834167
2012.7103                0.2407287657260895
2012.7924                0.2403283268213272
2012.8771                0.2426756620407104
2012.9590                0.2449965626001358
2013.0438                0.2441311627626419
2013.1260                0.2453790605068207
2013.2054                0.2478615939617157
2013.2904                0.2440734803676605
2013.3726                0.2456724494695663
2013.4575                0.2439899891614914
2013.5397                0.2417187094688416
2013.6246                0.2399559766054153
2013.7096                0.2431143224239349
2013.7917                0.2428614795207977
2013.8767                0.2453304231166840
2013.9589                0.2474243938922882
2014.0438                0.2462244033813477
2014.1260                0.2474856972694397
2014.2054                0.2505747675895691
2014.2904                0.2467655986547470
2014.3726                0.2485591918230057
2014.4575                0.2470329254865646
2014.5397                0.2443122118711472
2014.6246                0.2425508499145508
2014.7096                0.2453817725181580
2014.7917                0.2454602867364883
2014.8767                0.2479780167341232
2014.9589                0.2500264048576355
2015.0438                0.2488268613815308
2015.1260                0.2499702423810959
2015.2054                0.2527238130569458
2015.2904                0.2491728663444519
2015.3726                0.2507763803005219
2015.4575                0.2490967959165573
2015.5397                0.2465703636407852
2015.6246                0.2450252920389175
2015.7096                0.2480749487876892
2015.7917                0.2476902455091476
2015.8767                0.2505635321140289
2015.9589                0.2528212070465088
2016.0437                0.2517430782318115
2016.1257                0.2532175183296204
2016.2076                0.2558351755142212
2016.2924                0.2523642480373383
2016.3743                0.2541708052158356
2016.4590                0.2523700594902039
2016.5410                0.2502157092094421
2016.6257                0.2485442012548447
2016.7103                0.2512551248073578
2016.7924                0.2512144148349762
2016.8771                0.2539211511611938
2016.9590                0.2559224069118500
2017.0438                0.2548483610153198
2017.1260                0.2562376260757446
2017.2054                0.2589636743068695
2017.2904                0.2551909983158112
2017.3726                0.2566476464271545
2017.4575                0.2548423409461975
2017.5397                0.2526902258396149
2017.6246                0.2507798075675964
2017.7096                0.2533880472183228
2017.7917                0.2531662881374359
2017.8767                0.2559626102447510
2017.9589                0.2580881416797638
2018.0438                0.2571184933185577
2018.1260                0.2581602036952972
2018.2054                0.2609159052371979
2018.2904                0.2570255994796753
2018.3726                0.2589051127433777
2018.4575                0.2572324872016907
2018.5397                0.2548198699951172
2018.6246                0.2529127895832062
2018.7096                0.2564007937908173
2018.7917                0.2561253309249878
2018.8767                0.2587297856807709
2018.9589                0.2613234221935272
2019.0438                0.2606295049190521
2019.1260                0.2619144022464752
2019.2054                0.2642044126987457
2019.2904                0.2604961693286896
2019.3726                0.2622522413730621
2019.4575                0.2608796358108521
2019.5397                0.2581867575645447
2019.6246                0.2566845715045929
2019.7096                0.2597832977771759
2019.7917                0.2595564126968384
2019.8767                0.2620637118816376
2019.9589                0.2641363143920898
2020.0437                0.2635582685470581
2020.1257                0.2652881145477295
2020.2076                0.2681716978549957
2020.2924                0.2644988000392914
2020.3743                0.2660742700099945
2020.4590                0.2643503546714783
2020.5410                0.2622465193271637
2020.6257                0.2603881955146790
2020.7103                0.2633684575557709
2020.7924                0.2632627189159393
2020.8771                0.2653633952140808
2020.9590                0.2674418687820435
2021.0438                0.2665001153945923
2021.1260                0.2679160833358765
2021.2054                0.2705442011356354
2021.2904                0.2665852308273315
2021.3726                0.2682442069053650
2021.4575                0.2665022015571594
2021.5397                0.2639037668704987
2021.6246                0.2624390721321106
2021.7096                0.2653353512287140
2021.7917                0.2652569711208344
2021.8767                0.2677319347858429
2021.9589                0.2701144516468048
2022.0438                0.2693589925765991
2022.1260                0.2708883285522461
2022.2054                0.2733523249626160
2022.2904                0.2696729600429535
2022.3726                0.2710516750812531
2022.4575                0.2694701850414276
2022.5397                0.2670125961303711
2022.6246                0.2653379738330841
2022.7096                0.2686029374599457
2022.7917                0.2684470117092133
2022.8767                0.2709188759326935
2022.9589                0.2730600833892822
2023.0438                0.2719761729240417
2023.1260                0.2733134925365448
2023.2054                0.2760373950004578
2023.2904                0.2725469172000885
2023.3726                0.2744483947753906
2023.4575                0.2724951505661011
2023.5397                0.2700161337852478
2023.6246                0.2682886123657227
2023.7096                0.2714493572711945
2023.7917                0.2711054682731628
2023.8767                0.2736254930496216
2023.9589                0.2760635614395142
2024.0437                0.2753531634807587
2024.1257                0.2765093743801117
2024.2076                0.2794908583164215
2024.2924                0.2753926515579224
2024.3743                0.2772587239742279
2024.4590                0.2756532728672028
2024.5410                0.2731106877326965
2024.6257                0.2713745534420013
2024.7103                0.2742371261119843
2024.7924                0.2742550969123840
2024.8771                0.2769200205802917
2024.9590                0.2792355418205261
2025.0438                0.2782254517078400
2025.1260                0.2796538472175598
2025.2054                0.2826863229274750
2025.2904                0.2788062989711761
2025.3726                0.2804148793220520
2025.4575                0.2788050770759583
2025.5397                0.2762121260166168
2025.6246                0.2744878530502319
2025.7096                0.2775391638278961
2025.7917                0.2769902944564819
2025.8767                0.2792711555957794
2025.9589                0.2815978527069092
2026.0438                0.2804994285106659
2026.1260                0.2816014587879181
2026.2054                0.2842144668102264
2026.2904                0.2806311845779419
2026.3726                0.2823061645030975
2026.4575                0.2808272838592529
2026.5397                0.2782332897186279
2026.6246                0.2767834961414337
2026.7096                0.2798433303833008
2026.7917                0.2796270847320557
2026.8767                0.2820667922496796
2026.9589                0.2843394875526428
2027.0438                0.2834261357784271
2027.1260                0.2846638858318329
2027.2054                0.2877210080623627
2027.2904                0.2839077711105347
2027.3726                0.2859863340854645
2027.4575                0.2845124006271362
2027.5397                0.2820126414299011
2027.6246                0.2804166376590729
2027.7096                0.2834287285804749
2027.7917                0.2833627760410309
2027.8767                0.2859229743480682
2027.9589                0.2881167531013489
2028.0437                0.2875157594680786
2028.1257                0.2889651656150818
2028.2076                0.2915462553501129
2028.2924                0.2877556681632996
2028.3743                0.2894081175327301
2028.4590                0.2877683937549591
2028.5410                0.2853980958461761
2028.6257                0.2833075225353241
2028.7103                0.2863904237747192
2028.7924                0.2863981127738953
2028.8771                0.2893045842647552
2028.9590                0.2917081117630005
2029.0438                0.2907775640487671
2029.1260                0.2921411991119385
2029.2054                0.2949973344802856
2029.2904                0.2908627986907959
2029.3726                0.2924637496471405
2029.4575                0.2909245789051056
2029.5397                0.2886002063751221
2029.6246                0.2872338593006134
2029.7096                0.2904310524463654
2029.7917                0.2905991673469543
2029.8767                0.2925730049610138
2029.9589                0.2949493527412415
2030.0438                0.2940291464328766
2030.1260                0.2956929206848145
2030.2054                0.2985085546970367
2030.2904                0.2949301600456238
2030.3726                0.2963581979274750
2030.4575                0.2948468327522278
2030.5397                0.2924520671367645
2030.6246                0.2904301285743713
2030.7096                0.2937756776809692
2030.7917                0.2932917773723602
2030.8767                0.2961691319942474
2030.9589                0.2985550761222839
2031.0438                0.2976810634136200
2031.1260                0.2990807294845581
2031.2054                0.3016545772552490
2031.2904                0.2981826364994049
2031.3726                0.3001076579093933
2031.4575                0.2983363270759583
2031.5397                0.2955217659473419
2031.6246                0.2941029369831085
2031.7096                0.2972989082336426
2031.7917                0.2973385155200958
2031.8767                0.2998922467231750
2031.9589                0.3017994165420532
2032.0437                0.3005891740322113
2032.1257                0.3020798563957214
2032.2076                0.3050972223281860
2032.2924                0.3014092147350311
2032.3743                0.3028904199600220
2032.4590                0.3013398945331573
2032.5410                0.2990625202655792
2032.6257                0.2977796494960785
2032.7103                0.3005276918411255
2032.7924                0.3003457784652710
2032.8771                0.3030551970005035
2032.9590                0.3052161335945129
2033.0438                0.3037708997726440
2033.1260                0.3050517439842224
2033.2054                0.3074063062667847
2033.2904                0.3038167059421539
2033.3726                0.3058616220951080
2033.4575                0.3045237064361572
2033.5397                0.3022091388702393
2033.6246                0.3006206154823303
2033.7096                0.3037464320659637
2033.7917                0.3034036159515381
2033.8767                0.3056576848030090
2033.9589                0.3080445826053619
2034.0438                0.3073481321334839
2034.1260                0.3086642622947693
2034.2054                0.3114347457885742
2034.2904                0.3077476620674133
2034.3726                0.3099281787872314
2034.4575                0.3082460761070251
2034.5397                0.3059977591037750
2034.6246                0.3039506673812866
2034.7096                0.3073455393314362
2034.7917                0.3074511289596558
2034.8767                0.3096900284290314
2034.9589                0.3117379844188690
2035.0438                0.3110103309154510
2035.1260                0.3123997747898102
2035.2054                0.3153181970119476
2035.2904                0.3117408454418182
2035.3726                0.3135440051555634
2035.4575                0.3116177618503571
2035.5397                0.3091403841972351
2035.6246                0.3072483539581299
2035.7096                0.3106419444084167
2035.7917                0.3104557693004608
2035.8767                0.3130826950073242
2035.9589                0.3155260384082794
2036.0437                0.3150554895401001
2036.1257                0.3164718151092529
2036.2076                0.3190884888172150
2036.2924                0.3154353201389313
2036.3743                0.3174877464771271
2036.4590                0.3159856498241425
2036.5410                0.3135029077529907
2036.6257                0.3122330605983734
2036.7103                0.3148850500583649
2036.7924                0.3146326839923859
2036.8771                0.3172191977500916
2036.9590                0.3192473053932190
2037.0438                0.3181780576705933
2037.1260                0.3197532594203949
2037.2054                0.3223004937171936
2037.2904                0.3184226155281067
2037.3726                0.3200528621673584
2037.4575                0.3183597624301910
2037.5397                0.3161064088344574
2037.6246                0.3146964609622955
2037.7096                0.3177292943000793
2037.7917                0.3174439370632172
2037.8767                0.3199408948421478
2037.9589                0.3220573365688324
2038.0438                0.3206811845302582
2038.1260                0.3218933045864105
2038.2054                0.3247206509113312
2038.2904                0.3208912312984467
2038.3726                0.3224356770515442
2038.4575                0.3207660019397736
2038.5397                0.3180504441261292
2038.6246                0.3166015446186066
2038.7096                0.3198443651199341
2038.7917                0.3197724521160126
2038.8767                0.3227368593215942
2038.9589                0.3251275718212128
2039.0438                0.3245875239372253
2039.1260                0.3260296881198883
2039.2054                0.3290922641754150
2039.2904                0.3253141641616821
2039.3726                0.3273181617259979
2039.4575                0.3258383870124817
2039.5397                0.3235511779785156
2039.6246                0.3214420676231384
2039.7096                0.3246009349822998
2039.7917                0.3243544399738312
2039.8767                0.3270142674446106
2039.9589                0.3294268548488617
2040.0437                0.3285442292690277
2040.1257                0.3300746977329254
2040.2076                0.3328065872192383
2040.2924                0.3290510475635529
2040.3743                0.3309117257595062
2040.4590                0.3292677402496338
2040.5410                0.3270566463470459
2040.6257                0.3253387510776520
2040.7103                0.3281040489673615
2040.7924                0.3277879655361176
2040.8771                0.3304958045482635
2040.9590                0.3325986564159393
2041.0438                0.3315024971961975
2041.1260                0.3323873579502106
2041.2054                0.3353076279163361
2041.2904                0.3319203555583954
2041.3726                0.3333453238010406
2041.4575                0.3318399786949158
2041.5397                0.3289348483085632
2041.6246                0.3270154297351837
2041.7096                0.3301909267902374
2041.7917                0.3302410244941711
2041.8767                0.3327851593494415
2041.9589                0.3350068628787994
2042.0438                0.3342772424221039
2042.1260                0.3358188271522522
2042.2054                0.3387863039970398
2042.2904                0.3351031541824341
2042.3726                0.3365264534950256
2042.4575                0.3349409401416779
2042.5397                0.3326810896396637
2042.6246                0.3308064639568329
2042.7096                0.3342260718345642
2042.7917                0.3339561522006989
2042.8767                0.3369275033473969
2042.9589                0.3388034701347351
2043.0438                0.3377629518508911
2043.1260                0.3393733501434326
2043.2054                0.3420656323432922
2043.2904                0.3383582830429077
2043.3726                0.3397798836231232
2043.4575                0.3378474116325378
2043.5397                0.3353443443775177
2043.6246                0.3334912359714508
2043.7096                0.3367120027542114
2043.7917                0.3365274369716644
2043.8767                0.3390055894851685
2043.9589                0.3409447371959686
2044.0437                0.3404403328895569
2044.1257                0.3420744240283966
2044.2076                0.3449078798294067
2044.2924                0.3412854373455048
2044.3743                0.3432234227657318
2044.4590                0.3413676917552948
2044.5410                0.3390111923217773
2044.6257                0.3372830152511597
2044.7103                0.3404198884963989
2044.7924                0.3402165472507477
2044.8771                0.3427997827529907
2044.9590                0.3447990417480469
2045.0438                0.3439099788665771
2045.1260                0.3456513881683350
2045.2054                0.3485971391201019
2045.2904                0.3446043133735657
2045.3726                0.3464480936527252
2045.4575                0.3446535766124725
2045.5397                0.3421778082847595
2045.6246                0.3406363427639008
2045.7096                0.3439085781574249
2045.7917                0.3438586294651031
2045.8767                0.3466273546218872
2045.9589                0.3487995266914368
2046.0438                0.3479007482528687
2046.1260                0.3496396541595459
2046.2054                0.3528197407722473
2046.2904                0.3492775261402130
2046.3726                0.3510077297687531
2046.4575                0.3494007587432861
2046.5397                0.3471457958221436
2046.6246                0.3451903164386749
2046.7096                0.3482437431812286
2046.7917                0.3481792509555817
2046.8767                0.3504423201084137
2046.9589                0.3526242077350616
2047.0438                0.3520581722259521
2047.1260                0.3537538051605225
2047.2054                0.3565509319305420
2047.2904                0.3529286980628967
2047.3726                0.3547949194908142
2047.4575                0.3531864583492279
2047.5397                0.3509660363197327
2047.6246                0.3495357036590576
2047.7096                0.3525516986846924
2047.7917                0.3525765240192413
2047.8767                0.3549990057945251
2047.9589                0.3573843836784363
2048.0437                0.3562677502632141
2048.1257                0.3576919138431549
2048.2078                0.3607321977615356
2048.2922                0.3570347726345062
2048.3743                0.3587879836559296
2048.4590                0.3573339581489563
2048.5410                0.3548276424407959
2048.6257                0.3535180985927582
2048.7104                0.3563182950019836
2048.7922                0.3562751114368439
2048.8770                0.3585126996040344
2048.9590                0.3608861267566681
2049.0439                0.3602721691131592
2049.1260                0.3617582619190216
2049.2056                0.3645337820053101
2049.2905                0.3606340885162354
2049.3726                0.3625009059906006
2049.4575                0.3612149953842163
2049.5398                0.3590641915798187
2049.6248                0.3575328588485718
2049.7095                0.3605358898639679
2049.7917                0.3602273464202881
2049.8767                0.3630756139755249
2049.9590                0.3656037449836731
2050.0439                0.3649369180202484
2050.1260                0.3663484454154968
2050.2056                0.3689431250095367
2050.2905                0.3653402626514435
2050.3726                0.3670711219310760
2050.4575                0.3654555380344391
2050.5398                0.3633071482181549
2050.6248                0.3615079522132874
2050.7095                0.3648832440376282
2050.7917                0.3647570312023163
2050.8767                0.3675023615360260
2050.9590                0.3697495162487030
2051.0439                0.3691771030426025
2051.1260                0.3705385625362396
2051.2056                0.3735285997390747
2051.2905                0.3697547614574432
2051.3726                0.3714497387409210
2051.4575                0.3695471286773682
2051.5398                0.3670366704463959
2051.6248                0.3650425374507904
2051.7095                0.3684915900230408
2051.7917                0.3682493865489960
2051.8767                0.3711306452751160
2051.9590                0.3731008172035217
2052.0437                0.3722924292087555
2052.1257                0.3731452226638794
2052.2078                0.3761386573314667
2052.2922                0.3723698854446411
2052.3743                0.3739670813083649
2052.4590                0.3722435235977173
2052.5410                0.3698609173297882
2052.6257                0.3682173192501068
2052.7104                0.3710905313491821
2052.7922                0.3709163963794708
2052.8770                0.3737396895885468
2052.9590                0.3757237195968628
2053.0439                0.3745237290859222
2053.1260                0.3761745393276215
2053.2056                0.3794175088405609
2053.2905                0.3756004571914673
2053.3726                0.3769949078559875
2053.4575                0.3752423524856567
2053.5398                0.3728911280632019
2053.6248                0.3713666498661041
2053.7095                0.3747714161872864
2053.7917                0.3749096989631653
2053.8767                0.3774406313896179
2053.9590                0.3799647390842438
2054.0439                0.3791644573211670
2054.1260                0.3803748190402985
2054.2056                0.3833686113357544
2054.2905                0.3791739344596863
2054.3726                0.3808563351631165
2054.4575                0.3791029453277588
2054.5398                0.3770919740200043
2054.6248                0.3753779232501984
2054.7095                0.3781497180461884
2054.7917                0.3783769309520721
2054.8767                0.3810861110687256
2054.9590                0.3832934200763702
2055.0439                0.3829761743545532
2055.1260                0.3844150304794312
2055.2056                0.3872129321098328
2055.2905                0.3832409679889679
2055.3726                0.3848909139633179
2055.4575                0.3833622038364410
2055.5398                0.3813914060592651
2055.6248                0.3797832727432251
2055.7095                0.3830529749393463
2055.7917                0.3830724656581879
2055.8767                0.3857692480087280
2055.9590                0.3880509138107300
2056.0437                0.3874054253101349
2056.1257                0.3889816701412201
2056.2078                0.3920285403728485
2056.2922                0.3879827857017517
2056.3743                0.3899918496608734
2056.4590                0.3883548378944397
2056.5410                0.3862348794937134
2056.6257                0.3846486210823059
2056.7104                0.3878327608108521
2056.7922                0.3877969980239868
2056.8770                0.3903535902500153
2056.9590                0.3921914696693420
2057.0439                0.3915203511714935
2057.1260                0.3931336998939514
2057.2056                0.3957461416721344
2057.2905                0.3918428719043732
2057.3726                0.3937753438949585
2057.4575                0.3923462927341461
2057.5398                0.3901896178722382
2057.6248                0.3887454271316528
2057.7095                0.3919613659381866
2057.7917                0.3923162817955017
2057.8767                0.3951481580734253
2057.9590                0.3975512981414795
2058.0439                0.3966329693794250
2058.1260                0.3983152508735657
2058.2056                0.4011376202106476
2058.2905                0.3974087834358215
2058.3726                0.3991726040840149
2058.4575                0.3976244628429413
2058.5398                0.3953696787357330
2058.6248                0.3938011825084686
2058.7095                0.3969630897045135
2058.7917                0.3968454003334045
2058.8767                0.3994842469692230
2058.9590                0.4017807841300964
2059.0439                0.4007963836193085
2059.1260                0.4024561047554016
2059.2056                0.4051420688629150
2059.2905                0.4013244509696960
2059.3726                0.4031554758548737
2059.4575                0.4016271829605103
2059.5398                0.3991044759750366
2059.6248                0.3976143598556519
2059.7095                0.4012926816940308
2059.7917                0.4010415673255920
2059.8767                0.4034794270992279
2059.9590                0.4060370922088623
2060.0437                0.4048140048980713
2060.1257                0.4063138663768768
2060.2078                0.4094169139862061
2060.2922                0.4053074717521667
2060.3743                0.4067308902740479
2060.4590                0.4053088724613190
2060.5410                0.4033421277999878
2060.6257                0.4017272889614105
2060.7104                0.4049984812736511
2060.7922                0.4047293961048126
2060.8770                0.4073366820812225
2060.9590                0.4096305072307587
2061.0439                0.4086508154869080
2061.1260                0.4096383154392242
2061.2056                0.4122879505157471
2061.2905                0.4083861112594604
2061.3726                0.4102395176887512
2061.4575                0.4087771475315094
2061.5398                0.4064113199710846
2061.6248                0.4046762585639954
2061.7095                0.4075357317924500
2061.7917                0.4076301157474518
2061.8767                0.4102016389369965
2061.9590                0.4121445417404175
2062.0439                0.4108684659004211
2062.1260                0.4122854471206665
2062.2056                0.4147951006889343
2062.2905                0.4110427796840668
2062.3726                0.4133190810680389
2062.4575                0.4115332365036011
2062.5398                0.4094002246856689
2062.6248                0.4075301885604858
2062.7095                0.4107412397861481
2062.7917                0.4107841253280640
2062.8767                0.4132660329341888
2062.9590                0.4152096509933472
2063.0439                0.4143880903720856
2063.1260                0.4162040352821350
2063.2056                0.4191034734249115
2063.2905                0.4154118299484253
2063.3726                0.4172365069389343
2063.4575                0.4158039093017578
2063.5398                0.4137503802776337
2063.6248                0.4118765294551849
2063.7095                0.4148236215114594
2063.7917                0.4149961769580841
2063.8767                0.4177106916904449
2063.9590                0.4202186167240143
2064.0437                0.4192236065864563
2064.1257                0.4204975962638855
2064.2078                0.4235349297523499
2064.2922                0.4198868870735168
2064.3743                0.4217195212841034
2064.4590                0.4203529357910156
2064.5410                0.4183320701122284
2064.6257                0.4167685806751251
2064.7104                0.4202539920806885
2064.7922                0.4205206632614136
2064.8770                0.4234051108360291
2064.9590                0.4256024062633514
2065.0439                0.4244417846202850
2065.1260                0.4259710013866425
2065.2056                0.4290214180946350
2065.2905                0.4253752827644348
2065.3726                0.4272610545158386
2065.4575                0.4256368875503540
2065.5398                0.4232723712921143
2065.6248                0.4214652180671692
2065.7095                0.4247745573520660
2065.7917                0.4246049821376801
2065.8767                0.4269357025623322
2065.9590                0.4292538762092590
2066.0439                0.4281814992427826
2066.1260                0.4298820793628693
2066.2056                0.4328452348709106
2066.2905                0.4290128350257874
2066.3726                0.4304157495498657
2066.4575                0.4289957880973816
2066.5398                0.4268850684165955
2066.6248                0.4253653287887573
2066.7095                0.4284611046314240
2066.7917                0.4284074008464813
2066.8767                0.4311598837375641
2066.9590                0.4330439865589142
2067.0439                0.4319936633110046
2067.1260                0.4335028827190399
2067.2056                0.4363059103488922
2067.2905                0.4329619109630585
2067.3726                0.4346865713596344
2067.4575                0.4329333007335663
2067.5398                0.4305801391601562
2067.6248                0.4290877282619476
2067.7095                0.4319859743118286
2067.7917                0.4322972595691681
2067.8767                0.4345291256904602
2067.9590                0.4370671510696411
2068.0437                0.4362449347972870
2068.1257                0.4378445148468018
2068.2078                0.4409002065658569
2068.2922                0.4373308420181274
2068.3743                0.4390430450439453
2068.4590                0.4375386834144592
2068.5410                0.4349306821823120
2068.6257                0.4333088696002960
2068.7104                0.4364522695541382
2068.7922                0.4368198812007904
2068.8770                0.4395474493503571
2068.9590                0.4419873356819153
2069.0439                0.4410704672336578
2069.1260                0.4425067901611328
2069.2056                0.4449783563613892
2069.2905                0.4410883188247681
2069.3726                0.4431854188442230
2069.4575                0.4417061209678650
2069.5398                0.4396242797374725
2069.6248                0.4376443624496460
2069.7095                0.4410007894039154
2069.7917                0.4412778019905090
2069.8767                0.4440977573394775
2069.9590                0.4463359415531158
2070.0439                0.4454002082347870
2070.1260                0.4464058578014374
2070.2056                0.4491683244705200
2070.2905                0.4458008110523224
2070.3726                0.4472186565399170
2070.4575                0.4458220601081848
2070.5398                0.4437704980373383
2070.6248                0.4420853853225708
2070.7095                0.4450752139091492
2070.7917                0.4454952478408813
2070.8767                0.4481151700019836
2070.9590                0.4506100714206696
2071.0439                0.4494080841541290
2071.1260                0.4505862295627594
2071.2056                0.4534594714641571
2071.2905                0.4495201110839844
2071.3726                0.4508872926235199
2071.4575                0.4494224488735199
2071.5398                0.4470916986465454
2071.6248                0.4452121853828430
2071.7095                0.4485244750976562
2071.7917                0.4484508037567139
2071.8767                0.4508792757987976
2071.9590                0.4528607130050659
2072.0437                0.4518254995346069
2072.1257                0.4528044462203979
2072.2078                0.4557957947254181
2072.2922                0.4518670737743378
2072.3743                0.4536682963371277
2072.4590                0.4522879123687744
2072.5410                0.4500177800655365
2072.6257                0.4483204185962677
2072.7104                0.4517398774623871
2072.7922                0.4517810344696045
2072.8770                0.4542891681194305
2072.9590                0.4565405547618866
2073.0439                0.4556479752063751
2073.1260                0.4574381113052368
2073.2056                0.4603011012077332
2073.2905                0.4563547074794769
2073.3726                0.4581686854362488
2073.4575                0.4569395184516907
2073.5398                0.4545976221561432
2073.6248                0.4531886577606201
2073.7095                0.4561602473258972
2073.7917                0.4563735723495483
2073.8767                0.4592368006706238
2073.9590                0.4610303044319153
2074.0439                0.4602918624877930
2074.1260                0.4617139101028442
2074.2056                0.4648380577564240
2074.2905                0.4609179794788361
2074.3726                0.4628227651119232
2074.4575                0.4614582061767578
2074.5398                0.4595924615859985
2074.6248                0.4584474265575409
2074.7095                0.4613483846187592
2074.7917                0.4616038501262665
2074.8767                0.4642559289932251
2074.9590                0.4664915204048157
2075.0439                0.4654791653156281
2075.1260                0.4672672152519226
2075.2056                0.4705544412136078
2075.2905                0.4665493369102478
2075.3726                0.4682084321975708
2075.4575                0.4666718542575836
2075.5398                0.4646379351615906
2075.6248                0.4627057015895844
2075.7095                0.4661048650741577
2075.7917                0.4659599363803864
2075.8767                0.4686299562454224
2075.9590                0.4703780710697174
2076.0437                0.4697094857692719
2076.1257                0.4711432158946991
2076.2078                0.4742112457752228
2076.2922                0.4701182842254639
2076.3743                0.4718320965766907
2076.4590                0.4700443744659424
2076.5410                0.4679603576660156
2076.6257                0.4656800925731659
2076.7104                0.4688321053981781
2076.7922                0.4688144922256470
2076.8770                0.4711224436759949
2076.9590                0.4733148217201233
2077.0439                0.4724583327770233
2077.1260                0.4740463495254517
2077.2056                0.4764810800552368
2077.2905                0.4728769958019257
2077.3726                0.4749112427234650
2077.4575                0.4732390642166138
2077.5398                0.4709488153457642
2077.6248                0.4687706232070923
2077.7095                0.4721756875514984
2077.7917                0.4724043309688568
2077.8767                0.4748038053512573
2077.9590                0.4768914282321930
2078.0439                0.4760783016681671
2078.1260                0.4775929152965546
2078.2056                0.4805601537227631
2078.2905                0.4772022664546967
2078.3726                0.4787729978561401
2078.4575                0.4772507846355438
2078.5398                0.4753347337245941
2078.6248                0.4736831784248352
2078.7095                0.4769654572010040
2078.7917                0.4773035347461700
2078.8767                0.4799967706203461
2078.9590                0.4825350642204285
2079.0439                0.4808422327041626
2079.1260                0.4824375212192535
2079.2056                0.4853007495403290
2079.2905                0.4816833734512329
2079.3726                0.4835250973701477
2079.4575                0.4822793602943420
2079.5398                0.4802314043045044
2079.6248                0.4783637225627899
2079.7095                0.4811781942844391
2079.7917                0.4814786911010742
2079.8767                0.4841182827949524
2079.9590                0.4860969185829163
2080.0437                0.4852916300296783
2080.1257                0.4866705834865570
2080.2078                0.4895729422569275
2080.2922                0.4855670034885406
2080.3743                0.4875454008579254
2080.4590                0.4862462878227234
2080.5410                0.4842778444290161
2080.6257                0.4831615388393402
2080.7104                0.4862717688083649
2080.7922                0.4863308370113373
2080.8770                0.4886827170848846
2080.9590                0.4907487630844116
2081.0439                0.4897610843181610
2081.1260                0.4908907711505890
2081.2056                0.4936975538730621
2081.2905                0.4896380305290222
2081.3726                0.4918692708015442
2081.4575                0.4904983639717102
2081.5398                0.4885145425796509
2081.6248                0.4870232045650482
2081.7095                0.4900076389312744
2081.7917                0.4897194206714630
2081.8767                0.4922857582569122
2081.9590                0.4946659207344055
2082.0439                0.4939309656620026
2082.1260                0.4950640201568604
2082.2056                0.4981681108474731
2082.2905                0.4944998025894165
2082.3726                0.4964309632778168
2082.4575                0.4949005842208862
2082.5398                0.4927143454551697
2082.6248                0.4910047948360443
2082.7095                0.4941613674163818
2082.7917                0.4945199489593506
2082.8767                0.4973963499069214
2082.9590                0.4998688995838165
2083.0439                0.4985247850418091
2083.1260                0.5000108480453491
2083.2056                0.5028843283653259
2083.2905                0.4985915422439575
2083.3726                0.5006969571113586
2083.4575                0.4992583096027374
2083.5398                0.4970203340053558
2083.6248                0.4959075152873993
2083.7095                0.4990588426589966
2083.7917                0.4994329214096069
2083.8767                0.5018852949142456
2083.9590                0.5040877461433411
2084.0437                0.5031698942184448
2084.1257                0.5043777227401733
2084.2078                0.5071813464164734
2084.2922                0.5032314658164978
2084.3743                0.5050002336502075
2084.4590                0.5036519765853882
2084.5410                0.5018602013587952
2084.6257                0.4998884201049805
2084.7104                0.5028164386749268
2084.7922                0.5031509995460510
2084.8770                0.5054284930229187
2084.9590                0.5080924630165100
2085.0439                0.5069940686225891
2085.1260                0.5080879926681519
2085.2056                0.5111768841743469
2085.2905                0.5073112249374390
2085.3726                0.5093229413032532
2085.4575                0.5079734325408936
2085.5398                0.5056971907615662
2085.6248                0.5041224360466003
2085.7095                0.5073032975196838
2085.7917                0.5071505904197693
2085.8767                0.5098701715469360
2085.9590                0.5117714405059814
2086.0439                0.5109337568283081
2086.1260                0.5122001767158508
2086.2056                0.5147190690040588
2086.2905                0.5108401179313660
2086.3726                0.5127348899841309
2086.4575                0.5114452838897705
2086.5398                0.5092550516128540
2086.6248                0.5076167583465576
2086.7095                0.5110820531845093
2086.7917                0.5111061930656433
2086.8767                0.5136846303939819
2086.9590                0.5162681341171265
2087.0439                0.5154956579208374
2087.1260                0.5166350603103638
2087.2056                0.5195802450180054
2087.2905                0.5156141519546509
2087.3726                0.5175175666809082
2087.4575                0.5156530141830444
2087.5398                0.5136620998382568
2087.6248                0.5119549036026001
2087.7095                0.5150346755981445
2087.7917                0.5151060819625854
2087.8767                0.5176029205322266
2087.9590                0.5198240876197815
2088.0437                0.5188924074172974
2088.1257                0.5207324624061584
2088.2078                0.5235908031463623
2088.2922                0.5194458961486816
2088.3743                0.5216745734214783
2088.4590                0.5199677944183350
2088.5410                0.5174754858016968
2088.6257                0.5161184072494507
2088.7104                0.5192716121673584
2088.7922                0.5195432901382446
2088.8770                0.5218659043312073
2088.9590                0.5242885947227478
2089.0439                0.5236126184463501
2089.1260                0.5251839160919189
2089.2056                0.5279028415679932
2089.2905                0.5237902402877808
2089.3726                0.5250666141510010
2089.4575                0.5236619710922241
2089.5398                0.5214765667915344
2089.6248                0.5197705626487732
2089.7095                0.5230432152748108
2089.7917                0.5230056643486023
2089.8767                0.5255306959152222
2089.9590                0.5275533199310303
2090.0439                0.5265204310417175
2090.1260                0.5278022289276123
2090.2056                0.5309783220291138
2090.2905                0.5270678997039795
2090.3726                0.5288120508193970
2090.4575                0.5274264812469482
2090.5398                0.5252451300621033
2090.6248                0.5236627459526062
2090.7095                0.5269223451614380
2090.7917                0.5273610353469849
2090.8767                0.5300322175025940
2090.9590                0.5321935415267944
2091.0439                0.5313086509704590
2091.1260                0.5328661799430847
2091.2056                0.5356431007385254
2091.2905                0.5319927334785461
2091.3726                0.5336760878562927
2091.4575                0.5319842696189880
2091.5398                0.5296947956085205
2091.6248                0.5281741619110107
2091.7095                0.5312946438789368
2091.7917                0.5315518379211426
2091.8767                0.5336421728134155
2091.9590                0.5363046526908875
2092.0437                0.5352911353111267
2092.1257                0.5368735790252686
2092.2078                0.5397274494171143
2092.2922                0.5362636446952820
2092.3743                0.5379844307899475
2092.4590                0.5368708372116089
2092.5410                0.5350672602653503
2092.6257                0.5331826210021973
2092.7104                0.5361577868461609
2092.7922                0.5360420346260071
2092.8770                0.5385739803314209
2092.9590                0.5412122607231140
2093.0439                0.5405681133270264
2093.1260                0.5418958663940430
2093.2056                0.5447356104850769
2093.2905                0.5403949618339539
2093.3726                0.5422154068946838
2093.4575                0.5407739877700806
2093.5398                0.5387949943542480
2093.6248                0.5373923182487488
2093.7095                0.5406202077865601
2093.7917                0.5407758951187134
2093.8767                0.5433185100555420
2093.9590                0.5455742478370667
2094.0439                0.5443167686462402
2094.1260                0.5459987521171570
2094.2056                0.5485602021217346
2094.2905                0.5441005825996399
2094.3726                0.5456364154815674
2094.4575                0.5441928505897522
2094.5398                0.5422000288963318
2094.6248                0.5407699346542358
2094.7095                0.5439940690994263
2094.7917                0.5443739891052246
2094.8767                0.5467527508735657
2094.9590                0.5491911172866821
2095.0439                0.5479255914688110
2095.1260                0.5492809414863586
2095.2056                0.5522201657295227
2095.2905                0.5484219193458557
2095.3726                0.5501672625541687
2095.4575                0.5490815043449402
2095.5398                0.5467603802680969
2095.6248                0.5447260737419128
2095.7095                0.5481552481651306
2095.7917                0.5480230450630188
2095.8767                0.5507657527923584
2095.9590                0.5531795620918274
2096.0437                0.5522415637969971
2096.1257                0.5538040995597839
2096.2078                0.5559656023979187
2096.2922                0.5519652366638184
2096.3743                0.5535643100738525
2096.4590                0.5518985986709595
2096.5410                0.5494842529296875
2096.6257                0.5480152368545532
2096.7104                0.5515863895416260
2096.7922                0.5517754554748535
2096.8770                0.5541138648986816
2096.9590                0.5568361282348633
2097.0439                0.5556905269622803
2097.1260                0.5572656393051147
2097.2056                0.5602127909660339
2097.2905                0.5560160279273987
2097.3726                0.5576912760734558
2097.4575                0.5563910603523254
2097.5398                0.5540695786476135
2097.6248                0.5519840121269226
2097.7095                0.5555011630058289
2097.7917                0.5559828877449036
2097.8767                0.5584751367568970
2097.9590                0.5611078143119812
2098.0439                0.5599756836891174
2098.1260                0.5613839030265808
2098.2056                0.5643187761306763
2098.2905                0.5602924823760986
2098.3726                0.5618962645530701
2098.4575                0.5604687333106995
2098.5398                0.5583721399307251
2098.6248                0.5566160678863525
2098.7095                0.5593829154968262
2098.7917                0.5596661567687988
2098.8767                0.5622695088386536
2098.9590                0.5645564198493958
2099.0439                0.5634699463844299
2099.1260                0.5648941993713379
2099.2056                0.5678678750991821
2099.2905                0.5638998150825500
2099.3726                0.5661436319351196
2099.4575                0.5648167729377747
2099.5398                0.5624977946281433
2099.6248                0.5610009431838989
2099.7095                0.5642874836921692
2099.7917                0.5642623305320740
2099.8767                0.5666816234588623
2099.9590                0.5692663788795471
2100.0439                0.5680703520774841
2100.1260                0.5693395137786865
2100.2056                0.5725255608558655
2100.2905                0.5686137676239014
2100.3726                0.5701858997344971
2100.4575                0.5688776373863220
2100.5398                0.5666730403900146
2100.6248                0.5649564862251282
2100.7095                0.5683386921882629
2100.7917                0.5686985850334167
2100.8767                0.5708590149879456
2100.9590                0.5730926394462585
