1860.0437              272.3275756835937500
1860.1284              272.9361572265625000
1860.2076              273.0409545898437500
1860.2924              272.7215270996093750
1860.3743              272.1231994628906250
1860.4590              271.5843811035156250
1860.5410              271.3306884765625000
1860.6257              271.3237609863281250
1860.7103              271.2995910644531250
1860.7924              271.5659790039062500
1860.8771              272.6011352539062500
1860.9590              273.4731445312500000
1861.0438              274.1922912597656250
1861.1288              274.6249694824218750
1861.2054              274.6302795410156250
1861.2904              274.2223205566406250
1861.3726              273.7199707031250000
1861.4575              273.0530090332031250
1861.5397              272.3847351074218750
1861.6246              271.9140319824218750
1861.7096              271.4721984863281250
1861.7917              271.4281005859375000
1861.8767              271.8460998535156250
1861.9589              272.8696289062500000
1862.0438              273.7149658203125000
1862.1288              274.2420654296875000
1862.2054              274.2528076171875000
1862.2904              273.7455444335937500
1862.3726              273.1232299804687500
1862.4575              272.3941345214843750
1862.5397              271.6868591308593750
1862.6246              271.3503112792968750
1862.7096              271.3587646484375000
1862.7917              271.3006896972656250
1862.8767              271.4474792480468750
1862.9589              272.3784179687500000
1863.0438              273.2651062011718750
1863.1288              273.9917907714843750
1863.2054              274.1441650390625000
1863.2904              273.7764587402343750
1863.3726              273.2737121582031250
1863.4575              272.5473632812500000
1863.5397              271.6811218261718750
1863.6246              271.3717041015625000
1863.7096              271.3588256835937500
1863.7917              271.3363952636718750
1863.8767              271.5740966796875000
1863.9589              272.6470336914062500
1864.0437              273.6577148437500000
1864.1284              274.2517089843750000
1864.2076              274.3218688964843750
1864.2924              273.9533996582031250
1864.3743              273.2689208984375000
1864.4590              272.5012207031250000
1864.5410              271.6081542968750000
1864.6257              271.3750915527343750
1864.7103              271.3483276367187500
1864.7924              271.7425537109375000
1864.8771              272.6734008789062500
1864.9590              272.7052917480468750
1865.0438              273.5162658691406250
1865.1288              274.1007995605468750
1865.2054              274.1545104980468750
1865.2904              273.8628540039062500
1865.3726              273.3167114257812500
1865.4575              272.3729858398437500
1865.5397              271.5806274414062500
1865.6246              271.3099365234375000
1865.7096              271.3323669433593750
1865.7917              271.4102783203125000
1865.8767              271.3894653320312500
1865.9589              271.7134399414062500
1866.0438              272.5318603515625000
1866.1288              273.1385192871093750
1866.2054              273.2784423828125000
1866.2904              272.9875183105468750
1866.3726              272.3589782714843750
1866.4575              271.7594909667968750
1866.5397              271.4226989746093750
1866.6246              271.3731079101562500
1866.7096              271.2810668945312500
1866.7917              271.3233032226562500
1866.8767              271.3556518554687500
1866.9589              271.6716308593750000
1867.0438              272.5788574218750000
1867.1288              273.3656921386718750
1867.2054              273.5709533691406250
1867.2904              273.2410278320312500
1867.3726              272.5010986328125000
1867.4575              271.7814331054687500
1867.5397              271.4147033691406250
1867.6246              271.3504943847656250
1867.7096              271.2726745605468750
1867.7917              271.3204040527343750
1867.8767              271.2810668945312500
1867.9589              271.3084716796875000
1868.0437              271.8012084960937500
1868.1284              272.4515380859375000
1868.2076              272.6443176269531250
1868.2924              272.2391052246093750
1868.3743              271.7826232910156250
1868.4590              271.4071655273437500
1868.5410              271.3345031738281250
1868.6257              271.2770385742187500
1868.7103              271.2950439453125000
1868.7924              271.2998046875000000
1868.8771              271.2972412109375000
1868.9590              271.3196716308593750
1869.0438              271.8266296386718750
1869.1288              272.6190185546875000
1869.2054              272.8395690917968750
1869.2904              272.6263732910156250
1869.3726              272.0500183105468750
1869.4575              271.6180114746093750
1869.5397              271.4046630859375000
1869.6246              271.2991027832031250
1869.7096              271.2732543945312500
1869.7917              271.3443603515625000
1869.8767              271.3107299804687500
1869.9589              271.4077453613281250
1870.0438              272.1262512207031250
1870.1288              272.6642761230468750
1870.2054              272.9276733398437500
1870.2904              272.5624694824218750
1870.3726              271.7834777832031250
1870.4575              271.4254455566406250
1870.5397              271.2939758300781250
1870.6246              271.3329467773437500
1870.7096              271.2990722656250000
1870.7917              271.5842285156250000
1870.8767              272.3492126464843750
1870.9589              272.4594116210937500
1871.0438              273.2553100585937500
1871.1288              273.7441711425781250
1871.2054              273.6513977050781250
1871.2904              273.1206665039062500
1871.3726              272.4860839843750000
1871.4575              271.8804931640625000
1871.5397              271.5052795410156250
1871.6246              271.4797973632812500
1871.7096              271.3576965332031250
1871.7917              271.3105163574218750
1871.8767              271.4180297851562500
1871.9589              271.7799682617187500
1872.0437              272.7398681640625000
1872.1284              273.5119018554687500
1872.2076              273.6288452148437500
1872.2924              273.1556396484375000
1872.3743              272.4716491699218750
1872.4590              271.8258361816406250
1872.5410              271.4637756347656250
1872.6257              271.2940368652343750
1872.7103              271.3900146484375000
1872.7924              271.3556213378906250
1872.8771              271.5465393066406250
1872.9590              272.3330383300781250
1873.0438              273.4969482421875000
1873.1288              274.1334228515625000
1873.2054              274.1823730468750000
1873.2904              273.7837219238281250
1873.3726              273.1903991699218750
1873.4575              272.3792419433593750
1873.5397              271.6164550781250000
1873.6246              271.3122863769531250
1873.7096              271.3964843750000000
1873.7917              271.3380737304687500
1873.8767              271.4778442382812500
1873.9589              272.1705322265625000
1874.0438              273.0832824707031250
1874.1288              273.8290405273437500
1874.2054              273.9212341308593750
1874.2904              273.5062255859375000
1874.3726              272.9782409667968750
1874.4575              272.0385437011718750
1874.5397              271.4820251464843750
1874.6246              271.3264160156250000
1874.7096              271.3649902343750000
1874.7917              271.3484802246093750
1874.8767              271.4590759277343750
1874.9589              272.1039123535156250
1875.0438              273.2073364257812500
1875.1288              273.8849182128906250
1875.2054              273.8969116210937500
1875.2904              273.3766784667968750
1875.3726              272.7546081542968750
1875.4575              271.6912841796875000
1875.5397              271.3633422851562500
1875.6246              271.3250732421875000
1875.7096              271.3061218261718750
1875.7917              271.2858581542968750
1875.8767              271.2955017089843750
1875.9589              271.4364318847656250
1876.0437              272.2665710449218750
1876.1284              272.9682922363281250
1876.2076              273.1778564453125000
1876.2924              272.9316101074218750
1876.3743              272.3043518066406250
1876.4590              271.7920227050781250
1876.5410              271.5120849609375000
1876.6257              271.3931579589843750
1876.7103              271.2888183593750000
1876.7924              271.3757019042968750
1876.8771              271.4015197753906250
1876.9590              271.8708190917968750
1877.0438              272.8659667968750000
1877.1288              273.4677124023437500
1877.2054              273.5513305664062500
1877.2904              273.1527404785156250
1877.3726              272.5696716308593750
1877.4575              272.0339050292968750
1877.5397              271.5446166992187500
1877.6246              271.4135742187500000
1877.7096              271.3388366699218750
1877.7917              271.2880859375000000
1877.8767              271.2788085937500000
1877.9589              271.3239135742187500
1878.0438              271.5785217285156250
1878.1288              272.2360534667968750
1878.2054              272.4146728515625000
1878.2904              272.1043395996093750
1878.3726              271.6674194335937500
1878.4575              271.3879699707031250
1878.5397              271.3362426757812500
1878.6246              271.2847900390625000
1878.7096              271.3581237792968750
1878.7917              271.3563842773437500
1878.8767              272.2203369140625000
1878.9589              272.6734924316406250
1879.0438              273.4848327636718750
1879.1288              274.1292419433593750
1879.2054              274.2311096191406250
1879.2904              273.8939208984375000
1879.3726              273.2886962890625000
1879.4575              272.5353088378906250
1879.5397              271.8224487304687500
1879.6246              271.5582275390625000
1879.7096              271.3198852539062500
1879.7917              271.2765502929687500
1879.8767              271.2946777343750000
1879.9589              271.5418090820312500
1880.0437              272.4075012207031250
1880.1284              273.1341552734375000
1880.2076              273.3619689941406250
1880.2924              273.0374145507812500
1880.3743              272.4381408691406250
1880.4590              271.7715454101562500
1880.5410              271.4639892578125000
1880.6257              271.3098144531250000
1880.7103              271.3429565429687500
1880.7924              271.3590393066406250
1880.8771              272.0654907226562500
1880.9590              272.8237304687500000
1881.0438              273.7011718750000000
1881.1288              274.4530334472656250
1881.2054              274.5798645019531250
1881.2904              274.1333923339843750
1881.3726              273.5419921875000000
1881.4575              272.9366455078125000
1881.5397              272.3083496093750000
1881.6246              271.6442260742187500
1881.7096              271.3935852050781250
1881.7917              271.3268737792968750
1881.8767              271.3217468261718750
1881.9589              271.9566345214843750
1882.0438              273.0080566406250000
1882.1288              273.8254394531250000
1882.2054              273.9897460937500000
1882.2904              273.7146606445312500
1882.3726              273.0765075683593750
1882.4575              272.4136657714843750
1882.5397              271.7455749511718750
1882.6246              271.4754638671875000
1882.7096              271.2912902832031250
1882.7917              271.7020263671875000
1882.8767              272.4255981445312500
1882.9589              273.0374755859375000
1883.0438              273.8825988769531250
1883.1288              274.3091735839843750
1883.2054              274.4129638671875000
1883.2904              274.0264587402343750
1883.3726              273.3173828125000000
1883.4575              272.4770812988281250
1883.5397              271.5522460937500000
1883.6246              271.3774414062500000
1883.7096              271.3287658691406250
1883.7917              271.5197753906250000
1883.8767              271.8174438476562500
1883.9589              272.2079467773437500
1884.0437              272.9848937988281250
1884.1284              273.5497436523437500
1884.2076              273.7239990234375000
1884.2924              273.4263916015625000
1884.3743              273.0036621093750000
1884.4590              272.2637023925781250
1884.5410              271.5562133789062500
1884.6257              271.3410644531250000
1884.7103              271.2738037109375000
1884.7924              271.3789978027343750
1884.8771              271.3122863769531250
1884.9590              271.3083190917968750
1885.0438              271.5669250488281250
1885.1288              272.1279296875000000
1885.2054              272.2535705566406250
1885.2904              272.0344543457031250
1885.3726              271.5223693847656250
1885.4575              271.3614807128906250
1885.5397              271.2852172851562500
1885.6246              271.3039245605468750
1885.7096              271.2795715332031250
1885.7917              271.3070068359375000
1885.8767              271.2958984375000000
1885.9589              271.6376037597656250
1886.0438              272.2653503417968750
1886.1288              273.0250854492187500
1886.2054              273.2232666015625000
1886.2904              272.9507446289062500
1886.3726              272.1914062500000000
1886.4575              271.5189514160156250
1886.5397              271.4550781250000000
1886.6246              271.3112792968750000
1886.7096              271.2886352539062500
1886.7917              271.3696594238281250
1886.8767              271.7915039062500000
1886.9589              272.4374694824218750
1887.0438              273.1194763183593750
1887.1288              273.7439270019531250
1887.2054              273.8008117675781250
1887.2904              273.4790649414062500
1887.3726              273.0389404296875000
1887.4575              272.3027038574218750
1887.5397              271.7237854003906250
1887.6246              271.4690246582031250
1887.7096              271.3305969238281250
1887.7917              271.2739562988281250
1887.8767              271.3826904296875000
1887.9589              271.4815368652343750
1888.0437              272.3250427246093750
1888.1284              273.1918945312500000
1888.2076              273.3997802734375000
1888.2924              273.0834045410156250
1888.3743              272.6003723144531250
1888.4590              272.0848083496093750
1888.5410              271.6505126953125000
1888.6257              271.4099426269531250
1888.7103              271.3240051269531250
1888.7924              271.2810363769531250
1888.8771              271.3395385742187500
1888.9590              271.6343078613281250
1889.0438              272.5918273925781250
1889.1288              273.1874694824218750
1889.2054              273.2486572265625000
1889.2904              272.8848876953125000
1889.3726              272.3616027832031250
1889.4575              271.9317932128906250
1889.5397              271.5723266601562500
1889.6246              271.3984375000000000
1889.7096              271.3016052246093750
1889.7917              271.2720336914062500
1889.8767              271.2777099609375000
1889.9589              271.3782958984375000
1890.0438              272.1268920898437500
1890.1288              272.8450927734375000
1890.2054              273.0816345214843750
1890.2904              272.7661132812500000
1890.3726              272.2128906250000000
1890.4575              271.6455078125000000
1890.5397              271.4168395996093750
1890.6246              271.3147277832031250
1890.7096              271.2833862304687500
1890.7917              271.3018188476562500
1890.8767              271.2863159179687500
1890.9589              271.2857666015625000
1891.0438              271.7829284667968750
1891.1288              272.5510559082031250
1891.2054              272.8828735351562500
1891.2904              272.8442382812500000
1891.3726              272.3328247070312500
1891.4575              271.6629028320312500
1891.5397              271.4051513671875000
1891.6246              271.2909240722656250
1891.7096              271.2928466796875000
1891.7917              271.2962646484375000
1891.8767              271.2964172363281250
1891.9589              271.2896728515625000
1892.0437              271.5231933593750000
1892.1284              272.0140686035156250
1892.2076              272.0997314453125000
1892.2924              271.7996520996093750
1892.3743              271.4932556152343750
1892.4590              271.3577575683593750
1892.5410              271.3000793457031250
1892.6257              271.2943725585937500
1892.7103              271.2907104492187500
1892.7924              271.2931213378906250
1892.8771              271.3460083007812500
1892.9590              271.4325866699218750
1893.0438              271.8011474609375000
1893.1288              272.2860412597656250
1893.2054              272.5047302246093750
1893.2904              272.1930541992187500
1893.3726              271.9761047363281250
1893.4575              271.7773437500000000
1893.5397              271.5962219238281250
1893.6246              271.4857482910156250
1893.7096              271.4140014648437500
1893.7917              271.4082336425781250
1893.8767              271.3864440917968750
1893.9589              271.4094543457031250
1894.0438              271.7858886718750000
1894.1288              272.4896545410156250
1894.2054              272.6377258300781250
1894.2904              272.3799743652343750
1894.3726              271.7381591796875000
1894.4575              271.4664611816406250
1894.5397              271.3779296875000000
1894.6246              271.3221435546875000
1894.7096              271.2829589843750000
1894.7917              271.2741699218750000
1894.8767              271.3441772460937500
1894.9589              271.3826293945312500
1895.0438              271.9746093750000000
1895.1288              272.7405395507812500
1895.2054              272.9258422851562500
1895.2904              272.7297058105468750
1895.3726              272.3312683105468750
1895.4575              271.8146972656250000
1895.5397              271.5680847167968750
1895.6246              271.4005126953125000
1895.7096              271.3076782226562500
1895.7917              271.2739562988281250
1895.8767              271.2858886718750000
1895.9589              271.4421386718750000
1896.0437              272.3128662109375000
1896.1284              272.9206542968750000
1896.2076              273.0487670898437500
1896.2924              272.7659301757812500
1896.3743              272.2889404296875000
1896.4590              271.7105102539062500
1896.5410              271.3965759277343750
1896.6257              271.2939147949218750
1896.7103              271.3113403320312500
1896.7924              271.2998657226562500
1896.8771              271.3943481445312500
1896.9590              272.3285217285156250
1897.0438              273.5530090332031250
1897.1288              274.3886718750000000
1897.2054              274.6403503417968750
1897.2904              274.2718200683593750
1897.3726              273.4687500000000000
1897.4575              272.8643493652343750
1897.5397              272.3021545410156250
1897.6246              271.6161804199218750
1897.7096              271.3333740234375000
1897.7917              271.4146118164062500
1897.8767              271.7310791015625000
1897.9589              272.8392333984375000
1898.0438              273.6889343261718750
1898.1288              274.3823852539062500
1898.2054              274.5347900390625000
1898.2904              274.1833801269531250
1898.3726              273.4282836914062500
1898.4575              272.6412658691406250
1898.5397              272.0323181152343750
1898.6246              271.5501403808593750
1898.7096              271.3295898437500000
1898.7917              271.2981262207031250
1898.8767              271.7492065429687500
1898.9589              272.7742614746093750
1899.0438              273.8432006835937500
1899.1288              274.4492492675781250
1899.2054              274.4885253906250000
1899.2904              274.1249694824218750
1899.3726              273.7519836425781250
1899.4575              273.2074584960937500
1899.5397              272.4963684082031250
1899.6246              271.6705322265625000
1899.7096              271.3638305664062500
1899.7917              271.3029785156250000
1899.8767              271.3610839843750000
1899.9589              271.9838562011718750
1900.0438              273.0373229980468750
1900.1288              273.7418518066406250
1900.2054              273.9237976074218750
1900.2904              273.6709594726562500
1900.3726              272.9427490234375000
1900.4575              272.4255981445312500
1900.5397              271.7597045898437500
1900.6246              271.4212341308593750
1900.7096              271.2924194335937500
1900.7917              271.3880310058593750
1900.8767              271.2989807128906250
1900.9589              271.5075378417968750
1901.0438              272.3164672851562500
1901.1288              273.0204772949218750
1901.2054              273.1973876953125000
1901.2904              273.0256042480468750
1901.3726              272.5509643554687500
1901.4575              271.8780822753906250
1901.5397              271.4665527343750000
1901.6246              271.2969665527343750
1901.7096              271.3156127929687500
1901.7917              271.2901000976562500
1901.8767              271.2761840820312500
1901.9589              271.2882080078125000
1902.0438              271.7262573242187500
1902.1288              272.4211730957031250
1902.2054              272.7163085937500000
1902.2904              272.5255126953125000
1902.3726              271.9068298339843750
1902.4575              271.4363098144531250
1902.5397              271.3482360839843750
1902.6246              271.2781982421875000
1902.7096              271.3252563476562500
1902.7917              271.3155822753906250
1902.8767              271.3497009277343750
1902.9589              271.6842651367187500
1903.0438              272.7200927734375000
1903.1288              273.5886535644531250
1903.2054              273.7934875488281250
1903.2904              273.4073791503906250
1903.3726              272.9076538085937500
1903.4575              272.0899963378906250
1903.5397              271.4794921875000000
1903.6246              271.2984008789062500
1903.7096              271.3843688964843750
1903.7917              271.4379272460937500
1903.8767              271.6204223632812500
1903.9589              272.3836975097656250
1904.0437              273.3307189941406250
1904.1284              274.1041870117187500
1904.2076              274.0769348144531250
1904.2924              273.5489196777343750
1904.3743              272.8842468261718750
1904.4590              272.0350952148437500
1904.5410              271.5961608886718750
1904.6257              271.4451293945312500
1904.7103              271.3230895996093750
1904.7924              271.2835693359375000
1904.8771              271.3440856933593750
1904.9590              271.8310546875000000
1905.0438              272.9238281250000000
1905.1288              273.7128295898437500
1905.2054              273.8370666503906250
1905.2904              273.4878234863281250
1905.3726              273.0152587890625000
1905.4575              272.2263183593750000
1905.5397              271.6378173828125000
1905.6246              271.3298339843750000
1905.7096              271.3663024902343750
1905.7917              271.3331909179687500
1905.8767              271.5753784179687500
1905.9589              272.6301269531250000
1906.0438              273.8807678222656250
1906.1288              274.6141052246093750
1906.2054              274.6747741699218750
1906.2904              274.3234252929687500
1906.3726              273.6119079589843750
1906.4575              273.0158081054687500
1906.5397              271.9076538085937500
1906.6246              271.3450622558593750
1906.7096              271.3702392578125000
1906.7917              271.2933349609375000
1906.8767              271.4796752929687500
1906.9589              272.3367004394531250
1907.0438              273.5160522460937500
1907.1288              274.3384704589843750
1907.2054              274.4603576660156250
1907.2904              273.9420776367187500
1907.3726              273.2711791992187500
1907.4575              272.6533508300781250
1907.5397              271.9978637695312500
1907.6246              271.4073791503906250
1907.7096              271.3338012695312500
1907.7917              271.2866516113281250
1907.8767              271.5233764648437500
1907.9589              272.4034729003906250
1908.0437              273.5324707031250000
1908.1284              274.1402282714843750
1908.2076              274.2156677246093750
1908.2924              273.8885803222656250
1908.3743              273.1518859863281250
1908.4590              272.3035888671875000
1908.5410              271.5669250488281250
1908.6257              271.3433227539062500
1908.7103              271.3239440917968750
1908.7924              271.9762573242187500
1908.8771              272.6739807128906250
1908.9590              273.4344177246093750
1909.0438              274.4139099121093750
1909.1288              275.0117187500000000
1909.2054              275.1324768066406250
1909.2904              274.5509643554687500
1909.3726              273.7396850585937500
1909.4575              273.0287780761718750
1909.5397              272.4154357910156250
1909.6246              271.5508117675781250
1909.7096              271.3400878906250000
1909.7917              271.4501647949218750
1909.8767              271.8692932128906250
1909.9589              272.8890686035156250
1910.0438              273.9673767089843750
1910.1288              274.6559143066406250
1910.2054              274.8357543945312500
1910.2904              274.4174194335937500
1910.3726              273.6911315917968750
1910.4575              272.8703918457031250
1910.5397              272.1074218750000000
1910.6246              271.5239868164062500
1910.7096              271.4140319824218750
1910.7917              271.4794006347656250
1910.8767              271.6516113281250000
1910.9589              272.5385437011718750
1911.0438              273.6629333496093750
1911.1288              274.4603881835937500
1911.2054              274.5146789550781250
1911.2904              274.0196533203125000
1911.3726              273.4435424804687500
1911.4575              272.6377868652343750
1911.5397              272.0131835937500000
1911.6246              271.5333557128906250
1911.7096              271.3067626953125000
1911.7917              271.3800659179687500
1911.8767              271.3337097167968750
1911.9589              271.6723022460937500
1912.0437              272.7348022460937500
1912.1284              273.3354797363281250
1912.2076              273.3760681152343750
1912.2924              273.0097656250000000
1912.3743              272.5100402832031250
1912.4590              272.0295104980468750
1912.5410              271.6352539062500000
1912.6257              271.3883666992187500
1912.7103              271.3244323730468750
1912.7924              271.2798767089843750
1912.8771              271.2880859375000000
1912.9590              271.3492736816406250
1913.0438              271.9868469238281250
1913.1288              272.7333679199218750
1913.2054              272.8193054199218750
1913.2904              272.3629455566406250
1913.3726              271.7519836425781250
1913.4575              271.3729553222656250
1913.5397              271.2775268554687500
1913.6246              271.3436584472656250
1913.7096              271.2927551269531250
1913.7917              271.9133605957031250
1913.8767              272.6067199707031250
1913.9589              273.2159423828125000
1914.0438              273.9902648925781250
1914.1288              274.4903564453125000
1914.2054              274.5018615722656250
1914.2904              274.0202331542968750
1914.3726              273.3406372070312500
1914.4575              272.6712036132812500
1914.5397              271.9043273925781250
1914.6246              271.3601379394531250
1914.7096              271.4026184082031250
1914.7917              271.3018188476562500
1914.8767              271.2781066894531250
1914.9589              271.3939514160156250
1915.0438              272.1299133300781250
1915.1288              272.7418212890625000
1915.2054              272.9436950683593750
1915.2904              272.6965637207031250
1915.3726              272.2754211425781250
1915.4575              271.7954101562500000
1915.5397              271.4753723144531250
1915.6246              271.3575439453125000
1915.7096              271.2849121093750000
1915.7917              271.4356689453125000
1915.8767              272.4889526367187500
1915.9589              272.7955627441406250
1916.0437              273.2819824218750000
1916.1284              273.6773376464843750
1916.2076              273.7610778808593750
1916.2924              273.3420410156250000
1916.3743              272.5206909179687500
1916.4590              271.6871337890625000
1916.5410              271.4382019042968750
1916.6257              271.2938232421875000
1916.7103              272.2323303222656250
1916.7924              272.3268432617187500
1916.8771              272.1878967285156250
1916.9590              272.7945556640625000
1917.0438              273.6091613769531250
1917.1288              274.1332702636718750
1917.2054              274.1565246582031250
1917.2904              273.6937561035156250
1917.3726              273.1531677246093750
1917.4575              272.3566284179687500
1917.5397              271.5872802734375000
1917.6246              271.3440551757812500
1917.7096              271.3321533203125000
1917.7917              271.3614196777343750
1917.8767              271.3132934570312500
1917.9589              271.6052551269531250
1918.0438**********************************
1918.1288**********************************
1918.2054**********************************
1918.2904**********************************
1918.3726**********************************
1918.4575**********************************
1918.5397**********************************
1918.6246**********************************
1918.7096**********************************
1918.7917**********************************
1918.8767**********************************
1918.9589**********************************
1919.0438              273.9290466308593750
1919.1288              274.4645996093750000
1919.2054              274.4375000000000000
1919.2904              273.9694824218750000
1919.3726              273.1198425292968750
1919.4575              272.2602844238281250
1919.5397              271.6044921875000000
1919.6246              271.3349914550781250
1919.7096              271.3183593750000000
1919.7917              271.3760681152343750
1919.8767              271.3936462402343750
1919.9589              271.9976196289062500
1920.0437              272.9447021484375000
1920.1284              273.3937683105468750
1920.2076              273.3512573242187500
1920.2924              272.9729919433593750
1920.3743              272.4828186035156250
1920.4590              271.7513732910156250
1920.5410              271.4642028808593750
1920.6257              271.3139953613281250
1920.7103              271.4006652832031250
1920.7924              271.4802856445312500
1920.8771              271.5194091796875000
1920.9590              271.9548950195312500
1921.0438              273.0018920898437500
1921.1288              273.6022033691406250
1921.2054              273.7311096191406250
1921.2904              273.4036560058593750
1921.3726              272.9228210449218750
1921.4575              272.1574096679687500
1921.5397              271.5493164062500000
1921.6246              271.4172363281250000
1921.7096              271.3003845214843750
1921.7917              271.4769592285156250
1921.8767              271.4833374023437500
1921.9589              271.8633117675781250
1922.0438              272.8717041015625000
1922.1288              273.4363708496093750
1922.2054              273.5822143554687500
1922.2904              273.1452026367187500
1922.3726              272.5267028808593750
1922.4575              271.8012695312500000
1922.5397              271.4063720703125000
1922.6246              271.2756347656250000
1922.7096              271.3320922851562500
1922.7917              271.3056945800781250
1922.8767              271.3392333984375000
1922.9589              271.6166381835937500
1923.0438              272.4898071289062500
1923.1288              273.1831665039062500
1923.2054              273.3907775878906250
1923.2904              273.0769348144531250
1923.3726              272.4090881347656250
1923.4575              271.7650146484375000
1923.5397              271.4121704101562500
1923.6246              271.3121032714843750
1923.7096              271.2758483886718750
1923.7917              271.4010925292968750
1923.8767              271.4514465332031250
1923.9589              272.1259460449218750
1924.0437              273.1049194335937500
1924.1284              273.7867431640625000
1924.2076              273.8724060058593750
1924.2924              273.4134826660156250
1924.3743              272.8794860839843750
1924.4590              272.2846679687500000
1924.5410              271.7776184082031250
1924.6257              271.4972229003906250
1924.7103              271.3334655761718750
1924.7924              271.2730712890625000
1924.8771              271.2789306640625000
1924.9590              271.3655395507812500
1925.0438              272.0729064941406250
1925.1288              272.6650695800781250
1925.2054              272.6737976074218750
1925.2904              272.2374267578125000
1925.3726              271.6205139160156250
1925.4575              271.3763122558593750
1925.5397              271.2984313964843750
1925.6246              271.3260498046875000
1925.7096              271.3007202148437500
1925.7917              271.4962158203125000
1925.8767              272.6550903320312500
1925.9589              273.0756835937500000
1926.0438              273.9117126464843750
1926.1288              274.5213317871093750
1926.2054              274.5939331054687500
1926.2904              274.2462768554687500
1926.3726              273.5168762207031250
1926.4575              272.5055236816406250
1926.5397              271.5858459472656250
1926.6246              271.3608703613281250
1926.7096              271.3649291992187500
1926.7917              271.2939758300781250
1926.8767              271.4281311035156250
1926.9589              272.2908630371093750
1927.0438              273.1814575195312500
1927.1288              273.7195434570312500
1927.2054              273.7100830078125000
1927.2904              273.3142395019531250
1927.3726              272.3687133789062500
1927.4575              271.5133666992187500
1927.5397              271.3070678710937500
1927.6246              271.3611755371093750
1927.7096              272.3346252441406250
1927.7917              272.2654113769531250
1927.8767              272.2225952148437500
1927.9589              273.0014038085937500
1928.0437              273.8084411621093750
1928.1284              274.3475952148437500
1928.2076              274.4609375000000000
1928.2924              274.0435180664062500
1928.3743              273.4124450683593750
1928.4590              272.6897888183593750
1928.5410              271.7570800781250000
1928.6257              271.3877258300781250
1928.7103              271.3211059570312500
1928.7924              272.2132873535156250
1928.8771              272.4248657226562500
1928.9590              273.0659484863281250
1929.0438              273.7006835937500000
1929.1288              274.1653137207031250
1929.2054              274.1045227050781250
1929.2904              273.6350708007812500
1929.3726              272.7593688964843750
1929.4575              271.8563842773437500
1929.5397              271.4440307617187500
1929.6246              271.2930297851562500
1929.7096              271.3792724609375000
1929.7917              271.3344116210937500
1929.8767              271.4763488769531250
1929.9589              272.1894226074218750
1930.0438              273.3381042480468750
1930.1288              274.1587829589843750
1930.2054              274.3328247070312500
1930.2904              274.1109313964843750
1930.3726              273.4816589355468750
1930.4575              272.6643371582031250
1930.5397              271.9261779785156250
1930.6246              271.5047302246093750
1930.7096              271.3286437988281250
1930.7917              271.2786560058593750
1930.8767              271.2828979492187500
1930.9589              271.4029846191406250
1931.0438              272.1467590332031250
1931.1288              272.8085937500000000
1931.2054              273.0475769042968750
1931.2904              272.7980651855468750
1931.3726              272.2828979492187500
1931.4575              271.6526489257812500
1931.5397              271.4170227050781250
1931.6246              271.2833862304687500
1931.7096              271.3151550292968750
1931.7917              271.3063354492187500
1931.8767              271.3154602050781250
1931.9589              271.5962219238281250
1932.0437              272.5451965332031250
1932.1284              273.2416992187500000
1932.2076              273.3702087402343750
1932.2924              273.1417846679687500
1932.3743              272.6481933593750000
1932.4590              272.0248107910156250
1932.5410              271.6055603027343750
1932.6257              271.3519592285156250
1932.7103              271.3413696289062500
1932.7924              271.3585815429687500
1932.8771              271.3354797363281250
1932.9590              271.4761352539062500
1933.0438              272.2846069335937500
1933.1288              273.0514526367187500
1933.2054              273.1760253906250000
1933.2904              272.8057861328125000
1933.3726              272.1171569824218750
1933.4575              271.5714721679687500
1933.5397              271.4112854003906250
1933.6246              271.3140563964843750
1933.7096              271.3440551757812500
1933.7917              271.3388061523437500
1933.8767              271.7485961914062500
1933.9589              272.7483520507812500
1934.0438              273.3955688476562500
1934.1288              273.8436279296875000
1934.2054              273.8236389160156250
1934.2904              273.3392944335937500
1934.3726              272.8027038574218750
1934.4575              271.9967956542968750
1934.5397              271.4931335449218750
1934.6246              271.3116760253906250
1934.7096              272.1821594238281250
1934.7917              272.3489685058593750
1934.8767              272.3201904296875000
1934.9589              273.2264404296875000
1935.0438              274.1839599609375000
1935.1288              274.8822021484375000
1935.2054              274.9115295410156250
1935.2904              274.3525390625000000
1935.3726              273.8140258789062500
1935.4575              273.0380554199218750
1935.5397              272.1093139648437500
1935.6246              271.4513244628906250
1935.7096              271.3815917968750000
1935.7917              271.3742980957031250
1935.8767              271.4336853027343750
1935.9589              271.7180480957031250
1936.0437              272.6766967773437500
1936.1284              273.3580322265625000
1936.2076              273.4985961914062500
1936.2924              273.1788635253906250
1936.3743              272.5210876464843750
1936.4590              271.8818664550781250
1936.5410              271.4589538574218750
1936.6257              271.3424987792968750
1936.7103              271.2715454101562500
1936.7924              271.3232421875000000
1936.8771              271.3220825195312500
1936.9590              271.3561096191406250
1937.0438              272.0952758789062500
1937.1288              272.7460632324218750
1937.2054              272.8417968750000000
1937.2904              272.4238891601562500
1937.3726              272.0617065429687500
1937.4575              271.5482788085937500
1937.5397              271.3148803710937500
1937.6246              271.2857055664062500
1937.7096              271.3082580566406250
1937.7917              271.2748718261718750
1937.8767              271.2790527343750000
1937.9589              271.3266906738281250
1938.0438              272.0080566406250000
1938.1288              272.7564086914062500
1938.2054              272.8975219726562500
1938.2904              272.6399230957031250
1938.3726              271.9642639160156250
1938.4575              271.4809875488281250
1938.5397              271.3834228515625000
1938.6246              271.2789611816406250
1938.7096              271.3288574218750000
1938.7917              271.3248291015625000
1938.8767              271.3374328613281250
1938.9589              271.7028503417968750
1939.0438              272.2608032226562500
1939.1288              273.0228576660156250
1939.2054              273.2135314941406250
1939.2904              272.9125671386718750
1939.3726              272.4662170410156250
1939.4575              271.8325195312500000
1939.5397              271.4838867187500000
1939.6246              271.3585510253906250
1939.7096              271.2737121582031250
1939.7917              271.3847656250000000
1939.8767              271.3233642578125000
1939.9589              271.3312072753906250
1940.0437              271.9176330566406250
1940.1284              272.3445739746093750
1940.2076              272.4754028320312500
1940.2924              272.1235351562500000
1940.3743              271.6253051757812500
1940.4590              271.3701782226562500
1940.5410              271.3117980957031250
1940.6257              271.3215332031250000
1940.7103              271.4559936523437500
1940.7924              272.6438293457031250
1940.8771              272.3015747070312500
1940.9590              272.6121215820312500
1941.0438              273.4911499023437500
1941.1288              274.1426086425781250
1941.2054              274.1128540039062500
1941.2904              273.7271728515625000
1941.3726              273.1228637695312500
1941.4575              272.4035644531250000
1941.5397              271.6811218261718750
1941.6246              271.4359130859375000
1941.7096              271.2770690917968750
1941.7917              271.3651733398437500
1941.8767              271.3909912109375000
1941.9589              271.7628784179687500
1942.0438              272.6284484863281250
1942.1288              273.2656555175781250
1942.2054              273.3414611816406250
1942.2904              273.0770263671875000
1942.3726              272.6258544921875000
1942.4575              272.1692810058593750
1942.5397              271.6293029785156250
1942.6246              271.3876037597656250
1942.7096              271.2933349609375000
1942.7917              271.3104248046875000
1942.8767              271.3467102050781250
1942.9589              271.4284667968750000
1943.0438              272.1649780273437500
1943.1288              272.8889160156250000
1943.2054              273.1488647460937500
1943.2904              272.8643798828125000
1943.3726              272.2620849609375000
1943.4575              271.6881713867187500
1943.5397              271.3843078613281250
1943.6246              271.3407897949218750
1943.7096              271.2782287597656250
1943.7917              271.3191833496093750
1943.8767              271.2817382812500000
1943.9589              271.3448486328125000
1944.0437              272.0868835449218750
1944.1284              272.7221069335937500
1944.2076              272.7228393554687500
1944.2924              272.3737182617187500
1944.3743              271.8838806152343750
1944.4590              271.4725341796875000
1944.5410              271.3472900390625000
1944.6257              271.2768554687500000
1944.7103              271.3059082031250000
1944.7924              271.2953186035156250
1944.8771              271.2922058105468750
1944.9590              271.4356079101562500
1945.0438              272.3124084472656250
1945.1288              273.0178833007812500
1945.2054              273.1148986816406250
1945.2904              272.6593627929687500
1945.3726              271.9761962890625000
1945.4575              271.5568542480468750
1945.5397              271.3379516601562500
1945.6246              271.2734680175781250
1945.7096              271.3547668457031250
1945.7917              271.2965087890625000
1945.8767              271.3563232421875000
1945.9589              271.6836853027343750
1946.0438              272.2071533203125000
1946.1288              272.7973327636718750
1946.2054              273.0260620117187500
1946.2904              272.5786743164062500
1946.3726              272.0517272949218750
1946.4575              271.6667785644531250
1946.5397              271.4201965332031250
1946.6246              271.3733825683593750
1946.7096              271.3064880371093750
1946.7917              271.3422546386718750
1946.8767              271.3834838867187500
1946.9589              271.4126586914062500
1947.0438              272.1556091308593750
1947.1288              272.8184814453125000
1947.2054              272.9709167480468750
1947.2904              272.6913452148437500
1947.3726              272.1164550781250000
1947.4575              271.7277221679687500
1947.5397              271.4236755371093750
1947.6246              271.2946777343750000
1947.7096              271.3299560546875000
1947.7917              271.3894653320312500
1947.8767              271.4605102539062500
1947.9589              272.1008605957031250
1948.0437              273.0409240722656250
1948.1284              273.6204833984375000
1948.2076              273.7186279296875000
1948.2924              273.4284973144531250
1948.3743              272.7758483886718750
1948.4590              272.0666809082031250
1948.5410              271.5758361816406250
1948.6257              271.3540954589843750
1948.7103              271.2811584472656250
1948.7924              271.3690490722656250
1948.8771              271.2866516113281250
1948.9590              271.3291015625000000
1949.0438              271.9527587890625000
1949.1288              272.7158508300781250
1949.2054              272.9172973632812500
1949.2904              272.6841735839843750
1949.3726              272.0325317382812500
1949.4575              271.4564819335937500
1949.5397              271.2753601074218750
1949.6246              271.3210449218750000
1949.7096              271.2790832519531250
1949.7917              271.3081054687500000
1949.8767              271.4931335449218750
1949.9589              272.3424682617187500
1950.0438              273.3069763183593750
1950.1288              273.9194946289062500
1950.2054              274.0408020019531250
1950.2904              273.6922912597656250
1950.3726              273.0205078125000000
1950.4575              272.3710021972656250
1950.5397              271.8222351074218750
1950.6246              271.4909973144531250
1950.7096              271.4059448242187500
1950.7917              271.3713378906250000
1950.8767              271.4351196289062500
1950.9589              272.1376037597656250
1951.0438              273.2702941894531250
1951.1288              273.9240112304687500
1951.2054              274.0133972167968750
1951.2904              273.6831359863281250
1951.3726              273.1101989746093750
1951.4575              272.3783874511718750
1951.5397              271.7716979980468750
1951.6246              271.3837890625000000
1951.7096              271.2777099609375000
1951.7917              271.2906494140625000
1951.8767              271.3515625000000000
1951.9589              271.9156799316406250
1952.0437              272.9333801269531250
1952.1284              273.5277709960937500
1952.2076              273.6492614746093750
1952.2924              273.4364929199218750
1952.3743              272.9658203125000000
1952.4590              272.1109619140625000
1952.5410              271.6174316406250000
1952.6257              271.4234619140625000
1952.7103              271.3168640136718750
1952.7924              271.2768554687500000
1952.8771              271.3110656738281250
1952.9590              271.7054138183593750
1953.0438              272.6186828613281250
1953.1288              273.1885375976562500
1953.2054              273.3527221679687500
1953.2904              273.0439147949218750
1953.3726              272.4338684082031250
1953.4575              271.6162414550781250
1953.5397              271.3788452148437500
1953.6246              271.2737121582031250
1953.7096              271.3090515136718750
1953.7917              271.2989807128906250
1953.8767              271.3134765625000000
1953.9589              271.6966552734375000
1954.0438              272.6047668457031250
1954.1288              273.1927490234375000
1954.2054              273.2794189453125000
1954.2904              272.9671630859375000
1954.3726              272.3937377929687500
1954.4575              271.7619018554687500
1954.5397              271.3709411621093750
1954.6246              271.3331909179687500
1954.7096              271.3282470703125000
1954.7917              271.4757080078125000
1954.8767              271.9428100585937500
1954.9589              272.6948852539062500
1955.0438              273.7207641601562500
1955.1288              274.3981323242187500
1955.2054              274.5825805664062500
1955.2904              274.1018981933593750
1955.3726              273.5339050292968750
1955.4575              272.9420166015625000
1955.5397              272.2831115722656250
1955.6246              271.7537841796875000
1955.7096              271.5336303710937500
1955.7917              271.3993530273437500
1955.8767              271.3848571777343750
1955.9589              271.7443237304687500
1956.0437              272.6452636718750000
1956.1284              273.2653198242187500
1956.2076              273.2862243652343750
1956.2924              272.9620056152343750
1956.3743              272.3154602050781250
1956.4590              271.4976196289062500
1956.5410              271.3243103027343750
1956.6257              271.3498229980468750
1956.7103              271.3484802246093750
1956.7924              271.5745849609375000
1956.8771              272.1116027832031250
1956.9590              273.0928649902343750
1957.0438              274.1868286132812500
1957.1288              274.8245239257812500
1957.2054              274.8126831054687500
1957.2904              274.4314880371093750
1957.3726              273.7899169921875000
1957.4575              272.9285888671875000
1957.5397              271.9635314941406250
1957.6246              271.3752136230468750
1957.7096              271.3849487304687500
1957.7917              271.3312072753906250
1957.8767              271.4389038085937500
1957.9589              272.2494506835937500
1958.0438              273.2167663574218750
1958.1288              273.8154907226562500
1958.2054              274.0435791015625000
1958.2904              273.6974182128906250
1958.3726              273.0813293457031250
1958.4575              272.5242309570312500
1958.5397              271.9126586914062500
1958.6246              271.5371093750000000
1958.7096              271.3872680664062500
1958.7917              271.2763366699218750
1958.8767              271.2896118164062500
1958.9589              271.6573486328125000
1959.0438              272.7250976562500000
1959.1288              273.4922180175781250
1959.2054              273.5514221191406250
1959.2904              273.3055725097656250
1959.3726              272.8059387207031250
1959.4575              272.0146484375000000
1959.5397              271.4338073730468750
1959.6246              271.2925415039062500
1959.7096              271.2952880859375000
1959.7917              271.3048400878906250
1959.8767              271.3119201660156250
1959.9589              271.7504272460937500
1960.0437              272.6872253417968750
1960.1284              273.2293090820312500
1960.2076              273.2980346679687500
1960.2924              273.0057983398437500
1960.3743              272.4782409667968750
1960.4590              271.8229370117187500
1960.5410              271.4337158203125000
1960.6257              271.3023986816406250
1960.7103              271.3272094726562500
1960.7924              271.2956237792968750
1960.8771              271.3069458007812500
1960.9590              271.5082702636718750
1961.0438              272.4436645507812500
1961.1288              273.1190185546875000
1961.2054              273.2470703125000000
1961.2904              272.9223632812500000
1961.3726              272.4012145996093750
1961.4575              271.9157104492187500
1961.5397              271.5908203125000000
1961.6246              271.4209289550781250
1961.7096              271.3859558105468750
1961.7917              271.3041381835937500
1961.8767              271.3186645507812500
1961.9589              271.3998718261718750
1962.0438              272.1229553222656250
1962.1288              273.0332336425781250
1962.2054              273.2476806640625000
1962.2904              272.9334411621093750
1962.3726              272.1986999511718750
1962.4575              271.7829284667968750
1962.5397              271.5030212402343750
1962.6246              271.3690795898437500
1962.7096              271.3437194824218750
1962.7917              271.2868652343750000
1962.8767              271.3060302734375000
1962.9589              271.3813171386718750
1963.0438              271.9844665527343750
1963.1288              272.6687011718750000
1963.2054              272.7330322265625000
1963.2904              272.3059387207031250
1963.3726              271.7627258300781250
1963.4575              271.5014648437500000
1963.5397              271.3809204101562500
1963.6246              271.3423767089843750
1963.7096              271.2754516601562500
1963.7917              271.3179626464843750
1963.8767              271.2739257812500000
1963.9589              271.3065185546875000
1964.0437              271.8604736328125000
1964.1284              272.4472656250000000
1964.2076              272.4082031250000000
1964.2924              272.1210327148437500
1964.3743              271.6763916015625000
1964.4590              271.3771362304687500
1964.5410              271.3089904785156250
1964.6257              271.3106689453125000
1964.7103              271.3350830078125000
1964.7924              271.3627014160156250
1964.8771              272.6867065429687500
1964.9590              273.0303344726562500
1965.0438              273.7633056640625000
1965.1288              274.1733093261718750
1965.2054              274.0673217773437500
1965.2904              273.5621643066406250
1965.3726              272.8618469238281250
1965.4575              272.1346130371093750
1965.5397              271.7411499023437500
1965.6246              271.5528869628906250
1965.7096              271.4489440917968750
1965.7917              271.3096008300781250
1965.8767              271.2812500000000000
1965.9589              271.3207092285156250
1966.0438              271.8791503906250000
1966.1288              272.6385803222656250
1966.2054              272.7833862304687500
1966.2904              272.5270080566406250
1966.3726              272.0669555664062500
1966.4575              271.6402893066406250
1966.5397              271.4698181152343750
1966.6246              271.3900756835937500
1966.7096              271.3830566406250000
1966.7917              271.3260192871093750
1966.8767              271.2843933105468750
1966.9589              271.2954101562500000
1967.0438              271.4776000976562500
1967.1288              272.1280212402343750
1967.2054              272.4183654785156250
1967.2904              272.1389160156250000
1967.3726              271.6620178222656250
1967.4575              271.4626464843750000
1967.5397              271.3492431640625000
1967.6246              271.2915344238281250
1967.7096              271.3060607910156250
1967.7917              271.3145751953125000
1967.8767              271.2819213867187500
1967.9589              271.3257141113281250
1968.0437              271.6359863281250000
1968.1284              272.1943359375000000
1968.2076              272.3114624023437500
1968.2924              271.9848937988281250
1968.3743              271.6765747070312500
1968.4590              271.4818420410156250
1968.5410              271.3629760742187500
1968.6257              271.3605041503906250
1968.7103              271.3275756835937500
1968.7924              271.2785339355468750
1968.8771              271.3041687011718750
1968.9590              271.3978881835937500
1969.0438              271.8382873535156250
1969.1288              272.4230346679687500
1969.2054              272.6284484863281250
1969.2904              272.3534545898437500
1969.3726              271.8283081054687500
1969.4575              271.5331726074218750
1969.5397              271.4183044433593750
1969.6246              271.3880004882812500
1969.7096              271.3107604980468750
1969.7917              271.2760314941406250
1969.8767              271.6647644042968750
1969.9589              271.8536682128906250
1970.0438              272.7021484375000000
1970.1288              273.2620239257812500
1970.2054              273.4407348632812500
1970.2904              273.1019897460937500
1970.3726              272.5045166015625000
1970.4575              271.8330688476562500
1970.5397              271.5452575683593750
1970.6246              271.4457092285156250
1970.7096              271.3036804199218750
1970.7917              271.3763732910156250
1970.8767              271.4099426269531250
1970.9589              271.4100646972656250
1971.0438              271.7899780273437500
1971.1288              272.4696044921875000
1971.2054              272.6364746093750000
1971.2904              272.3171691894531250
1971.3726              271.7472229003906250
1971.4575              271.5314025878906250
1971.5397              271.4434204101562500
1971.6246              271.3784179687500000
1971.7096              271.3048095703125000
1971.7917              271.3552856445312500
1971.8767              272.2574462890625000
1971.9589              272.7117919921875000
1972.0437              273.4130859375000000
1972.1284              274.1746826171875000
1972.2076              274.2267150878906250
1972.2924              273.7818908691406250
1972.3743              273.1527404785156250
1972.4590              272.4943542480468750
1972.5410              271.6958618164062500
1972.6257              271.4244384765625000
1972.7103              271.3151550292968750
1972.7924              271.3815917968750000
1972.8771              271.6368713378906250
1972.9590              272.5094604492187500
1973.0438              273.5710449218750000
1973.1288              274.2281494140625000
1973.2054              274.3643798828125000
1973.2904              273.8385620117187500
1973.3726              273.2957763671875000
1973.4575              272.5047607421875000
1973.5397              271.7318115234375000
1973.6246              271.3995361328125000
1973.7096              271.2952575683593750
1973.7917              271.2784118652343750
1973.8767              271.3926696777343750
1973.9589              272.4066772460937500
1974.0438              273.4972839355468750
1974.1288              274.0802917480468750
1974.2054              274.2399291992187500
1974.2904              273.7330017089843750
1974.3726              273.1977539062500000
1974.4575              272.5491638183593750
1974.5397              271.9254455566406250
1974.6246              271.3556518554687500
1974.7096              271.3442077636718750
1974.7917              271.3029479980468750
1974.8767              271.5819702148437500
1974.9589              272.4400024414062500
1975.0438              273.4868469238281250
1975.1288              274.1692504882812500
1975.2054              274.3613281250000000
1975.2904              274.0067749023437500
1975.3726              273.3399047851562500
1975.4575              272.4069213867187500
1975.5397              271.6316833496093750
1975.6246              271.3350830078125000
1975.7096              271.2937927246093750
1975.7917              271.3435668945312500
1975.8767              271.5491638183593750
1975.9589              272.4748229980468750
1976.0437              273.7015686035156250
1976.1284              274.4242248535156250
1976.2076              274.5350952148437500
1976.2924              274.0680847167968750
1976.3743              273.2694091796875000
1976.4590              272.4827270507812500
1976.5410              271.6261291503906250
1976.6257              271.4534912109375000
1976.7103              271.4052124023437500
1976.7924              271.3119201660156250
1976.8771              271.3155517578125000
1976.9590              271.7814025878906250
1977.0438              272.8054199218750000
1977.1288              273.4488830566406250
1977.2054              273.6193542480468750
1977.2904              273.2243957519531250
1977.3726              272.6073303222656250
1977.4575              271.9082031250000000
1977.5397              271.5370788574218750
1977.6246              271.3158874511718750
1977.7096              271.3327026367187500
1977.7917              271.2902221679687500
1977.8767              271.3269653320312500
1977.9589              271.6533813476562500
1978.0438              272.5814819335937500
1978.1288              273.2600402832031250
1978.2054              273.4935913085937500
1978.2904              273.0707092285156250
1978.3726              272.4876098632812500
1978.4575              271.8602905273437500
1978.5397              271.3408508300781250
1978.6246              271.3168029785156250
1978.7096              271.3065490722656250
1978.7917              271.2973022460937500
1978.8767              271.3560791015625000
1978.9589              271.9990844726562500
1979.0438              272.7979431152343750
1979.1288              273.3359985351562500
1979.2054              273.3613281250000000
1979.2904              273.1036376953125000
1979.3726              272.5935363769531250
1979.4575              271.9504089355468750
1979.5397              271.5057067871093750
1979.6246              271.3683166503906250
1979.7096              271.2802734375000000
1979.7917              271.3463745117187500
1979.8767              271.3128662109375000
1979.9589              271.6368713378906250
1980.0437              272.6413269042968750
1980.1284              273.2795104980468750
1980.2076              273.4847412109375000
1980.2924              273.1296691894531250
1980.3743              272.5332336425781250
1980.4590              271.8732299804687500
1980.5410              271.4319763183593750
1980.6257              271.3337097167968750
1980.7103              271.2744445800781250
1980.7924              271.3502502441406250
1980.8771              271.3341979980468750
1980.9590              271.6849975585937500
1981.0438              272.8206787109375000
1981.1288              273.5415954589843750
1981.2054              273.6955261230468750
1981.2904              273.3354187011718750
1981.3726              272.7405090332031250
1981.4575              272.1802062988281250
1981.5397              271.7422180175781250
1981.6246              271.4815063476562500
1981.7096              271.3564147949218750
1981.7917              271.2828369140625000
1981.8767              271.3602600097656250
1981.9589              272.0437011718750000
1982.0438              273.1553344726562500
1982.1288              273.8998107910156250
1982.2054              274.0420837402343750
1982.2904              273.6511535644531250
1982.3726              272.9598388671875000
1982.4575              272.3920593261718750
1982.5397              271.6852722167968750
1982.6246              271.4022521972656250
1982.7096              271.2807617187500000
1982.7917              271.2787170410156250
1982.8767              271.3420104980468750
1982.9589              271.7596740722656250
1983.0438              272.7523193359375000
1983.1288              273.4190368652343750
1983.2054              273.4850158691406250
1983.2904              272.9550781250000000
1983.3726              272.3198242187500000
1983.4575              271.7831420898437500
1983.5397              271.4404907226562500
1983.6246              271.2970581054687500
1983.7096              271.2892456054687500
1983.7917              271.4436035156250000
1983.8767              271.5404663085937500
1983.9589              272.2543640136718750
1984.0437              273.3313903808593750
1984.1284              274.0017089843750000
1984.2076              274.1730651855468750
1984.2924              273.7555541992187500
1984.3743              273.0308227539062500
1984.4590              272.1856994628906250
1984.5410              271.4778442382812500
1984.6257              271.2880859375000000
1984.7103              271.3179931640625000
1984.7924              271.3171386718750000
1984.8771              271.3295288085937500
1984.9590              271.7591857910156250
1985.0438              272.5950317382812500
1985.1288              273.2849121093750000
1985.2054              273.4273071289062500
1985.2904              273.2702636718750000
1985.3726              272.6379394531250000
1985.4575              271.7271423339843750
1985.5397              271.3920288085937500
1985.6246              271.3132934570312500
1985.7096              271.2844848632812500
1985.7917              271.3414611816406250
1985.8767              271.3878479003906250
1985.9589              271.8766174316406250
1986.0438              272.9453125000000000
1986.1288              273.6191711425781250
1986.2054              273.7383117675781250
1986.2904              273.4026184082031250
1986.3726              272.9218444824218750
1986.4575              272.1367797851562500
1986.5397              271.7041320800781250
1986.6246              271.4753417968750000
1986.7096              271.3017272949218750
1986.7917              271.3492736816406250
1986.8767              271.3100891113281250
1986.9589              271.5320739746093750
1987.0438              272.3549804687500000
1987.1288              273.0410156250000000
1987.2054              273.2338867187500000
1987.2904              272.9209594726562500
1987.3726              272.2880554199218750
1987.4575              271.5263671875000000
1987.5397              271.3641052246093750
1987.6246              271.2872009277343750
1987.7096              271.3342285156250000
1987.7917              271.3041076660156250
1987.8767              271.2997741699218750
1987.9589              271.5000915527343750
1988.0437              272.3576660156250000
1988.1284              273.2136230468750000
1988.2076              273.3849182128906250
1988.2924              273.0798339843750000
1988.3743              272.5509338378906250
1988.4590              271.9720458984375000
1988.5410              271.4883117675781250
1988.6257              271.4082641601562500
1988.7103              271.3006591796875000
1988.7924              271.2808227539062500
1988.8771              271.3580017089843750
1988.9590              271.3404541015625000
1989.0438              271.6441040039062500
1989.1288              272.4157104492187500
1989.2054              272.6903076171875000
1989.2904              272.2644348144531250
1989.3726              271.7344360351562500
1989.4575              271.4616394042968750
1989.5397              271.3948669433593750
1989.6246              271.3096008300781250
1989.7096              271.3604736328125000
1989.7917              271.3081665039062500
1989.8767              271.4862060546875000
1989.9589              271.7963256835937500
1990.0438              272.4109802246093750
1990.1288              273.0090942382812500
1990.2054              273.0984802246093750
1990.2904              272.7785034179687500
1990.3726              272.2167053222656250
1990.4575              271.8721923828125000
1990.5397              271.7065429687500000
1990.6246              271.5127868652343750
1990.7096              271.4367370605468750
1990.7917              271.3489685058593750
1990.8767              271.3649902343750000
1990.9589              271.3941040039062500
1991.0438              271.8947448730468750
1991.1288              272.5639648437500000
1991.2054              272.6856689453125000
1991.2904              272.4433898925781250
1991.3726              271.8156738281250000
1991.4575              271.6126403808593750
1991.5397              271.4269409179687500
1991.6246              271.3504943847656250
1991.7096              271.3082885742187500
1991.7917              271.3043212890625000
1991.8767              271.3029479980468750
1991.9589              271.2778320312500000
1992.0437              271.3880615234375000
1992.1284              271.9166259765625000
1992.2076              272.1505126953125000
1992.2924              271.9903259277343750
1992.3743              271.5795593261718750
1992.4590              271.4088745117187500
1992.5410              271.3356018066406250
1992.6257              271.3087463378906250
1992.7103              271.2989807128906250
1992.7924              271.3071899414062500
1992.8771              271.2866210937500000
1992.9590              271.2804260253906250
1993.0438              271.4252319335937500
1993.1288              272.0007324218750000
1993.2054              272.1970214843750000
1993.2904              272.0020751953125000
1993.3726              271.6094970703125000
1993.4575              271.4006042480468750
1993.5397              271.3605957031250000
1993.6246              271.3254394531250000
1993.7096              271.3118286132812500
1993.7917              271.2736206054687500
1993.8767              271.2767944335937500
1993.9589              271.3070068359375000
1994.0438              271.4436645507812500
1994.1288              271.9399414062500000
1994.2054              272.1875915527343750
1994.2904              272.0484924316406250
1994.3726              271.6031188964843750
1994.4575              271.3963012695312500
1994.5397              271.3908081054687500
1994.6246              271.2960815429687500
1994.7096              271.3189697265625000
1994.7917              271.3408508300781250
1994.8767              271.2943115234375000
1994.9589              271.6269836425781250
1995.0438              271.9478759765625000
1995.1288              272.3663635253906250
1995.2054              272.5140686035156250
1995.2904              272.2160644531250000
1995.3726              271.9223327636718750
1995.4575              271.6326293945312500
1995.5397              271.4926147460937500
1995.6246              271.4595031738281250
1995.7096              271.3604431152343750
1995.7917              271.3138122558593750
1995.8767              271.3152770996093750
1995.9589              271.3551940917968750
1996.0437              272.0543212890625000
1996.1284              272.8106994628906250
1996.2076              272.9472351074218750
1996.2924              272.6380920410156250
1996.3743              272.1504821777343750
1996.4590              271.7680053710937500
1996.5410              271.4794616699218750
1996.6257              271.4093017578125000
1996.7103              271.3206176757812500
1996.7924              271.3199157714843750
1996.8771              271.7920837402343750
1996.9590              272.5821228027343750
1997.0438              273.3039245605468750
1997.1288              273.8953857421875000
1997.2054              273.9581298828125000
1997.2904              273.6119384765625000
1997.3726              273.0952148437500000
1997.4575              272.2662963867187500
1997.5397              271.8527221679687500
1997.6246              271.5343627929687500
1997.7096              271.3355407714843750
1997.7917              271.2784423828125000
1997.8767              271.2764892578125000
1997.9589              271.4942321777343750
1998.0438              272.2291259765625000
1998.1288              272.7962036132812500
1998.2054              272.9436645507812500
1998.2904              272.6877746582031250
1998.3726              272.1145629882812500
1998.4575              271.7054443359375000
1998.5397              271.4204406738281250
1998.6246              271.3385925292968750
1998.7096              271.2738037109375000
1998.7917              271.2726440429687500
1998.8767              271.2749023437500000
1998.9589              271.3007812500000000
1999.0438              271.8468933105468750
1999.1288              272.6004943847656250
1999.2054              272.5811462402343750
1999.2904              272.2061157226562500
1999.3726              271.8194885253906250
1999.4575              271.4086608886718750
1999.5397              271.3369750976562500
1999.6246              271.2818298339843750
1999.7096              271.3358764648437500
1999.7917              271.2827453613281250
1999.8767              271.2837219238281250
1999.9589              271.3226318359375000
2000.0437              271.7444763183593750
2000.1284              272.4744262695312500
2000.2076              272.6332092285156250
2000.2924              272.4071044921875000
2000.3743              271.9859924316406250
2000.4590              271.6931762695312500
2000.5410              271.5305786132812500
2000.6257              271.4227905273437500
2000.7103              271.4125061035156250
2000.7924              271.3477172851562500
2000.8771              271.3568115234375000
2000.9590              271.5872802734375000
