1850.0438              271.4283447265625000
1850.1260              271.4071350097656250
1850.2054              271.3892211914062500
1850.2904              271.2319335937500000
1850.3726              271.2334289550781250
1850.4575              271.2821655273437500
1850.5397              271.3112182617187500
1850.6246              271.3000488281250000
1850.7096              271.3085327148437500
1850.7917              271.3628540039062500
1850.8767              271.3833312988281250
1850.9589              271.4053344726562500
1851.0438              271.4188537597656250
1851.1260              271.4277954101562500
1851.2054              271.4284667968750000
1851.2904              271.3795166015625000
1851.3726              271.3504638671875000
1851.4575              271.3769836425781250
1851.5397              271.4066162109375000
1851.6246              271.3893737792968750
1851.7096              271.3967895507812500
1851.7917              271.4183044433593750
1851.8767              271.4491882324218750
1851.9589              271.4687500000000000
1852.0437              271.4920349121093750
1852.1257              271.5042419433593750
1852.2076              271.4948425292968750
1852.2924              271.4820556640625000
1852.3743              271.3775634765625000
1852.4590              271.3936157226562500
1852.5410              271.4212646484375000
1852.6257              271.4679565429687500
1852.7103              271.5171508789062500
1852.7924              271.5631103515625000
1852.8771              271.5898132324218750
1852.9590              271.6021728515625000
1853.0438              271.7260131835937500
1853.1260              272.2795410156250000
1853.2054              272.3377380371093750
1853.2904              271.7569580078125000
1853.3726              271.6721496582031250
1853.4575              271.4907226562500000
1853.5397              271.2589416503906250
1853.6246              271.2679443359375000
1853.7096              271.3372497558593750
1853.7917              271.3996276855468750
1853.8767              271.4434814453125000
1853.9589              271.4501342773437500
1854.0438              271.4420776367187500
1854.1260              271.4181823730468750
1854.2054              271.4091796875000000
1854.2904              271.4167480468750000
1854.3726              271.4116516113281250
1854.4575              271.3718872070312500
1854.5397              271.2778625488281250
1854.6246              271.3029785156250000
1854.7096              271.2457275390625000
1854.7917              271.2998046875000000
1854.8767              271.3288879394531250
1854.9589              271.3453063964843750
1855.0438              271.3508605957031250
1855.1260              271.3537597656250000
1855.2054              271.3587646484375000
1855.2904              271.3740539550781250
1855.3726              271.3844909667968750
1855.4575              271.4103393554687500
1855.5397              271.4383850097656250
1855.6246              271.3818664550781250
1855.7096              271.3268127441406250
1855.7917              271.3451232910156250
1855.8767              271.3652954101562500
1855.9589              271.3605346679687500
1856.0437              271.3567504882812500
1856.1257              271.3508605957031250
1856.2076              271.3397216796875000
1856.2924              271.3340454101562500
1856.3743              271.3114624023437500
1856.4590              271.3037414550781250
1856.5410              271.3055114746093750
1856.6257              271.2761230468750000
1856.7103              271.2804870605468750
1856.7924              271.2998046875000000
1856.8771              271.2868652343750000
1856.9590              271.2826843261718750
1857.0438              271.2916259765625000
1857.1260              271.2968139648437500
1857.2054              271.2884521484375000
1857.2904              271.3001708984375000
1857.3726              271.2246398925781250
1857.4575              271.2195129394531250
1857.5397              271.2501831054687500
1857.6246              271.2208251953125000
1857.7096              271.2597656250000000
1857.7917              271.2607421875000000
1857.8767              271.2856140136718750
1857.9589              271.3100280761718750
1858.0438              271.3198852539062500
1858.1260              271.3256225585937500
1858.2054              271.3253479003906250
1858.2904              271.2997131347656250
1858.3726              271.2682495117187500
1858.4575              271.2969055175781250
1858.5397              271.2801513671875000
1858.6246              271.2630615234375000
1858.7096              271.2706298828125000
1858.7917              271.3161621093750000
1858.8767              271.3074035644531250
1858.9589              271.3089904785156250
1859.0438              271.3196716308593750
1859.1260              271.3102111816406250
1859.2054              271.3020019531250000
1859.2904              271.3207092285156250
1859.3726              271.3192138671875000
1859.4575              271.2787780761718750
1859.5397              271.2825927734375000
1859.6246              271.2965698242187500
1859.7096              271.2265014648437500
1859.7917              271.2563476562500000
1859.8767              271.2902526855468750
1859.9589              271.3074035644531250
1860.0437              271.3074035644531250
1860.1257              271.3014221191406250
1860.2076              271.2934875488281250
1860.2924              271.2808837890625000
1860.3743              271.2152404785156250
1860.4590              271.2720031738281250
1860.5410              271.3136291503906250
1860.6257              271.3015441894531250
1860.7103              271.2974243164062500
1860.7924              271.3066711425781250
1860.8771              271.3196105957031250
1860.9590              271.3385925292968750
1861.0438              271.3507080078125000
1861.1260              271.4023132324218750
1861.2054              271.4529418945312500
1861.2904              271.3909606933593750
1861.3726              271.3271789550781250
1861.4575              271.2181701660156250
1861.5397              271.2562866210937500
1861.6246              271.2762451171875000
1861.7096              271.2924804687500000
1861.7917              271.2669677734375000
1861.8767              271.3065185546875000
1861.9589              271.3547668457031250
1862.0438              271.3586425781250000
1862.1260              271.3504943847656250
1862.2054              271.3335876464843750
1862.2904              271.2637023925781250
1862.3726              271.2315368652343750
1862.4575              271.2847595214843750
1862.5397              271.2753295898437500
1862.6246              271.2924499511718750
1862.7096              271.2926330566406250
1862.7917              271.3334655761718750
1862.8767              271.3470764160156250
1862.9589              271.3428649902343750
1863.0438              271.3378295898437500
1863.1260              271.3393554687500000
1863.2054              271.3409423828125000
1863.2904              271.3496704101562500
1863.3726              271.2809143066406250
1863.4575              271.3160705566406250
1863.5397              271.2655029296875000
1863.6246              271.2667846679687500
1863.7096              271.2899475097656250
1863.7917              271.3138427734375000
1863.8767              271.3438720703125000
1863.9589              271.3419799804687500
1864.0437              271.3287658691406250
1864.1257              271.3376159667968750
1864.2076              271.3653564453125000
1864.2924              271.3781738281250000
1864.3743              271.3079223632812500
1864.4590              271.3034362792968750
1864.5410              271.3053894042968750
1864.6257              271.3080139160156250
1864.7103              271.3619689941406250
1864.7924              271.4405822753906250
1864.8771              271.4844360351562500
1864.9590              271.4866943359375000
1865.0438              271.5084228515625000
1865.1260              271.9332885742187500
1865.2054              272.1623229980468750
1865.2904              271.6226196289062500
1865.3726              271.5314331054687500
1865.4575              271.2465515136718750
1865.5397              271.2442932128906250
1865.6246              271.2237854003906250
1865.7096              271.2340087890625000
1865.7917              271.2785339355468750
1865.8767              271.3345947265625000
1865.9589              271.3671569824218750
1866.0438              271.3792724609375000
1866.1260              271.3815917968750000
1866.2054              271.3887023925781250
1866.2904              271.4065246582031250
1866.3726              271.3485107421875000
1866.4575              271.2413024902343750
1866.5397              271.2478332519531250
1866.6246              271.2887573242187500
1866.7096              271.3073120117187500
1866.7917              271.3413391113281250
1866.8767              271.5019531250000000
1866.9589              271.4561157226562500
1867.0438              271.4293212890625000
1867.1260              271.4147033691406250
1867.2054              271.4314575195312500
1867.2904              271.4214172363281250
1867.3726              271.2407226562500000
1867.4575              271.3062438964843750
1867.5397              271.3560180664062500
1867.6246              271.3815917968750000
1867.7096              271.4758300781250000
1867.7917              271.4754028320312500
1867.8767              271.5067138671875000
1867.9589              271.5227661132812500
1868.0437              271.5132446289062500
1868.1257              271.4879455566406250
1868.2076              271.4840087890625000
1868.2924              271.3864135742187500
1868.3743              271.3535766601562500
1868.4590              271.4515380859375000
1868.5410              271.4193115234375000
1868.6257              271.3916320800781250
1868.7103              271.4073791503906250
1868.7924              271.4192810058593750
1868.8771              271.4090270996093750
1868.9590              271.4302673339843750
1869.0438              271.4304809570312500
1869.1260              271.4007568359375000
1869.2054              271.4134826660156250
1869.2904              271.4127197265625000
1869.3726              271.2228393554687500
1869.4575              271.2568664550781250
1869.5397              271.2848205566406250
1869.6246              271.3296508789062500
1869.7096              271.3822021484375000
1869.7917              271.3743896484375000
1869.8767              271.3746643066406250
1869.9589              271.3640747070312500
1870.0438              271.3356018066406250
1870.1260              271.3634948730468750
1870.2054              271.4735412597656250
1870.2904              271.3509216308593750
1870.3726              271.3814086914062500
1870.4575              271.2317504882812500
1870.5397              271.2615661621093750
1870.6246              271.2401123046875000
1870.7096              271.2149047851562500
1870.7917              271.2299499511718750
1870.8767              271.2449951171875000
1870.9589              271.2661132812500000
1871.0438              271.2749938964843750
1871.1260              271.2580566406250000
1871.2054              271.2361755371093750
1871.2904              271.2251586914062500
1871.3726              271.2244262695312500
1871.4575              271.2519531250000000
1871.5397              271.2850952148437500
1871.6246              271.3018493652343750
1871.7096              271.3302612304687500
1871.7917              271.3174438476562500
1871.8767              271.3045043945312500
1871.9589              271.2999267578125000
1872.0437              271.2919006347656250
1872.1257              271.2791137695312500
1872.2076              271.2826232910156250
1872.2924              271.2535705566406250
1872.3743              271.2329711914062500
1872.4590              271.2593078613281250
1872.5410              271.2925415039062500
1872.6257              271.2905273437500000
1872.7103              271.2630004882812500
1872.7924              271.2783508300781250
1872.8771              271.2837219238281250
1872.9590              271.2902221679687500
1873.0438              271.3065795898437500
1873.1260              271.3073730468750000
1873.2054              271.3080749511718750
1873.2904              271.3234558105468750
1873.3726              271.2582702636718750
1873.4575              271.2132568359375000
1873.5397              271.2564697265625000
1873.6246              271.2436218261718750
1873.7096              271.2371826171875000
1873.7917              271.2350158691406250
1873.8767              271.2538757324218750
1873.9589              271.2831420898437500
1874.0438              271.3005981445312500
1874.1260              271.2950439453125000
1874.2054              271.2946777343750000
1874.2904              271.2440490722656250
1874.3726              271.2613220214843750
1874.4575              271.2634887695312500
1874.5397              271.2660217285156250
1874.6246              271.3039855957031250
1874.7096              271.3508605957031250
1874.7917              271.4083251953125000
1874.8767              271.4424133300781250
1874.9589              271.4758300781250000
1875.0438              271.4681396484375000
1875.1260              271.4405517578125000
1875.2054              271.4216613769531250
1875.2904              271.4314575195312500
1875.3726              271.2533569335937500
1875.4575              271.3861083984375000
1875.5397              271.4250793457031250
1875.6246              271.5256347656250000
1875.7096              271.5322265625000000
1875.7917              271.6361083984375000
1875.8767              271.6192016601562500
1875.9589              271.5955200195312500
1876.0437              271.5754089355468750
1876.1257              271.5438537597656250
1876.2076              271.4961242675781250
1876.2924              271.4868774414062500
1876.3743              271.4719543457031250
1876.4590              271.3221130371093750
1876.5410              271.2460632324218750
1876.6257              271.2468566894531250
1876.7103              271.2757568359375000
1876.7924              271.3498840332031250
1876.8771              271.3730773925781250
1876.9590              271.3869628906250000
1877.0438              271.3831787109375000
1877.1260              271.3804321289062500
1877.2054              271.3674316406250000
1877.2904              271.3743896484375000
1877.3726              271.3337097167968750
1877.4575              271.2849121093750000
1877.5397              271.2707519531250000
1877.6246              271.3045654296875000
1877.7096              271.3151245117187500
1877.7917              271.2615356445312500
1877.8767              271.2506103515625000
1877.9589              271.2476501464843750
1878.0438              271.2653808593750000
1878.1260              271.2664794921875000
1878.2054              271.2541503906250000
1878.2904              271.2174987792968750
1878.3726              271.2214660644531250
1878.4575              271.2171020507812500
1878.5397              271.2106933593750000
1878.6246              271.2185363769531250
1878.7096              271.2434997558593750
1878.7917              271.2580871582031250
1878.8767              271.2752685546875000
1878.9589              271.2940673828125000
1879.0438              271.3067626953125000
1879.1260              271.3073730468750000
1879.2054              271.2996520996093750
1879.2904              271.2990112304687500
1879.3726              271.2521362304687500
1879.4575              271.2498474121093750
1879.5397              271.2582092285156250
1879.6246              271.2725219726562500
1879.7096              271.2853088378906250
1879.7917              271.2791137695312500
1879.8767              271.2694396972656250
1879.9589              271.2734375000000000
1880.0437              271.2822570800781250
1880.1257              271.2887268066406250
1880.2076              271.2950439453125000
1880.2924              271.2593383789062500
1880.3743              271.2244262695312500
1880.4590              271.2455444335937500
1880.5410              271.2344055175781250
1880.6257              271.2213439941406250
1880.7103              271.2017822265625000
1880.7924              271.2382507324218750
1880.8771              271.2616577148437500
1880.9590              271.2812194824218750
1881.0438              271.2879638671875000
1881.1260              271.2890014648437500
1881.2054              271.2888793945312500
1881.2904              271.2959594726562500
1881.3726              271.2516174316406250
1881.4575              271.2535400390625000
1881.5397              271.2883300781250000
1881.6246              271.2923889160156250
1881.7096              271.3215942382812500
1881.7917              271.3544006347656250
1881.8767              271.3848571777343750
1881.9589              271.3763427734375000
1882.0438              271.3699035644531250
1882.1260              271.3658447265625000
1882.2054              271.3572998046875000
1882.2904              271.3496704101562500
1882.3726              271.3287963867187500
1882.4575              271.3236389160156250
1882.5397              271.2765197753906250
1882.6246              271.2451477050781250
1882.7096              271.2377624511718750
1882.7917              271.2499084472656250
1882.8767              271.2488708496093750
1882.9589              271.2737121582031250
1883.0438              271.2875976562500000
1883.1260              271.2914123535156250
1883.2054              271.2936706542968750
1883.2904              271.2969055175781250
1883.3726              271.3081665039062500
1883.4575              271.3010864257812500
1883.5397              271.3055114746093750
1883.6246              271.3000793457031250
1883.7096              271.2846374511718750
1883.7917              271.3054809570312500
1883.8767              271.2724304199218750
1883.9589              271.2701416015625000
1884.0437              271.2679138183593750
1884.1257              271.2587890625000000
1884.2076              271.2623596191406250
1884.2924              271.2478637695312500
1884.3743              271.2140502929687500
1884.4590              271.2256774902343750
1884.5410              271.2346191406250000
1884.6257              271.2366333007812500
1884.7103              271.2146911621093750
1884.7924              271.2334594726562500
1884.8771              271.2356872558593750
1884.9590              271.2513732910156250
1885.0438              271.2663879394531250
1885.1260              271.2732849121093750
1885.2054              271.2750549316406250
1885.2904              271.2786865234375000
1885.3726              271.2657165527343750
1885.4575              271.2434387207031250
1885.5397              271.2399902343750000
1885.6246              271.2439270019531250
1885.7096              271.2169494628906250
1885.7917              271.2499084472656250
1885.8767              271.2690124511718750
1885.9589              271.2820739746093750
1886.0438              271.2922668457031250
1886.1260              271.3077392578125000
1886.2054              271.3138732910156250
1886.2904              271.3094482421875000
1886.3726              271.2503356933593750
1886.4575              271.2667236328125000
1886.5397              271.2759704589843750
1886.6246              271.2743225097656250
1886.7096              271.2721557617187500
1886.7917              271.3163146972656250
1886.8767              271.3412780761718750
1886.9589              271.3453979492187500
1887.0438              271.3598937988281250
1887.1260              271.3596191406250000
1887.2054              271.3712463378906250
1887.2904              271.2702331542968750
1887.3726              271.3593139648437500
1887.4575              271.3974914550781250
1887.5397              271.4154968261718750
1887.6246              271.4542846679687500
1887.7096              271.4602966308593750
1887.7917              271.4426879882812500
1887.8767              271.4480590820312500
1887.9589              271.4501037597656250
1888.0437              271.4407958984375000
1888.1257              271.4161987304687500
1888.2076              271.4110107421875000
1888.2924              271.4123535156250000
1888.3743              271.2735595703125000
1888.4590              271.2750549316406250
1888.5410              271.3153076171875000
1888.6257              271.3329772949218750
1888.7103              271.4602966308593750
1888.7924              271.5283813476562500
1888.8771              271.4781188964843750
1888.9590              271.4512939453125000
1889.0438              271.4622802734375000
1889.1260              271.6157531738281250
1889.2054              271.7139892578125000
1889.2904              271.4661560058593750
1889.3726              271.4328613281250000
1889.4575              271.2604675292968750
1889.5397              271.2122802734375000
1889.6246              271.2174682617187500
1889.7096              271.2026672363281250
1889.7917              271.2179260253906250
1889.8767              271.2394104003906250
1889.9589              271.2633666992187500
1890.0438              271.2713317871093750
1890.1260              271.2750244140625000
1890.2054              271.2869567871093750
1890.2904              271.2807922363281250
1890.3726              271.2839355468750000
1890.4575              271.2859497070312500
1890.5397              271.2210693359375000
1890.6246              271.2052307128906250
1890.7096              271.2244567871093750
1890.7917              271.2596435546875000
1890.8767              271.2753601074218750
1890.9589              271.2909545898437500
1891.0438              271.3191223144531250
1891.1260              271.3399963378906250
1891.2054              271.3574523925781250
1891.2904              271.3152160644531250
1891.3726              271.3242187500000000
1891.4575              271.3450012207031250
1891.5397              271.3304443359375000
1891.6246              271.3182678222656250
1891.7096              271.3233032226562500
1891.7917              271.3288269042968750
1891.8767              271.3280334472656250
1891.9589              271.3499450683593750
1892.0437              271.3667602539062500
1892.1257              271.3822326660156250
1892.2076              271.3787841796875000
1892.2924              271.3775634765625000
1892.3743              271.2789916992187500
1892.4590              271.2169189453125000
1892.5410              271.2115783691406250
1892.6257              271.2205810546875000
1892.7103              271.2339782714843750
1892.7924              271.2586364746093750
1892.8771              271.3072204589843750
1892.9590              271.3239135742187500
1893.0438              271.3439636230468750
1893.1260              271.5080261230468750
1893.2054              271.6801757812500000
1893.2904              271.4121093750000000
1893.3726              271.2947998046875000
1893.4575              271.2152709960937500
1893.5397              271.2353820800781250
1893.6246              271.2774658203125000
1893.7096              271.2794494628906250
1893.7917              271.3326721191406250
1893.8767              271.3509521484375000
1893.9589              271.3824157714843750
1894.0438              271.3948974609375000
1894.1260              271.6528625488281250
1894.2054              271.6439208984375000
1894.2904              271.4239807128906250
1894.3726              271.3065185546875000
1894.4575              271.2294311523437500
1894.5397              271.2609252929687500
1894.6246              271.2973022460937500
1894.7096              271.3148803710937500
1894.7917              271.3327026367187500
1894.8767              271.3557739257812500
1894.9589              271.3756103515625000
1895.0438              271.3781127929687500
1895.1260              271.3634338378906250
1895.2054              271.3404541015625000
1895.2904              271.2568359375000000
1895.3726              271.2408447265625000
1895.4575              271.2654724121093750
1895.5397              271.2826232910156250
1895.6246              271.2833251953125000
1895.7096              271.2418823242187500
1895.7917              271.2494506835937500
1895.8767              271.2894287109375000
1895.9589              271.2864990234375000
1896.0437              271.2802429199218750
1896.1257              271.2792053222656250
1896.2076              271.2725524902343750
1896.2924              271.2156677246093750
1896.3743              271.2597656250000000
1896.4590              271.2591552734375000
1896.5410              271.2896118164062500
1896.6257              271.2951049804687500
1896.7103              271.3557434082031250
1896.7924              271.3760070800781250
1896.8771              271.3955688476562500
1896.9590              271.4113464355468750
1897.0438              271.4210205078125000
1897.1260              271.4216003417968750
1897.2054              271.4079589843750000
1897.2904              271.3952636718750000
1897.3726              271.3395996093750000
1897.4575              271.3568115234375000
1897.5397              271.3736877441406250
1897.6246              271.3499145507812500
1897.7096              271.3470153808593750
1897.7917              271.3194274902343750
1897.8767              271.3132629394531250
1897.9589              271.3163757324218750
1898.0438              271.3277893066406250
1898.1260              271.3323364257812500
1898.2054              271.3343505859375000
1898.2904              271.2861633300781250
1898.3726              271.3145446777343750
1898.4575              271.3421630859375000
1898.5397              271.3336181640625000
1898.6246              271.3262023925781250
1898.7096              271.3068542480468750
1898.7917              271.3197021484375000
1898.8767              271.3346862792968750
1898.9589              271.3410339355468750
1899.0438              271.3533935546875000
1899.1260              271.3661499023437500
1899.2054              271.3628845214843750
1899.2904              271.3360595703125000
1899.3726              271.2980957031250000
1899.4575              271.3383483886718750
1899.5397              271.3497009277343750
1899.6246              271.3188476562500000
1899.7096              271.2916259765625000
1899.7917              271.2790832519531250
1899.8767              271.2968444824218750
1899.9589              271.3230895996093750
1900.0438              271.3406677246093750
1900.1260              271.3459777832031250
1900.2054              271.3644409179687500
1900.2904              271.3950500488281250
1900.3726              271.2686157226562500
1900.4575              271.2360534667968750
1900.5397              271.2656860351562500
1900.6246              271.3624267578125000
1900.7096              271.4119567871093750
1900.7917              271.4490966796875000
1900.8767              271.4895629882812500
1900.9589              271.5010375976562500
1901.0438              271.5084533691406250
1901.1260              271.5720825195312500
1901.2054              271.5343322753906250
1901.2904              271.5003967285156250
1901.3726              271.5323486328125000
1901.4575              271.5525817871093750
1901.5397              271.4745788574218750
1901.6246              271.4189147949218750
1901.7096              271.3316345214843750
1901.7917              271.3487854003906250
1901.8767              271.3452453613281250
1901.9589              271.3437500000000000
1902.0438              271.3411560058593750
1902.1260              271.3407592773437500
1902.2054              271.3265686035156250
1902.2904              271.3144531250000000
1902.3726              271.3287048339843750
1902.4575              271.3532409667968750
1902.5397              271.3745422363281250
1902.6246              271.3540649414062500
1902.7096              271.3283691406250000
1902.7917              271.3098144531250000
1902.8767              271.3118591308593750
1902.9589              271.3046875000000000
1903.0438              271.2971191406250000
1903.1260              271.2922973632812500
1903.2054              271.2901611328125000
1903.2904              271.2887878417968750
1903.3726              271.3013305664062500
1903.4575              271.3085937500000000
1903.5397              271.3060302734375000
1903.6246              271.2835083007812500
1903.7096              271.2883911132812500
1903.7917              271.2916259765625000
1903.8767              271.2922973632812500
1903.9589              271.2896728515625000
1904.0437              271.2911987304687500
1904.1257              271.2956542968750000
1904.2076              271.2904052734375000
1904.2924              271.2485351562500000
1904.3743              271.2120056152343750
1904.4590              271.2445068359375000
1904.5410              271.2615661621093750
1904.6257              271.2539978027343750
1904.7103              271.2525939941406250
1904.7924              271.2978820800781250
1904.8771              271.3180541992187500
1904.9590              271.3255004882812500
1905.0438              271.3342590332031250
1905.1260              271.3396301269531250
1905.2054              271.3333435058593750
1905.2904              271.2911071777343750
1905.3726              271.2589111328125000
1905.4575              271.2719421386718750
1905.5397              271.2703857421875000
1905.6246              271.2835998535156250
1905.7096              271.2851867675781250
1905.7917              271.3020019531250000
1905.8767              271.3046569824218750
1905.9589              271.3218383789062500
1906.0438              271.3413085937500000
1906.1260              271.3292236328125000
1906.2054              271.3097229003906250
1906.2904              271.2798156738281250
1906.3726              271.2255249023437500
1906.4575              271.2205505371093750
1906.5397              271.2636718750000000
1906.6246              271.3053283691406250
1906.7096              271.3636474609375000
1906.7917              271.4285888671875000
1906.8767              271.4830932617187500
1906.9589              271.5063171386718750
1907.0438              271.4893798828125000
1907.1260              271.4386901855468750
1907.2054              271.4144897460937500
1907.2904              271.3964538574218750
1907.3726              271.2712707519531250
1907.4575              271.2930297851562500
1907.5397              271.3641662597656250
1907.6246              271.4258728027343750
1907.7096              271.4445495605468750
1907.7917              271.4480285644531250
1907.8767              271.4321594238281250
1907.9589              271.4127502441406250
1908.0437              271.3959960937500000
1908.1257              271.3898620605468750
1908.2076              271.3757324218750000
1908.2924              271.3661193847656250
1908.3743              271.2817687988281250
1908.4590              271.2814636230468750
1908.5410              271.3171081542968750
1908.6257              271.3317871093750000
1908.7103              271.3459777832031250
1908.7924              271.3322448730468750
1908.8771              271.3153686523437500
1908.9590              271.3024291992187500
1909.0438              271.2922363281250000
1909.1260              271.2840576171875000
1909.2054              271.2762756347656250
1909.2904              271.2898864746093750
1909.3726              271.2236328125000000
1909.4575              271.2818603515625000
1909.5397              271.2485046386718750
1909.6246              271.2191467285156250
1909.7096              271.2637634277343750
1909.7917              271.2963562011718750
1909.8767              271.2955932617187500
1909.9589              271.3022155761718750
1910.0438              271.3038024902343750
1910.1260              271.3074340820312500
1910.2054              271.3086242675781250
1910.2904              271.3015441894531250
1910.3726              271.2943115234375000
1910.4575              271.2893981933593750
1910.5397              271.2586669921875000
1910.6246              271.2294311523437500
1910.7096              271.2102966308593750
1910.7917              271.2444763183593750
1910.8767              271.2956542968750000
1910.9589              271.3046264648437500
1911.0438              271.3033447265625000
1911.1260              271.3058776855468750
1911.2054              271.3145751953125000
1911.2904              271.2992858886718750
1911.3726              271.2380065917968750
1911.4575              271.2485351562500000
1911.5397              271.2698669433593750
1911.6246              271.2731018066406250
1911.7096              271.2692260742187500
1911.7917              271.3043823242187500
1911.8767              271.3643798828125000
1911.9589              271.3867492675781250
1912.0437              271.3975219726562500
1912.1257              271.3969421386718750
1912.2076              271.3957519531250000
1912.2924              271.4061889648437500
1912.3743              271.3214721679687500
1912.4590              271.3211669921875000
1912.5410              271.4103698730468750
1912.6257              271.4811096191406250
1912.7103              271.4926452636718750
1912.7924              271.5536499023437500
1912.8771              271.5692443847656250
1912.9590              271.5810852050781250
1913.0438              271.5494995117187500
1913.1260              271.5175476074218750
1913.2054              271.4991455078125000
1913.2904              271.4622192382812500
1913.3726              271.2507324218750000
1913.4575              271.2388000488281250
1913.5397              271.2780456542968750
1913.6246              271.3112487792968750
1913.7096              271.3285522460937500
1913.7917              271.3626098632812500
1913.8767              271.4276428222656250
1913.9589              271.4210205078125000
1914.0438              271.4124145507812500
1914.1260              271.3919677734375000
1914.2054              271.3773193359375000
1914.2904              271.3826599121093750
1914.3726              271.3695983886718750
1914.4575              271.3673095703125000
1914.5397              271.3826599121093750
1914.6246              271.3710632324218750
1914.7096              271.3784790039062500
1914.7917              271.3609619140625000
1914.8767              271.3507385253906250
1914.9589              271.3489379882812500
1915.0438              271.3435668945312500
1915.1260              271.3425598144531250
1915.2054              271.3533325195312500
1915.2904              271.3681945800781250
1915.3726              271.3575439453125000
1915.4575              271.3605651855468750
1915.5397              271.3901062011718750
1915.6246              271.4215393066406250
1915.7096              271.4370422363281250
1915.7917              271.4316711425781250
1915.8767              271.4024658203125000
1915.9589              271.3694458007812500
1916.0437              271.3549194335937500
1916.1257              271.3471374511718750
1916.2076              271.3327331542968750
1916.2924              271.3190307617187500
1916.3743              271.2728271484375000
1916.4590              271.2946777343750000
1916.5410              271.3013610839843750
1916.6257              271.2822875976562500
1916.7103              271.2447509765625000
1916.7924              271.2656250000000000
1916.8771              271.2899169921875000
1916.9590              271.2934265136718750
1917.0438              271.2879333496093750
1917.1260              271.2805480957031250
1917.2054              271.2875671386718750
1917.2904              271.2821960449218750
1917.3726              271.2237548828125000
1917.4575              271.2630310058593750
1917.5397              271.2807312011718750
1917.6246              271.2565307617187500
1917.7096              271.2924804687500000
1917.7917              271.3392028808593750
1917.8767              271.3521423339843750
1917.9589              271.3576049804687500
1918.0438              271.3474121093750000
1918.1260              271.3399353027343750
1918.2054              271.3537902832031250
1918.2904              271.3427124023437500
1918.3726              271.3032531738281250
1918.4575              271.2947998046875000
1918.5397              271.3034667968750000
1918.6246              271.2936706542968750
1918.7096              271.2837524414062500
1918.7917              271.2608642578125000
1918.8767              271.2679443359375000
1918.9589              271.2904663085937500
1919.0438              271.3084716796875000
1919.1260              271.3143310546875000
1919.2054              271.3247070312500000
1919.2904              271.3346252441406250
1919.3726              271.2738647460937500
1919.4575              271.3242492675781250
1919.5397              271.2852172851562500
1919.6246              271.2857055664062500
1919.7096              271.2930908203125000
1919.7917              271.3752746582031250
1919.8767              271.3485107421875000
1919.9589              271.3438720703125000
1920.0437              271.3440856933593750
1920.1257              271.3581542968750000
1920.2076              271.3485717773437500
1920.2924              271.3371887207031250
1920.3743              271.2505187988281250
1920.4590              271.2823791503906250
1920.5410              271.2901611328125000
1920.6257              271.2739257812500000
1920.7103              271.3119201660156250
1920.7924              271.4499511718750000
1920.8771              271.5000305175781250
1920.9590              271.4563293457031250
1921.0438              271.4193115234375000
1921.1260              271.4137268066406250
1921.2054              271.4190673828125000
1921.2904              271.3916320800781250
1921.3726              271.3565979003906250
1921.4575              271.5401611328125000
1921.5397              271.5009460449218750
1921.6246              271.4644470214843750
1921.7096              271.5426025390625000
1921.7917              271.5818176269531250
1921.8767              271.5697937011718750
1921.9589              271.5638122558593750
1922.0438              271.5747680664062500
1922.1260              271.9594421386718750
1922.2054              272.0464477539062500
1922.2904              271.6052246093750000
1922.3726              271.6019592285156250
1922.4575              271.2582092285156250
1922.5397              271.2801818847656250
1922.6246              271.2511901855468750
1922.7096              271.2369384765625000
1922.7917              271.2687683105468750
1922.8767              271.3227539062500000
1922.9589              271.3549499511718750
1923.0438              271.3610534667968750
1923.1260              271.3657531738281250
1923.2054              271.3712158203125000
1923.2904              271.3586120605468750
1923.3726              271.2594299316406250
1923.4575              271.2919006347656250
1923.5397              271.3251953125000000
1923.6246              271.3228759765625000
1923.7096              271.3616638183593750
1923.7917              271.4809570312500000
1923.8767              271.5611572265625000
1923.9589              271.5722351074218750
1924.0437              271.5504455566406250
1924.1257              271.5522766113281250
1924.2076              271.5267639160156250
1924.2924              271.5290222167968750
1924.3743              271.4851379394531250
1924.4590              271.3341979980468750
1924.5410              271.3074035644531250
1924.6257              271.2625732421875000
1924.7103              271.2974243164062500
1924.7924              271.3375549316406250
1924.8771              271.3448181152343750
1924.9590              271.3581237792968750
1925.0438              271.3680725097656250
1925.1260              271.3709106445312500
1925.2054              271.3709716796875000
1925.2904              271.4007263183593750
1925.3726              271.4000549316406250
1925.4575              271.3514709472656250
1925.5397              271.3576965332031250
1925.6246              271.3891601562500000
1925.7096              271.4059753417968750
1925.7917              271.4476928710937500
1925.8767              271.4611206054687500
1925.9589              271.4431152343750000
1926.0438              271.4210510253906250
1926.1260              271.3931579589843750
1926.2054              271.3870239257812500
1926.2904              271.3445434570312500
1926.3726              271.2603759765625000
1926.4575              271.3146667480468750
1926.5397              271.2994689941406250
1926.6246              271.2803955078125000
1926.7096              271.2519226074218750
1926.7917              271.3131103515625000
1926.8767              271.3687438964843750
1926.9589              271.3799743652343750
1927.0438              271.3921508789062500
1927.1260              271.4023742675781250
1927.2054              271.4602050781250000
1927.2904              271.3793029785156250
1927.3726              271.2913818359375000
1927.4575              271.3660583496093750
1927.5397              271.3571472167968750
1927.6246              271.3942260742187500
1927.7096              271.4894409179687500
1927.7917              271.4359436035156250
1927.8767              271.4475402832031250
1927.9589              271.4781799316406250
1928.0437              271.4849853515625000
1928.1257              271.4691772460937500
1928.2076              271.4553833007812500
1928.2924              271.3859252929687500
1928.3743              271.2401428222656250
1928.4590              271.3371887207031250
1928.5410              271.3994445800781250
1928.6257              271.4429626464843750
1928.7103              271.6138610839843750
1928.7924              271.6757812500000000
1928.8771              271.6213378906250000
1928.9590              271.5898742675781250
1929.0438              271.5624694824218750
1929.1260              271.5587158203125000
1929.2054              271.5248718261718750
1929.2904              271.5133056640625000
1929.3726              271.4759216308593750
1929.4575              271.4526672363281250
1929.5397              271.4308471679687500
1929.6246              271.4181823730468750
1929.7096              271.3809509277343750
1929.7917              271.3601379394531250
1929.8767              271.3776550292968750
1929.9589              271.4215698242187500
1930.0438              271.4053039550781250
1930.1260              271.4603271484375000
1930.2054              271.6184082031250000
1930.2904              271.4385070800781250
1930.3726              271.4298095703125000
1930.4575              271.2318115234375000
1930.5397              271.2513427734375000
1930.6246              271.2720031738281250
1930.7096              271.2251281738281250
1930.7917              271.3161926269531250
1930.8767              271.3588256835937500
1930.9589              271.3816528320312500
1931.0438              271.4667968750000000
1931.1260              272.0342712402343750
1931.2054              272.0480957031250000
1931.2904              271.4596862792968750
1931.3726              271.2861328125000000
1931.4575              271.2389831542968750
1931.5397              271.2673645019531250
1931.6246              271.3056945800781250
1931.7096              271.3278198242187500
1931.7917              271.3387145996093750
1931.8767              271.3336181640625000
1931.9589              271.3252258300781250
1932.0437              271.3151550292968750
1932.1257              271.3056945800781250
1932.2076              271.2897949218750000
1932.2924              271.2718505859375000
1932.3743              271.2020874023437500
1932.4590              271.2153015136718750
1932.5410              271.2245178222656250
1932.6257              271.2443237304687500
1932.7103              271.2598876953125000
1932.7924              271.2606201171875000
1932.8771              271.2540283203125000
1932.9590              271.2657470703125000
1933.0438              271.2760620117187500
1933.1260              271.2604064941406250
1933.2054              271.2799072265625000
1933.2904              271.2839050292968750
1933.3726              271.2549438476562500
1933.4575              271.3168945312500000
1933.5397              271.3174743652343750
1933.6246              271.2738647460937500
1933.7096              271.2980957031250000
1933.7917              271.2779235839843750
1933.8767              271.3469848632812500
1933.9589              271.3367919921875000
1934.0438              271.3273010253906250
1934.1260              271.3184814453125000
1934.2054              271.2984924316406250
1934.2904              271.2637939453125000
1934.3726              271.2614746093750000
1934.4575              271.2851257324218750
1934.5397              271.2911376953125000
1934.6246              271.2733154296875000
1934.7096              271.2478027343750000
1934.7917              271.2142639160156250
1934.8767              271.2462768554687500
1934.9589              271.2595214843750000
1935.0438              271.2644958496093750
1935.1260              271.2648925781250000
1935.2054              271.2736511230468750
1935.2904              271.2618103027343750
1935.3726              271.2433776855468750
1935.4575              271.2695617675781250
1935.5397              271.2460632324218750
1935.6246              271.2734375000000000
1935.7096              271.3176574707031250
1935.7917              271.3492431640625000
1935.8767              271.3397521972656250
1935.9589              271.3300476074218750
1936.0437              271.3328247070312500
1936.1257              271.3468322753906250
1936.2076              271.3392333984375000
1936.2924              271.3329772949218750
1936.3743              271.2718505859375000
1936.4590              271.2411804199218750
1936.5410              271.2207031250000000
1936.6257              271.2192993164062500
1936.7103              271.2493896484375000
1936.7924              271.2584533691406250
1936.8771              271.2680969238281250
1936.9590              271.2648925781250000
1937.0438              271.2708740234375000
1937.1260              271.2707519531250000
1937.2054              271.2770996093750000
1937.2904              271.2823486328125000
1937.3726              271.2151489257812500
1937.4575              271.2458801269531250
1937.5397              271.3462219238281250
1937.6246              271.3558044433593750
1937.7096              271.4533691406250000
1937.7917              271.7062683105468750
1937.8767              271.5995178222656250
1937.9589              271.5421447753906250
1938.0438              271.5142211914062500
1938.1260              271.5059814453125000
1938.2054              271.5315246582031250
1938.2904              271.5107727050781250
1938.3726              271.5504455566406250
1938.4575              271.5033264160156250
1938.5397              271.3401794433593750
1938.6246              271.2694091796875000
1938.7096              271.2797241210937500
1938.7917              271.2752990722656250
1938.8767              271.3112182617187500
1938.9589              271.3339233398437500
1939.0438              271.3472290039062500
1939.1260              271.7052612304687500
1939.2054              271.8891296386718750
1939.2904              271.4645690917968750
1939.3726              271.3798217773437500
1939.4575              271.2232055664062500
1939.5397              271.2475280761718750
1939.6246              271.2343444824218750
1939.7096              271.2578430175781250
1939.7917              271.2821960449218750
1939.8767              271.2927246093750000
1939.9589              271.2798461914062500
1940.0437              271.2699890136718750
1940.1257              271.2580566406250000
1940.2076              271.2526550292968750
1940.2924              271.2523193359375000
1940.3743              271.2605895996093750
1940.4590              271.2508544921875000
1940.5410              271.2528076171875000
1940.6257              271.2400817871093750
1940.7103              271.2378845214843750
1940.7924              271.2554626464843750
1940.8771              271.2512512207031250
1940.9590              271.2440490722656250
1941.0438              271.2381591796875000
1941.1260              271.2434997558593750
1941.2054              271.2511291503906250
1941.2904              271.2313842773437500
1941.3726              271.2131347656250000
1941.4575              271.2224426269531250
1941.5397              271.2065429687500000
1941.6246              271.2191162109375000
1941.7096              271.2425537109375000
1941.7917              271.2561035156250000
1941.8767              271.2618713378906250
1941.9589              271.2787780761718750
1942.0438              271.2816162109375000
1942.1260              271.2841491699218750
1942.2054              271.2803955078125000
1942.2904              271.2478942871093750
1942.3726              271.2375183105468750
1942.4575              271.2288818359375000
1942.5397              271.2194519042968750
1942.6246              271.2390136718750000
1942.7096              271.2127685546875000
1942.7917              271.2321472167968750
1942.8767              271.2452087402343750
1942.9589              271.2495727539062500
1943.0438              271.2540283203125000
1943.1260              271.2596130371093750
1943.2054              271.2642517089843750
1943.2904              271.2605590820312500
1943.3726              271.2196960449218750
1943.4575              271.2026367187500000
1943.5397              271.2214965820312500
1943.6246              271.2172851562500000
1943.7096              271.2156372070312500
1943.7917              271.2390441894531250
1943.8767              271.2368164062500000
1943.9589              271.2390136718750000
1944.0437              271.2526855468750000
1944.1257              271.2536621093750000
1944.2076              271.2567138671875000
1944.2924              271.2602539062500000
1944.3743              271.2131958007812500
1944.4590              271.2297058105468750
1944.5410              271.2203369140625000
1944.6257              271.2533874511718750
1944.7103              271.3131408691406250
1944.7924              271.3462524414062500
1944.8771              271.3587341308593750
1944.9590              271.3430480957031250
1945.0438              271.3204040527343750
1945.1260              271.4569396972656250
1945.2054              271.3552856445312500
1945.2904              271.3469543457031250
1945.3726              271.3674316406250000
1945.4575              271.3347167968750000
1945.5397              271.2795715332031250
1945.6246              271.2471923828125000
1945.7096              271.2283020019531250
1945.7917              271.2406311035156250
1945.8767              271.2496643066406250
1945.9589              271.2573547363281250
1946.0438              271.2669067382812500
1946.1260              271.2718505859375000
1946.2054              271.2695922851562500
1946.2904              271.2570190429687500
1946.3726              271.2301940917968750
1946.4575              271.2596740722656250
1946.5397              271.2658691406250000
1946.6246              271.2734985351562500
1946.7096              271.3385009765625000
1946.7917              271.3854980468750000
1946.8767              271.3908386230468750
1946.9589              271.3627929687500000
1947.0438              271.3411254882812500
1947.1260              271.3248596191406250
1947.2054              271.3201904296875000
1947.2904              271.2899169921875000
1947.3726              271.2662048339843750
1947.4575              271.2723388671875000
1947.5397              271.2663574218750000
1947.6246              271.2974243164062500
1947.7096              271.3165893554687500
1947.7917              271.3585815429687500
1947.8767              271.3908386230468750
1947.9589              271.3938598632812500
1948.0437              271.4118652343750000
1948.1257              271.4159240722656250
1948.2076              271.4209899902343750
1948.2924              271.4290466308593750
1948.3743              271.3251342773437500
1948.4590              271.2656555175781250
1948.5410              271.3103942871093750
1948.6257              271.3299560546875000
1948.7103              271.3427124023437500
1948.7924              271.3779296875000000
1948.8771              271.3973999023437500
1948.9590              271.4194641113281250
1949.0438              271.4326477050781250
1949.1260              271.7918395996093750
1949.2054              271.8341979980468750
1949.2904              271.4736022949218750
1949.3726              271.3522338867187500
1949.4575              271.2692871093750000
1949.5397              271.3904418945312500
1949.6246              271.3879394531250000
1949.7096              271.2872619628906250
1949.7917              271.4887084960937500
1949.8767              271.5849609375000000
1949.9589              271.5605163574218750
1950.0438              271.5274658203125000
1950.1260              271.5127563476562500
1950.2054              271.4967346191406250
1950.2904              271.4443664550781250
1950.3726              271.3865661621093750
1950.4575              271.4229431152343750
1950.5397              271.4501647949218750
1950.6246              271.4790039062500000
1950.7096              271.4932556152343750
1950.7917              271.5061035156250000
1950.8767              271.5027770996093750
1950.9589              271.4910583496093750
1951.0438              271.4766540527343750
1951.1260              271.4565429687500000
1951.2054              271.4591064453125000
1951.2904              271.4573059082031250
1951.3726              271.4516296386718750
1951.4575              271.4304809570312500
1951.5397              271.4324340820312500
1951.6246              271.4177551269531250
1951.7096              271.4371643066406250
1951.7917              271.4874572753906250
1951.8767              271.5026550292968750
1951.9589              271.5005187988281250
1952.0437              271.4752197265625000
1952.1257              271.4585266113281250
1952.2076              271.4572753906250000
1952.2924              271.4659423828125000
1952.3743              271.3388061523437500
1952.4590              271.2761840820312500
1952.5410              271.3315734863281250
1952.6257              271.4065856933593750
1952.7103              271.4365844726562500
1952.7924              271.4284973144531250
1952.8771              271.4447021484375000
1952.9590              271.4568786621093750
1953.0438              271.4635925292968750
1953.1260              271.4422607421875000
1953.2054              271.4149475097656250
1953.2904              271.4080810546875000
1953.3726              271.3244018554687500
1953.4575              271.2292785644531250
1953.5397              271.2632141113281250
1953.6246              271.3096313476562500
1953.7096              271.3462829589843750
1953.7917              271.3993225097656250
1953.8767              271.3993225097656250
1953.9589              271.4076538085937500
1954.0438              271.4305114746093750
1954.1260              271.7095031738281250
1954.2054              271.7517395019531250
1954.2904              271.4278869628906250
1954.3726              271.4244079589843750
1954.4575              271.2582397460937500
1954.5397              271.2415771484375000
1954.6246              271.2182617187500000
1954.7096              271.2016296386718750
1954.7917              271.2160644531250000
1954.8767              271.2334289550781250
1954.9589              271.2418823242187500
1955.0438              271.2427368164062500
1955.1260              271.2399902343750000
1955.2054              271.2377624511718750
1955.2904              271.2225341796875000
1955.3726              271.2047424316406250
1955.4575              271.2147827148437500
1955.5397              271.2272644042968750
1955.6246              271.2678222656250000
1955.7096              271.2979736328125000
1955.7917              271.3125915527343750
1955.8767              271.3100585937500000
1955.9589              271.3131408691406250
1956.0437              271.3153076171875000
1956.1257              271.3077697753906250
1956.2076              271.3035888671875000
1956.2924              271.3034667968750000
1956.3743              271.2819519042968750
1956.4590              271.2720642089843750
1956.5410              271.2425537109375000
1956.6257              271.2407836914062500
1956.7103              271.3006896972656250
1956.7924              271.3323364257812500
1956.8771              271.3470458984375000
1956.9590              271.3483276367187500
1957.0438              271.3424682617187500
1957.1260              271.3306579589843750
1957.2054              271.3175659179687500
1957.2904              271.3273315429687500
1957.3726              271.3268432617187500
1957.4575              271.3250427246093750
1957.5397              271.2888183593750000
1957.6246              271.2174072265625000
1957.7096              271.2102050781250000
1957.7917              271.2154846191406250
1957.8767              271.2241516113281250
1957.9589              271.2367553710937500
1958.0438              271.2525329589843750
1958.1260              271.2555847167968750
1958.2054              271.2535705566406250
1958.2904              271.2574462890625000
1958.3726              271.2157592773437500
1958.4575              271.2062377929687500
1958.5397              271.2073974609375000
1958.6246              271.2130126953125000
1958.7096              271.2248840332031250
1958.7917              271.2588195800781250
1958.8767              271.2937927246093750
1958.9589              271.2963562011718750
1959.0438              271.2982788085937500
1959.1260              271.2969970703125000
1959.2054              271.2923583984375000
1959.2904              271.2354431152343750
1959.3726              271.2277526855468750
1959.4575              271.2629089355468750
1959.5397              271.2413024902343750
1959.6246              271.2479858398437500
1959.7096              271.2218017578125000
1959.7917              271.2523498535156250
1959.8767              271.2720031738281250
1959.9589              271.2889099121093750
1960.0437              271.2965698242187500
1960.1257              271.2956542968750000
1960.2076              271.2973022460937500
1960.2924              271.2867126464843750
1960.3743              271.2155761718750000
1960.4590              271.2712402343750000
1960.5410              271.2861022949218750
1960.6257              271.2939453125000000
1960.7103              271.3062744140625000
1960.7924              271.3585815429687500
1960.8771              271.3764343261718750
1960.9590              271.3918151855468750
1961.0438              271.4367370605468750
1961.1260              271.8550415039062500
1961.2054              271.9716796875000000
1961.2904              271.4950866699218750
1961.3726              271.3365173339843750
1961.4575              271.2206115722656250
1961.5397              271.2688598632812500
1961.6246              271.2838134765625000
1961.7096              271.3186340332031250
1961.7917              271.3458251953125000
1961.8767              271.3666076660156250
1961.9589              271.3906555175781250
1962.0438              271.4807739257812500
1962.1260              272.0574035644531250
1962.2054              272.1129150390625000
1962.2904              271.5685119628906250
1962.3726              271.4067687988281250
1962.4575              271.2204895019531250
1962.5397              271.2207031250000000
1962.6246              271.2374877929687500
1962.7096              271.2553100585937500
1962.7917              271.3186645507812500
1962.8767              271.4039001464843750
1962.9589              271.3989868164062500
1963.0438              271.3965454101562500
1963.1260              271.3931274414062500
1963.2054              271.4044494628906250
1963.2904              271.4220581054687500
1963.3726              271.2631835937500000
1963.4575              271.3563232421875000
1963.5397              271.5550537109375000
1963.6246              271.4971618652343750
1963.7096              271.5102844238281250
1963.7917              271.5928344726562500
1963.8767              271.5996398925781250
1963.9589              271.5596313476562500
1964.0437              271.5175170898437500
1964.1257              271.4805297851562500
1964.2076              271.4569702148437500
1964.2924              271.4606018066406250
1964.3743              271.4426269531250000
1964.4590              271.4407653808593750
1964.5410              271.4220886230468750
1964.6257              271.3892822265625000
1964.7103              271.3633422851562500
1964.7924              271.3384704589843750
1964.8771              271.3312988281250000
1964.9590              271.3438110351562500
1965.0438              271.3416748046875000
1965.1260              271.3345031738281250
1965.2054              271.3388671875000000
1965.2904              271.3514099121093750
1965.3726              271.2486267089843750
1965.4575              271.2534790039062500
1965.5397              271.2824096679687500
1965.6246              271.2821960449218750
1965.7096              271.3190002441406250
1965.7917              271.3486328125000000
1965.8767              271.3435058593750000
1965.9589              271.3349304199218750
1966.0438              271.3267822265625000
1966.1260              271.3241882324218750
1966.2054              271.3282165527343750
1966.2904              271.2858276367187500
1966.3726              271.2273254394531250
1966.4575              271.2583312988281250
1966.5397              271.2615966796875000
1966.6246              271.2565917968750000
1966.7096              271.2774047851562500
1966.7917              271.2528076171875000
1966.8767              271.2499389648437500
1966.9589              271.2525939941406250
1967.0438              271.2572021484375000
1967.1260              271.2589111328125000
1967.2054              271.2645568847656250
1967.2904              271.2735595703125000
1967.3726              271.2548522949218750
1967.4575              271.2691345214843750
1967.5397              271.2706298828125000
1967.6246              271.2486572265625000
1967.7096              271.2564697265625000
1967.7917              271.2427062988281250
1967.8767              271.2601318359375000
1967.9589              271.2641296386718750
1968.0437              271.4369506835937500
1968.1257              272.1950378417968750
1968.2076              272.2808837890625000
1968.2924              271.5527954101562500
1968.3743              271.4564819335937500
1968.4590              271.2470092773437500
1968.5410              271.2346496582031250
1968.6257              271.2186279296875000
1968.7103              271.2501831054687500
1968.7924              271.2879638671875000
1968.8771              271.3037719726562500
1968.9590              271.3041076660156250
1969.0438              271.3059997558593750
1969.1260              271.3414916992187500
1969.2054              271.3387756347656250
1969.2904              271.3140258789062500
1969.3726              271.2589721679687500
1969.4575              271.2207336425781250
1969.5397              271.2259216308593750
1969.6246              271.2284545898437500
1969.7096              271.2463378906250000
1969.7917              271.2218322753906250
1969.8767              271.2644348144531250
1969.9589              271.2923583984375000
1970.0438              271.3013000488281250
1970.1260              271.2979125976562500
1970.2054              271.2942504882812500
1970.2904              271.3065490722656250
1970.3726              271.3055419921875000
1970.4575              271.3153381347656250
1970.5397              271.3170166015625000
1970.6246              271.3114929199218750
1970.7096              271.3208618164062500
1970.7917              271.3235168457031250
1970.8767              271.3160400390625000
1970.9589              271.3038330078125000
1971.0438              271.3009033203125000
1971.1260              271.3005371093750000
1971.2054              271.2986145019531250
1971.2904              271.2575073242187500
1971.3726              271.2506713867187500
1971.4575              271.2363586425781250
1971.5397              271.2441101074218750
1971.6246              271.2357177734375000
1971.7096              271.2129821777343750
1971.7917              271.2164001464843750
1971.8767              271.2075500488281250
1971.9589              271.2238769531250000
1972.0437              271.2387084960937500
1972.1257              271.3406677246093750
1972.2076              271.4971313476562500
1972.2924              271.3107604980468750
1972.3743              271.2553405761718750
1972.4590              271.2488708496093750
1972.5410              271.2524719238281250
1972.6257              271.2145080566406250
1972.7103              271.2316284179687500
1972.7924              271.2597961425781250
1972.8771              271.2828063964843750
1972.9590              271.3011474609375000
1973.0438              271.3094177246093750
1973.1260              271.6639099121093750
1973.2054              271.7463684082031250
1973.2904              271.3638916015625000
1973.3726              271.3016357421875000
1973.4575              271.2450866699218750
1973.5397              271.2552490234375000
1973.6246              271.2495422363281250
1973.7096              271.3185729980468750
1973.7917              271.6896972656250000
1973.8767              271.7277221679687500
1973.9589              271.6028747558593750
1974.0438              271.4790039062500000
1974.1260              271.5524902343750000
1974.2054              271.6775512695312500
1974.2904              271.4086608886718750
1974.3726              271.3356018066406250
1974.4575              271.2848510742187500
1974.5397              271.3150024414062500
1974.6246              271.2568359375000000
1974.7096              271.3191223144531250
1974.7917              271.3652038574218750
1974.8767              271.2979431152343750
1974.9589              271.3179931640625000
1975.0438              271.3792724609375000
1975.1260              271.9088745117187500
1975.2054              272.0736083984375000
1975.2904              271.6083679199218750
1975.3726              271.4092102050781250
1975.4575              271.2675476074218750
1975.5397              271.2909851074218750
1975.6246              271.3318481445312500
1975.7096              271.3113708496093750
1975.7917              271.3602905273437500
1975.8767              271.3762817382812500
1975.9589              271.3452758789062500
1976.0437              271.3291931152343750
1976.1257              271.3275756835937500
1976.2076              271.3373107910156250
1976.2924              271.3507385253906250
1976.3743              271.3501586914062500
1976.4590              271.3215026855468750
1976.5410              271.3165588378906250
1976.6257              271.2608032226562500
1976.7103              271.2646789550781250
1976.7924              271.2711791992187500
1976.8771              271.2750854492187500
1976.9590              271.2846679687500000
1977.0438              271.2913818359375000
1977.1260              271.2862854003906250
1977.2054              271.2795410156250000
1977.2904              271.2622680664062500
1977.3726              271.2048645019531250
1977.4575              271.2180175781250000
1977.5397              271.2246398925781250
1977.6246              271.2296142578125000
1977.7096              271.2236633300781250
1977.7917              271.2421875000000000
1977.8767              271.2744750976562500
1977.9589              271.2918701171875000
1978.0438              271.2957153320312500
1978.1260              271.2984924316406250
1978.2054              271.2940979003906250
1978.2904              271.2805175781250000
1978.3726              271.2083740234375000
1978.4575              271.2379150390625000
1978.5397              271.2281188964843750
1978.6246              271.2153320312500000
1978.7096              271.2685852050781250
1978.7917              271.2991638183593750
1978.8767              271.3074645996093750
1978.9589              271.3131408691406250
1979.0438              271.3104248046875000
1979.1260              271.3013916015625000
1979.2054              271.3019714355468750
1979.2904              271.3168334960937500
1979.3726              271.2606811523437500
1979.4575              271.2077331542968750
1979.5397              271.2217407226562500
1979.6246              271.2174987792968750
1979.7096              271.2428894042968750
1979.7917              271.3078613281250000
1979.8767              271.3412475585937500
1979.9589              271.3526306152343750
1980.0437              271.3384704589843750
1980.1257              271.3128356933593750
1980.2076              271.2978820800781250
1980.2924              271.2922058105468750
1980.3743              271.2141418457031250
1980.4590              271.2658386230468750
1980.5410              271.3016357421875000
1980.6257              271.3331604003906250
1980.7103              271.3554382324218750
1980.7924              271.3624572753906250
1980.8771              271.3450622558593750
1980.9590              271.3351745605468750
1981.0438              271.3117065429687500
1981.1260              271.3005065917968750
1981.2054              271.3018798828125000
1981.2904              271.2640380859375000
1981.3726              271.2778930664062500
1981.4575              271.2977600097656250
1981.5397              271.2832641601562500
1981.6246              271.2451782226562500
1981.7096              271.2609558105468750
1981.7917              271.2923583984375000
1981.8767              271.3225708007812500
1981.9589              271.3072204589843750
1982.0438              271.3096618652343750
1982.1260              271.3132019042968750
1982.2054              271.3310241699218750
1982.2904              271.3321838378906250
1982.3726              271.2996215820312500
1982.4575              271.2320251464843750
1982.5397              271.2450866699218750
1982.6246              271.2229309082031250
1982.7096              271.2080993652343750
1982.7917              271.2264709472656250
1982.8767              271.2346496582031250
1982.9589              271.2295227050781250
1983.0438              271.2385864257812500
1983.1260              271.2475891113281250
1983.2054              271.2597351074218750
1983.2904              271.2815856933593750
1983.3726              271.2780761718750000
1983.4575              271.3445739746093750
1983.5397              271.2978515625000000
1983.6246              271.2915344238281250
1983.7096              271.2796630859375000
1983.7917              271.3262939453125000
1983.8767              271.3912048339843750
1983.9589              271.3889770507812500
1984.0437              271.3723144531250000
1984.1257              271.3450317382812500
1984.2076              271.3396301269531250
1984.2924              271.3458557128906250
1984.3743              271.3492126464843750
1984.4590              271.3163146972656250
1984.5410              271.2810058593750000
1984.6257              271.2815551757812500
1984.7103              271.3247680664062500
1984.7924              271.3395690917968750
1984.8771              271.3237304687500000
1984.9590              271.3026123046875000
1985.0438              271.2992858886718750
1985.1260              271.2992553710937500
1985.2054              271.2860412597656250
1985.2904              271.2326965332031250
1985.3726              271.2420349121093750
1985.4575              271.2846984863281250
1985.5397              271.2919616699218750
1985.6246              271.3129577636718750
1985.7096              271.3031311035156250
1985.7917              271.2955017089843750
1985.8767              271.3016662597656250
1985.9589              271.3032531738281250
1986.0438              271.3088378906250000
1986.1260              271.3023071289062500
1986.2054              271.2998657226562500
1986.2904              271.2929077148437500
1986.3726              271.2261352539062500
1986.4575              271.2675781250000000
1986.5397              271.2553100585937500
1986.6246              271.2755126953125000
1986.7096              271.2997741699218750
1986.7917              271.2875366210937500
1986.8767              271.2810668945312500
1986.9589              271.2889709472656250
1987.0438              271.2935485839843750
1987.1260              271.3112182617187500
1987.2054              271.4019775390625000
1987.2904              271.2967834472656250
1987.3726              271.2310791015625000
1987.4575              271.2399597167968750
1987.5397              271.2733154296875000
1987.6246              271.2633972167968750
1987.7096              271.2441406250000000
1987.7917              271.2252807617187500
1987.8767              271.2456359863281250
1987.9589              271.2824707031250000
1988.0437              271.2903442382812500
1988.1257              271.2908325195312500
1988.2076              271.2929382324218750
1988.2924              271.3054504394531250
1988.3743              271.2510375976562500
1988.4590              271.2855224609375000
1988.5410              271.2900085449218750
1988.6257              271.2901916503906250
1988.7103              271.2692565917968750
1988.7924              271.2839660644531250
1988.8771              271.3382568359375000
1988.9590              271.3623962402343750
1989.0438              271.3533020019531250
1989.1260              271.5072021484375000
1989.2054              271.6614990234375000
1989.2904              271.3904418945312500
1989.3726              271.4027099609375000
1989.4575              271.2329101562500000
1989.5397              271.2244873046875000
1989.6246              271.2759399414062500
1989.7096              271.2813415527343750
1989.7917              271.2761535644531250
1989.8767              271.2844848632812500
1989.9589              271.2920837402343750
1990.0438              271.2997436523437500
1990.1260              271.3147888183593750
1990.2054              271.3171081542968750
1990.2904              271.3414916992187500
1990.3726              271.2854003906250000
1990.4575              271.2080078125000000
1990.5397              271.2428588867187500
1990.6246              271.2572631835937500
1990.7096              271.2703857421875000
1990.7917              271.3166809082031250
1990.8767              271.3475646972656250
1990.9589              271.3497314453125000
1991.0438              271.3334655761718750
1991.1260              271.3077697753906250
1991.2054              271.2797851562500000
1991.2904              271.2758483886718750
1991.3726              271.2408447265625000
1991.4575              271.2257385253906250
1991.5397              271.2466125488281250
1991.6246              271.2150573730468750
1991.7096              271.2052001953125000
1991.7917              271.2380676269531250
1991.8767              271.2980346679687500
1991.9589              271.3296813964843750
1992.0437              271.3343505859375000
1992.1257              271.3269958496093750
1992.2076              271.3092041015625000
1992.2924              271.2300109863281250
1992.3743              271.2388610839843750
1992.4590              271.2851257324218750
1992.5410              271.3190917968750000
1992.6257              271.3325195312500000
1992.7103              271.3032531738281250
1992.7924              271.2982177734375000
1992.8771              271.2964172363281250
1992.9590              271.2941589355468750
1993.0438              271.2933959960937500
1993.1260              271.2929077148437500
1993.2054              271.2880554199218750
1993.2904              271.2622985839843750
1993.3726              271.2065734863281250
1993.4575              271.2255249023437500
1993.5397              271.2489013671875000
1993.6246              271.2492370605468750
1993.7096              271.2739562988281250
1993.7917              271.3092346191406250
1993.8767              271.3203430175781250
1993.9589              271.3204650878906250
1994.0438              271.3099060058593750
1994.1260              271.3102416992187500
1994.2054              271.3083190917968750
1994.2904              271.2870788574218750
1994.3726              271.2441406250000000
1994.4575              271.3415527343750000
1994.5397              271.3443908691406250
1994.6246              271.4165039062500000
1994.7096              271.4409484863281250
1994.7917              271.4775085449218750
1994.8767              271.4877014160156250
1994.9589              271.4722595214843750
1995.0438              271.4661254882812500
1995.1260              271.8324279785156250
1995.2054              271.9779968261718750
1995.2904              271.5713500976562500
1995.3726              271.5303344726562500
1995.4575              271.2703857421875000
1995.5397              271.2579956054687500
1995.6246              271.3442993164062500
1995.7096              271.3824462890625000
1995.7917              271.4991455078125000
1995.8767              271.5253601074218750
1995.9589              271.5168151855468750
1996.0437              271.5207824707031250
1996.1257              271.9525451660156250
1996.2076              272.1815490722656250
1996.2924              271.8101501464843750
1996.3743              271.5404663085937500
1996.4590              271.4671325683593750
1996.5410              271.2110290527343750
1996.6257              271.2712402343750000
1996.7103              271.3373107910156250
1996.7924              271.3728942871093750
1996.8771              271.3993530273437500
1996.9590              271.3951110839843750
1997.0438              271.3902587890625000
1997.1260              271.3901062011718750
1997.2054              271.3862304687500000
1997.2904              271.3540954589843750
1997.3726              271.3036193847656250
1997.4575              271.2162780761718750
1997.5397              271.2199401855468750
1997.6246              271.2251892089843750
1997.7096              271.2392883300781250
1997.7917              271.2561035156250000
1997.8767              271.2725830078125000
1997.9589              271.2826538085937500
1998.0438              271.2752990722656250
1998.1260              271.3110961914062500
1998.2054              271.4992065429687500
1998.2904              271.3254394531250000
1998.3726              271.2639465332031250
1998.4575              271.2708129882812500
1998.5397              271.2550048828125000
1998.6246              271.2396545410156250
1998.7096              271.2502746582031250
1998.7917              271.2816467285156250
1998.8767              271.3205261230468750
1998.9589              271.3242187500000000
1999.0438              271.3091430664062500
1999.1260              271.3036193847656250
1999.2054              271.3101196289062500
1999.2904              271.3233032226562500
1999.3726              271.3368835449218750
1999.4575              271.3376770019531250
1999.5397              271.3825988769531250
1999.6246              271.3957519531250000
1999.7096              271.3854370117187500
1999.7917              271.3553466796875000
1999.8767              271.3524780273437500
1999.9589              271.3363952636718750
2000.0437              271.3281860351562500
2000.1257              271.3190917968750000
2000.2076              271.2633666992187500
2000.2924              271.2367248535156250
2000.3743              271.2576904296875000
2000.4590              271.2864074707031250
2000.5410              271.3172607421875000
2000.6257              271.3138122558593750
2000.7103              271.3218688964843750
2000.7924              271.3176269531250000
2000.8771              271.3351440429687500
2000.9590              271.3255615234375000
