1880.0437              273.3887634277343750
1880.1257              273.5779418945312500
1880.2076              273.1258239746093750
1880.2924              272.2485656738281250
1880.3743              271.3419799804687500
1880.4590              271.6033325195312500
1880.5410              271.5859680175781250
1880.6257              271.5769653320312500
1880.7103              271.5625305175781250
1880.7924              271.6902770996093750
1880.8771              272.3735351562500000
1880.9590              273.5171203613281250
1881.0438              274.1910095214843750
1881.1260              274.2690429687500000
1881.2054              273.5742797851562500
1881.2904              272.7162170410156250
1881.3726              271.7093811035156250
1881.4575              271.3619995117187500
1881.5397              271.5847778320312500
1881.6246              271.5735473632812500
1881.7096              271.5703735351562500
1881.7917              271.6048889160156250
1881.8767              272.1802062988281250
1881.9589              273.2567138671875000
1882.0438              273.8951721191406250
1882.1260              273.9786987304687500
1882.2054              273.6549682617187500
1882.2904              273.1134643554687500
1882.3726              272.1516113281250000
1882.4575              271.4794921875000000
1882.5397              271.5207519531250000
1882.6246              271.5995788574218750
1882.7096              271.5996398925781250
1882.7917              271.6522827148437500
1882.8767              272.2543334960937500
1882.9589              273.4609375000000000
1883.0438              274.0277404785156250
1883.1260              274.1865844726562500
1883.2054              273.8932495117187500
1883.2904              273.0694580078125000
1883.3726              272.0314331054687500
1883.4575              271.4976501464843750
1883.5397              271.5099182128906250
1883.6246              271.6179809570312500
1883.7096              271.5664978027343750
1883.7917              271.5631713867187500
1883.8767              271.9477233886718750
1883.9589              272.8170776367187500
1884.0437              273.5960388183593750
1884.1257              273.8869323730468750
1884.2076              273.3905029296875000
1884.2924              272.6072998046875000
1884.3743              271.6029968261718750
1884.4590              271.2717590332031250
1884.5410              271.6250610351562500
1884.6257              271.6148071289062500
1884.7103              271.6115417480468750
1884.7924              271.7548522949218750
1884.8771              272.1867065429687500
1884.9590              273.0747375488281250
1885.0438              273.7720031738281250
1885.1260              274.0783081054687500
1885.2054              273.6345825195312500
1885.2904              272.9661254882812500
1885.3726              271.9843750000000000
1885.4575              271.4018859863281250
1885.5397              271.5295715332031250
1885.6246              271.6252746582031250
1885.7096              271.6194458007812500
1885.7917              271.6002197265625000
1885.8767              272.2047729492187500
1885.9589              273.0302124023437500
1886.0438              273.6613159179687500
1886.1260              273.7505493164062500
1886.2054              273.2529296875000000
1886.2904              272.4786682128906250
1886.3726              271.5594177246093750
1886.4575              271.5168151855468750
1886.5397              271.6248779296875000
1886.6246              271.6161193847656250
1886.7096              271.6122131347656250
1886.7917              271.6284484863281250
1886.8767              272.1581726074218750
1886.9589              273.0833740234375000
1887.0438              273.8612365722656250
1887.1260              274.0452270507812500
1887.2054              273.3204650878906250
1887.2904              272.4929504394531250
1887.3726              271.7272644042968750
1887.4575              271.5225524902343750
1887.5397              271.6108703613281250
1887.6246              271.6029968261718750
1887.7096              271.5881042480468750
1887.7917              271.5805664062500000
1887.8767              272.0993957519531250
1887.9589              273.0267028808593750
1888.0437              273.7651367187500000
1888.1257              274.0067749023437500
1888.2076              273.8776245117187500
1888.2924              273.0991210937500000
1888.3743              272.1221923828125000
1888.4590              271.3482360839843750
1888.5410              271.5119018554687500
1888.6257              271.5025939941406250
1888.7103              271.5603637695312500
1888.7924              271.6809082031250000
1888.8771              272.2001037597656250
1888.9590              273.2843933105468750
1889.0438              273.8172912597656250
1889.1260              273.8895568847656250
1889.2054              273.1953430175781250
1889.2904              272.4315795898437500
1889.3726              271.5258178710937500
1889.4575              271.2868957519531250
1889.5397              271.5296325683593750
1889.6246              271.6215820312500000
1889.7096              271.6227416992187500
1889.7917              271.7399291992187500
1889.8767              272.4880676269531250
1889.9589              273.4969787597656250
1890.0438              273.9882812500000000
1890.1260              274.2308044433593750
1890.2054              273.7719421386718750
1890.2904              272.9736328125000000
1890.3726              271.8556518554687500
1890.4575              271.5726623535156250
1890.5397              271.6338806152343750
1890.6246              271.6250305175781250
1890.7096              271.6029357910156250
1890.7917              271.6414489746093750
1890.8767              272.3164367675781250
1890.9589              273.4082336425781250
1891.0438              274.2083129882812500
1891.1260              274.2755737304687500
1891.2054              274.0177612304687500
1891.2904              273.5476074218750000
1891.3726              272.3298950195312500
1891.4575              271.4909973144531250
1891.5397              271.6233215332031250
1891.6246              271.5979614257812500
1891.7096              271.5901184082031250
1891.7917              271.6170654296875000
1891.8767              272.0292358398437500
1891.9589              273.1286926269531250
1892.0437              273.8750305175781250
1892.1257              273.9812011718750000
1892.2076              273.3974609375000000
1892.2924              272.6733703613281250
1892.3743              271.8193054199218750
1892.4590              271.3960876464843750
1892.5410              271.6271057128906250
1892.6257              271.6017456054687500
1892.7103              271.5996093750000000
1892.7924              271.6512145996093750
1892.8771              272.3601989746093750
1892.9590              273.2158813476562500
1893.0438              274.0137023925781250
1893.1260              273.9361877441406250
1893.2054              273.5240478515625000
1893.2904              272.8557434082031250
1893.3726              272.0010681152343750
1893.4575              271.4808959960937500
1893.5397              271.5532226562500000
1893.6246              271.6390686035156250
1893.7096              271.6356201171875000
1893.7917              271.6976623535156250
1893.8767              272.3419189453125000
1893.9589              273.4353942871093750
1894.0438              274.0531921386718750
1894.1260              274.3267822265625000
1894.2054              273.9446716308593750
1894.2904              273.2756042480468750
1894.3726              272.3840637207031250
1894.4575              271.5983581542968750
1894.5397              271.5446472167968750
1894.6246              271.6326904296875000
1894.7096              271.6325988769531250
1894.7917              271.7203674316406250
1894.8767              272.3587036132812500
1894.9589              273.1921691894531250
1895.0438              273.8517456054687500
1895.1260              273.9564819335937500
1895.2054              273.7015380859375000
1895.2904              272.6967773437500000
1895.3726              271.6956787109375000
1895.4575              271.5752563476562500
1895.5397              271.6485900878906250
1895.6246              271.6354675292968750
1895.7096              271.6310729980468750
1895.7917              271.6789855957031250
1895.8767              272.3595886230468750
1895.9589              273.0233154296875000
1896.0437              273.7537231445312500
1896.1257              274.0187988281250000
1896.2076              273.6151733398437500
1896.2924              272.8037109375000000
1896.3743              272.0190429687500000
1896.4590              271.5524597167968750
1896.5410              271.6650695800781250
1896.6257              271.6322937011718750
1896.7103              271.6260375976562500
1896.7924              271.7431030273437500
1896.8771              272.2648010253906250
1896.9590              273.4075927734375000
1897.0438              274.2055358886718750
1897.1260              274.3724060058593750
1897.2054              273.8374633789062500
1897.2904              273.1410522460937500
1897.3726              272.3092651367187500
1897.4575              271.5941772460937500
1897.5397              271.6635437011718750
1897.6246              271.6550598144531250
1897.7096              271.6473693847656250
1897.7917              271.6650085449218750
1897.8767              272.3565979003906250
1897.9589              273.4450988769531250
1898.0438              274.0908508300781250
1898.1260              273.9460144042968750
1898.2054              273.4758605957031250
1898.2904              272.7361755371093750
1898.3726              272.0502929687500000
1898.4575              271.5230102539062500
1898.5397              271.5710754394531250
1898.6246              271.6611938476562500
1898.7096              271.6644287109375000
1898.7917              271.7029113769531250
1898.8767              272.2499694824218750
1898.9589              273.2475585937500000
1899.0438              273.9405212402343750
1899.1260              274.2038269042968750
1899.2054              273.7456054687500000
1899.2904              273.1621093750000000
1899.3726              272.4024963378906250
1899.4575              271.5451354980468750
1899.5397              271.3477783203125000
1899.6246              271.6791992187500000
1899.7096              271.6780090332031250
1899.7917              271.7192993164062500
1899.8767              272.4141540527343750
1899.9589              273.5074768066406250
1900.0438              274.3356018066406250
1900.1260              274.3801574707031250
1900.2054              273.8883972167968750
1900.2904              272.7420349121093750
1900.3726              271.7353515625000000
1900.4575              271.6584472656250000
1900.5397              271.7050781250000000
1900.6246              271.6837463378906250
1900.7096              271.6757812500000000
1900.7917              271.7673645019531250
1900.8767              272.5427246093750000
1900.9589              273.6918640136718750
1901.0438              274.3962707519531250
1901.1260              274.3904113769531250
1901.2054              274.1728515625000000
1901.2904              273.4473266601562500
1901.3726              272.5390625000000000
1901.4575              271.7009277343750000
1901.5397              271.6294555664062500
1901.6246              271.7062683105468750
1901.7096              271.7046508789062500
1901.7917              271.8414916992187500
1901.8767              272.6267395019531250
1901.9589              273.3872070312500000
1902.0438              274.0000915527343750
1902.1260              274.1036071777343750
1902.2054              274.0123291015625000
1902.2904              273.1730957031250000
1902.3726              272.1590881347656250
1902.4575              271.5994262695312500
1902.5397              271.7208557128906250
1902.6246              271.6970520019531250
1902.7096              271.6975097656250000
1902.7917              271.8719177246093750
1902.8767              272.5146789550781250
1902.9589              273.6207580566406250
1903.0438              274.3822631835937500
1903.1260              274.5848388671875000
1903.2054              273.9263610839843750
1903.2904              272.9399719238281250
1903.3726              271.9249877929687500
1903.4575              271.6790466308593750
1903.5397              271.7155761718750000
1903.6246              271.6945800781250000
1903.7096              271.6883850097656250
1903.7917              271.7695922851562500
1903.8767              272.3647766113281250
1903.9589              273.1233825683593750
1904.0437              273.8274230957031250
1904.1257              273.8447875976562500
1904.2076              273.4193420410156250
1904.2924              272.7629699707031250
1904.3743              271.9657287597656250
1904.4590              271.4969787597656250
1904.5410              271.6154785156250000
1904.6257              271.7001342773437500
1904.7103              271.6992797851562500
1904.7924              271.7725830078125000
1904.8771              272.5304565429687500
1904.9590              273.6944580078125000
1905.0438              274.4189147949218750
1905.1260              274.1552124023437500
1905.2054              273.5260314941406250
1905.2904              272.7653503417968750
1905.3726              271.9685668945312500
1905.4575              271.4029846191406250
1905.5397              271.7013549804687500
1905.6246              271.6902770996093750
1905.7096              271.6912536621093750
1905.7917              271.7821655273437500
1905.8767              272.3886108398437500
1905.9589              273.2406311035156250
1906.0438              274.0303955078125000
1906.1260              274.2764892578125000
1906.2054              273.9860534667968750
1906.2904              273.1110534667968750
1906.3726              271.9926757812500000
1906.4575              271.5125122070312500
1906.5397              271.7117004394531250
1906.6246              271.6937866210937500
1906.7096              271.6752319335937500
1906.7917              271.8192749023437500
1906.8767              272.4174194335937500
1906.9589              273.3351745605468750
1907.0438              274.0840454101562500
1907.1260              274.3029479980468750
1907.2054              273.8531494140625000
1907.2904              273.0505676269531250
1907.3726              272.0812683105468750
1907.4575              271.4259948730468750
1907.5397              271.7016601562500000
1907.6246              271.6874694824218750
1907.7096              271.6862792968750000
1907.7917              271.7367248535156250
1907.8767              272.3399658203125000
1907.9589              273.3576660156250000
1908.0437              273.9645080566406250
1908.1257              274.1444396972656250
1908.2076              273.7233276367187500
1908.2924              272.5855712890625000
1908.3743              271.8092956542968750
1908.4590              271.4804382324218750
1908.5410              271.7038879394531250
1908.6257              271.6857299804687500
1908.7103              271.6755676269531250
1908.7924              271.7658996582031250
1908.8771              272.4360961914062500
1908.9590              273.4683532714843750
1909.0438              274.3106994628906250
1909.1260              274.2530822753906250
1909.2054              274.1897277832031250
1909.2904              273.2175903320312500
1909.3726              272.3627014160156250
1909.4575              271.6405029296875000
1909.5397              271.6235046386718750
1909.6246              271.6882324218750000
1909.7096              271.6918945312500000
1909.7917              271.8503112792968750
1909.8767              272.5430908203125000
1909.9589              273.6884155273437500
1910.0438              274.3937683105468750
1910.1260              274.6477050781250000
1910.2054              274.0720520019531250
1910.2904              273.1756286621093750
1910.3726              272.0127868652343750
1910.4575              271.5350341796875000
1910.5397              271.7149047851562500
1910.6246              271.6848754882812500
1910.7096              271.6854858398437500
1910.7917              271.7279968261718750
1910.8767              272.4203796386718750
1910.9589              273.3773498535156250
1911.0438              274.1040344238281250
1911.1260              274.0364379882812500
1911.2054              273.5560913085937500
1911.2904              272.6542663574218750
1911.3726              271.7232971191406250
1911.4575              271.4521789550781250
1911.5397              271.6989135742187500
1911.6246              271.6706542968750000
1911.7096              271.6753234863281250
1911.7917              271.7414550781250000
1911.8767              272.4643554687500000
1911.9589              273.4922790527343750
1912.0437              274.1448974609375000
1912.1257              274.1324768066406250
1912.2076              273.7037048339843750
1912.2924              272.9308166503906250
1912.3743              272.0109558105468750
1912.4590              271.6483459472656250
1912.5410              271.6880798339843750
1912.6257              271.6800842285156250
1912.7103              271.6792907714843750
1912.7924              271.7420349121093750
1912.8771              272.5016784667968750
1912.9590              273.5362854003906250
1913.0438              274.0659790039062500
1913.1260              274.1414794921875000
1913.2054              273.7683410644531250
1913.2904              272.9143066406250000
1913.3726              271.9077148437500000
1913.4575              271.4747009277343750
1913.5397              271.6841125488281250
1913.6246              271.6751403808593750
1913.7096              271.6762695312500000
1913.7917              271.7812500000000000
1913.8767              272.5691223144531250
1913.9589              273.6239318847656250
1914.0438              274.2502136230468750
1914.1260              274.5301208496093750
1914.2054              273.9988098144531250
1914.2904              273.3301391601562500
1914.3726              272.4192810058593750
1914.4575              271.6862182617187500
1914.5397              271.6196899414062500
1914.6246              271.6998901367187500
1914.7096              271.7089538574218750
1914.7917              271.7906799316406250
1914.8767              272.6066284179687500
1914.9589              273.5340270996093750
1915.0438              274.3465270996093750
1915.1260              274.5740051269531250
1915.2054              274.2418518066406250
1915.2904              273.5214233398437500
1915.3726              272.2616577148437500
1915.4575              271.6217346191406250
1915.5397              271.7338867187500000
1915.6246              271.7023315429687500
1915.7096              271.6991882324218750
1915.7917              271.8017578125000000
1915.8767              272.4897155761718750
1915.9589              273.4289855957031250
1916.0437              274.0169677734375000
1916.1257              274.0305480957031250
1916.2076              273.6494140625000000
1916.2924              272.8908386230468750
1916.3743              271.9521179199218750
1916.4590              271.4740295410156250
1916.5410              271.7139587402343750
1916.6257              271.6924133300781250
1916.7103              271.6981201171875000
1916.7924              271.8764953613281250
1916.8771              272.5464172363281250
1916.9590              273.6252136230468750
1917.0438              274.3830871582031250
1917.1260              274.3163146972656250
1917.2054              274.1107788085937500
1917.2904              273.4325256347656250
1917.3726              272.5193176269531250
1917.4575              271.7836608886718750
1917.5397              271.6448669433593750
1917.6246              271.7154541015625000
1917.7096              271.7012329101562500
1917.7917              271.7982177734375000
1917.8767              272.4651184082031250
1917.9589              273.4092407226562500
1918.0438              274.2876892089843750
1918.1260              274.4628906250000000
1918.2054              273.7669677734375000
1918.2904              273.0688171386718750
1918.3726              272.3144226074218750
1918.4575              271.6254577636718750
1918.5397              271.7284545898437500
1918.6246              271.7205810546875000
1918.7096              271.7236022949218750
1918.7917              271.8591003417968750
1918.8767              272.5490112304687500
1918.9589              273.7152709960937500
1919.0438              274.4493713378906250
1919.1260              274.5236206054687500
1919.2054              273.9587097167968750
1919.2904              273.1464538574218750
1919.3726              272.0915527343750000
1919.4575              271.5975952148437500
1919.5397              271.6653442382812500
1919.6246              271.7142028808593750
1919.7096              271.7158203125000000
1919.7917              271.8917846679687500
1919.8767              272.4698486328125000
1919.9589              273.5433654785156250
1920.0437              274.1035766601562500
1920.1257              274.1804809570312500
1920.2076              273.7805480957031250
1920.2924              272.8628540039062500
1920.3743              272.0419311523437500
1920.4590              271.5376281738281250
1920.5410              271.6305541992187500
1920.6257              271.7057189941406250
1920.7103              271.7247009277343750
1920.7924              271.8979797363281250
1920.8771              272.5805358886718750
1920.9590              273.6904602050781250
1921.0438              274.4103393554687500
1921.1260              274.4877014160156250
1921.2054              274.0816040039062500
1921.2904              273.1228027343750000
1921.3726              272.1364135742187500
1921.4575              271.4945983886718750
1921.5397              271.6448364257812500
1921.6246              271.7068176269531250
1921.7096              271.7169494628906250
1921.7917              271.7987670898437500
1921.8767              272.5639953613281250
1921.9589              273.7354431152343750
1922.0438              274.5686035156250000
1922.1260              274.8647460937500000
1922.2054              274.3232421875000000
1922.2904              273.2258300781250000
1922.3726              272.3212585449218750
1922.4575              271.6760559082031250
1922.5397              271.7239074707031250
1922.6246              271.7112731933593750
1922.7096              271.7159729003906250
1922.7917              271.8183288574218750
1922.8767              272.4876708984375000
1922.9589              273.3515014648437500
1923.0438              274.0885314941406250
1923.1260              274.2791442871093750
1923.2054              273.7378540039062500
1923.2904              273.0692138671875000
1923.3726              272.0881652832031250
1923.4575              271.5793151855468750
1923.5397              271.6550292968750000
1923.6246              271.7133178710937500
1923.7096              271.7124633789062500
1923.7917              271.7673339843750000
1923.8767              272.3287963867187500
1923.9589              273.2575073242187500
1924.0437              274.0492553710937500
1924.1257              274.1722412109375000
1924.2076              273.8298950195312500
1924.2924              272.9754638671875000
1924.3743              272.1109924316406250
1924.4590              271.4898071289062500
1924.5410              271.7263793945312500
1924.6257              271.7145080566406250
1924.7103              271.7076416015625000
1924.7924              271.8254699707031250
1924.8771              272.4638671875000000
1924.9590              273.4559020996093750
1925.0438              274.1568908691406250
1925.1260              274.2727050781250000
1925.2054              273.8765258789062500
1925.2904              273.0773315429687500
1925.3726              272.1765747070312500
1925.4575              271.5792846679687500
1925.5397              271.6342468261718750
1925.6246              271.7162170410156250
1925.7096              271.6950683593750000
1925.7917              271.7328186035156250
1925.8767              272.4411315917968750
1925.9589              273.3141784667968750
1926.0438              274.0191955566406250
1926.1260              273.9070434570312500
1926.2054              273.5330505371093750
1926.2904              272.6860046386718750
1926.3726              271.7975158691406250
1926.4575              271.5102844238281250
1926.5397              271.6009826660156250
1926.6246              271.7014160156250000
1926.7096              271.7052001953125000
1926.7917              271.8395996093750000
1926.8767              272.5962524414062500
1926.9589              273.6020202636718750
1927.0438              274.2934875488281250
1927.1260              274.2893676757812500
1927.2054              273.8395385742187500
1927.2904              272.9203796386718750
1927.3726              271.9020080566406250
1927.4575              271.5302429199218750
1927.5397              271.7255554199218750
1927.6246              271.7227172851562500
1927.7096              271.7044677734375000
1927.7917              271.8234863281250000
1927.8767              272.6091308593750000
1927.9589              273.5859985351562500
1928.0437              274.2808837890625000
1928.1257              274.2802124023437500
1928.2076              274.0366210937500000
1928.2924              273.3668212890625000
1928.3743              272.3001403808593750
1928.4590              271.6833190917968750
1928.5410              271.6193237304687500
1928.6257              271.7265930175781250
1928.7103              271.7175598144531250
1928.7924              271.7425537109375000
1928.8771              272.3127746582031250
1928.9590              273.0731811523437500
1929.0438              273.7640991210937500
1929.1260              273.7399902343750000
1929.2054              273.3249206542968750
1929.2904              272.5034179687500000
1929.3726              271.6491699218750000
1929.4575              271.3635253906250000
1929.5397              271.6232604980468750
1929.6246              271.7260437011718750
1929.7096              271.7212219238281250
1929.7917              271.8828430175781250
1929.8767              272.5061950683593750
1929.9589              273.4037780761718750
1930.0438              273.9623107910156250
1930.1260              274.1223449707031250
1930.2054              273.7492370605468750
1930.2904              272.9927062988281250
1930.3726              272.0486755371093750
1930.4575              271.5657348632812500
1930.5397              271.7320251464843750
1930.6246              271.7097778320312500
1930.7096              271.7158508300781250
1930.7917              271.7491760253906250
1930.8767              272.3384399414062500
1930.9589              273.4131164550781250
1931.0438              274.1438598632812500
1931.1260              274.0950317382812500
1931.2054              273.7587890625000000
1931.2904              272.9300537109375000
1931.3726              272.1639099121093750
1931.4575              271.5585632324218750
1931.5397              271.7305908203125000
1931.6246              271.7067871093750000
1931.7096              271.7059631347656250
1931.7917              271.7617492675781250
1931.8767              272.3985290527343750
1931.9589              273.6043701171875000
1932.0437              274.2035217285156250
1932.1257              274.3988037109375000
1932.2076              273.7708435058593750
1932.2924              272.9220581054687500
1932.3743              272.0766906738281250
1932.4590              271.5638427734375000
1932.5410              271.7351074218750000
1932.6257              271.7210693359375000
1932.7103              271.7119445800781250
1932.7924              271.7964477539062500
1932.8771              272.2953491210937500
1932.9590              273.2535095214843750
1933.0438              274.0174560546875000
1933.1260              274.2792358398437500
1933.2054              273.8528137207031250
1933.2904              272.8670043945312500
1933.3726              271.9346008300781250
1933.4575              271.5840759277343750
1933.5397              271.7227172851562500
1933.6246              271.7070312500000000
1933.7096              271.7077636718750000
1933.7917              271.7733154296875000
1933.8767              272.4959411621093750
1933.9589              273.5481567382812500
1934.0438              274.3947143554687500
1934.1260              274.6345825195312500
1934.2054              274.0936279296875000
1934.2904              273.5021667480468750
1934.3726              272.3338317871093750
1934.4575              271.7076110839843750
1934.5397              271.7372741699218750
1934.6246              271.7202758789062500
1934.7096              271.7189941406250000
1934.7917              271.8056945800781250
1934.8767              272.5843505859375000
1934.9589              273.4027709960937500
1935.0438              274.2053222656250000
1935.1260              274.3834838867187500
1935.2054              273.9857482910156250
1935.2904              272.9741516113281250
1935.3726              272.0033569335937500
1935.4575              271.7165527343750000
1935.5397              271.6426391601562500
1935.6246              271.7431945800781250
1935.7096              271.7303466796875000
1935.7917              271.8486633300781250
1935.8767              272.5260009765625000
1935.9589              273.4298095703125000
1936.0437              274.1190490722656250
1936.1257              274.3186950683593750
1936.2076              273.7882385253906250
1936.2924              273.0744628906250000
1936.3743              272.0314025878906250
1936.4590              271.6144714355468750
1936.5410              271.7684020996093750
1936.6257              271.7553710937500000
1936.7103              271.7367858886718750
1936.7924              271.8218688964843750
1936.8771              272.5121765136718750
1936.9590              273.5271301269531250
1937.0438              274.2256164550781250
1937.1260              274.4172058105468750
1937.2054              274.0294494628906250
1937.2904              273.0895690917968750
1937.3726              272.1437683105468750
1937.4575              271.6783752441406250
1937.5397              271.6814880371093750
1937.6246              271.7511596679687500
1937.7096              271.7474975585937500
1937.7917              271.8360900878906250
1937.8767              272.6626586914062500
1937.9589              273.5584716796875000
1938.0438              274.3652954101562500
1938.1260              274.3524780273437500
1938.2054              273.8034362792968750
1938.2904              272.9790954589843750
1938.3726              272.2630310058593750
1938.4575              271.6463317871093750
1938.5397              271.6547546386718750
1938.6246              271.7504577636718750
1938.7096              271.7392883300781250
1938.7917              271.8896484375000000
1938.8767              272.5637207031250000
1938.9589              273.5824279785156250
1939.0438              274.4157409667968750
1939.1260              274.5084228515625000
1939.2054              274.0301818847656250
1939.2904              273.2658996582031250
1939.3726              272.4034729003906250
1939.4575              271.8310852050781250
1939.5397              271.6908264160156250
1939.6246              271.7582397460937500
1939.7096              271.7495117187500000
1939.7917              271.8436889648437500
1939.8767              272.4189453125000000
1939.9589              273.7533569335937500
1940.0437              274.3947143554687500
1940.1257              274.2969360351562500
1940.2076              273.8833618164062500
1940.2924              273.0336608886718750
1940.3743              272.3070678710937500
1940.4590              271.6871948242187500
1940.5410              271.4960021972656250
1940.6257              271.7596435546875000
1940.7103              271.7710571289062500
1940.7924              271.9061889648437500
1940.8771              272.4715270996093750
1940.9590              273.6491394042968750
1941.0438              274.1303710937500000
1941.1260              274.1724243164062500
1941.2054              273.7292785644531250
1941.2904              273.0709228515625000
1941.3726              271.9740295410156250
1941.4575              271.6427917480468750
1941.5397              271.7754821777343750
1941.6246              271.7612915039062500
1941.7096              271.7678222656250000
1941.7917              271.9679260253906250
1941.8767              272.6333007812500000
1941.9589              273.6096496582031250
1942.0438              274.2256774902343750
1942.1260              274.6040039062500000
1942.2054              274.2442321777343750
1942.2904              273.7075500488281250
1942.3726              272.6622924804687500
1942.4575              271.7912902832031250
1942.5397              271.7117004394531250
1942.6246              271.7735900878906250
1942.7096              271.7679748535156250
1942.7917              271.8980407714843750
1942.8767              272.5388793945312500
1942.9589              273.5966491699218750
1943.0438              274.1549987792968750
1943.1260              274.1825866699218750
1943.2054              273.8414001464843750
1943.2904              272.8827209472656250
1943.3726              272.1688537597656250
1943.4575              271.6975708007812500
1943.5397              271.7886962890625000
1943.6246              271.7705688476562500
1943.7096              271.7650451660156250
1943.7917              271.8029174804687500
1943.8767              272.5251159667968750
1943.9589              273.3126831054687500
1944.0437              274.1434936523437500
1944.1257              274.3891296386718750
1944.2076              273.9945373535156250
1944.2924              273.2496032714843750
1944.3743              272.2987365722656250
1944.4590              271.6425170898437500
1944.5410              271.7813720703125000
1944.6257              271.7687988281250000
1944.7103              271.7536315917968750
1944.7924              271.9158325195312500
1944.8771              272.6103820800781250
1944.9590              273.8459472656250000
1945.0438              274.3609313964843750
1945.1260              274.3469238281250000
1945.2054              273.8346862792968750
1945.2904              273.0391235351562500
1945.3726              271.9840393066406250
1945.4575              271.6410217285156250
1945.5397              271.7690734863281250
1945.6246              271.7296752929687500
1945.7096              271.7404479980468750
1945.7917              271.7803344726562500
1945.8767              272.4465332031250000
1945.9589              273.2575378417968750
1946.0438              274.1206665039062500
1946.1260              274.2355957031250000
1946.2054              273.8969421386718750
1946.2904              272.9605712890625000
1946.3726              272.1396179199218750
1946.4575              271.7109375000000000
1946.5397              271.6916809082031250
1946.6246              271.7521362304687500
1946.7096              271.7547912597656250
1946.7917              271.8218078613281250
1946.8767              272.5043029785156250
1946.9589              273.6426391601562500
1947.0438              274.5132141113281250
1947.1260              274.5181884765625000
1947.2054              274.0694580078125000
1947.2904              273.3169555664062500
1947.3726              272.2255859375000000
1947.4575              271.6071166992187500
1947.5397              271.7749328613281250
1947.6246              271.7594909667968750
1947.7096              271.7408447265625000
1947.7917              271.9024658203125000
1947.8767              272.5526733398437500
1947.9589              273.4963073730468750
1948.0437              274.0453186035156250
1948.1257              274.1408081054687500
1948.2076              273.7104797363281250
1948.2924              273.0220947265625000
1948.3743              272.2079467773437500
1948.4590              271.5846252441406250
1948.5410              271.7728576660156250
1948.6257              271.7512512207031250
1948.7103              271.7414855957031250
1948.7924              271.7812194824218750
1948.8771              272.5505065917968750
1948.9590              273.5652770996093750
1949.0438              274.2122802734375000
1949.1260              274.2191467285156250
1949.2054              273.5631103515625000
1949.2904              272.9477844238281250
1949.3726              272.2200622558593750
1949.4575              271.6387023925781250
1949.5397              271.7649841308593750
1949.6246              271.7420959472656250
1949.7096              271.7469787597656250
1949.7917              271.8206481933593750
1949.8767              272.4267883300781250
1949.9589              273.6399536132812500
1950.0438              274.1543579101562500
1950.1260              274.0254211425781250
1950.2054              273.5858459472656250
1950.2904              272.8802795410156250
1950.3726              272.2291564941406250
1950.4575              271.7160644531250000
1950.5397              271.7641906738281250
1950.6246              271.7479553222656250
1950.7096              271.7333984375000000
1950.7917              271.7993164062500000
1950.8767              272.5103149414062500
1950.9589              273.5183715820312500
1951.0438              274.1687011718750000
1951.1260              274.4122924804687500
1951.2054              274.0306701660156250
1951.2904              273.5120849609375000
1951.3726              272.4893493652343750
1951.4575              271.7991333007812500
1951.5397              271.4915161132812500
1951.6246              271.7739257812500000
1951.7096              271.7677917480468750
1951.7917              271.8300476074218750
1951.8767              272.3951721191406250
1951.9589              273.6102905273437500
1952.0437              274.2316589355468750
1952.1257              274.1538391113281250
1952.2076              273.7488098144531250
1952.2924              273.0255737304687500
1952.3743              272.0442199707031250
1952.4590              271.5773315429687500
1952.5410              271.6990356445312500
1952.6257              271.7839355468750000
1952.7103              271.7882995605468750
1952.7924              271.9144287109375000
1952.8771              272.6222534179687500
1952.9590              273.6358032226562500
1953.0438              274.2386779785156250
1953.1260              274.2394714355468750
1953.2054              273.6577148437500000
1953.2904              272.8142089843750000
1953.3726              271.9486083984375000
1953.4575              271.5695800781250000
1953.5397              271.7970886230468750
1953.6246              271.7852172851562500
1953.7096              271.7861022949218750
1953.7917              271.9742126464843750
1953.8767              272.6602783203125000
1953.9589              273.7996215820312500
1954.0438              274.6195068359375000
1954.1260              274.9305114746093750
1954.2054              274.4099731445312500
1954.2904              273.4701232910156250
1954.3726              272.2485351562500000
1954.4575              271.7089233398437500
1954.5397              271.8025207519531250
1954.6246              271.7694702148437500
1954.7096              271.7655334472656250
1954.7917              271.8432312011718750
1954.8767              272.5054626464843750
1954.9589              273.6953430175781250
1955.0438              274.3738708496093750
1955.1260              274.3685302734375000
1955.2054              273.9370117187500000
1955.2904              273.2615966796875000
1955.3726              272.2492065429687500
1955.4575              271.7262268066406250
1955.5397              271.5625305175781250
1955.6246              271.7940979003906250
1955.7096              271.7907409667968750
1955.7917              272.0148620605468750
1955.8767              272.6679687500000000
1955.9589              273.3521728515625000
1956.0437              273.9916687011718750
1956.1257              274.1344909667968750
1956.2076              273.6967468261718750
1956.2924              273.0629882812500000
1956.3743              272.1723632812500000
1956.4590              271.7455444335937500
1956.5410              271.7420043945312500
1956.6257              271.8037109375000000
1956.7103              271.7989807128906250
1956.7924              271.8725585937500000
1956.8771              272.6881408691406250
1956.9590              273.6596374511718750
1957.0438              274.3270263671875000
1957.1260              274.4064331054687500
1957.2054              273.9617004394531250
1957.2904              273.1281127929687500
1957.3726              272.2301330566406250
1957.4575              271.6444091796875000
1957.5397              271.8218688964843750
1957.6246              271.8059387207031250
1957.7096              271.8038330078125000
1957.7917              271.9551696777343750
1957.8767              272.7160339355468750
1957.9589              273.8406372070312500
1958.0438              274.4095153808593750
1958.1260              274.5736999511718750
1958.2054              273.8623046875000000
1958.2904              273.0406799316406250
1958.3726              272.0647888183593750
1958.4575              271.7371826171875000
1958.5397              271.7299194335937500
1958.6246              271.7999877929687500
1958.7096              271.8108520507812500
1958.7917              271.9213256835937500
1958.8767              272.7920532226562500
1958.9589              273.5596923828125000
1959.0438              274.3964843750000000
1959.1260              274.5409851074218750
1959.2054              274.1361999511718750
1959.2904              273.3074035644531250
1959.3726              272.4678344726562500
1959.4575              271.6618957519531250
1959.5397              271.8088684082031250
1959.6246              271.8001708984375000
1959.7096              271.8061523437500000
1959.7917              271.8768615722656250
1959.8767              272.6230163574218750
1959.9589              273.6838684082031250
1960.0437              274.3093872070312500
1960.1257              274.2584228515625000
1960.2076              273.7529296875000000
1960.2924              273.0243835449218750
1960.3743              272.1748352050781250
1960.4590              271.6579589843750000
1960.5410              271.7338867187500000
1960.6257              271.8109130859375000
1960.7103              271.8020324707031250
1960.7924              271.9375305175781250
1960.8771              272.6340942382812500
1960.9590              273.5685424804687500
1961.0438              274.2702941894531250
1961.1260              274.4686279296875000
1961.2054              274.0750427246093750
1961.2904              273.1839904785156250
1961.3726              272.0860900878906250
1961.4575              271.6373901367187500
1961.5397              271.8175964355468750
1961.6246              271.7961120605468750
1961.7096              271.7906799316406250
1961.7917              271.8990173339843750
1961.8767              272.5601501464843750
1961.9589              273.5268859863281250
1962.0438              274.3097534179687500
1962.1260              274.3453369140625000
1962.2054              273.8376464843750000
1962.2904              272.9932861328125000
1962.3726              272.0289306640625000
1962.4575              271.7335510253906250
1962.5397              271.8043518066406250
1962.6246              271.7799987792968750
1962.7096              271.7693481445312500
1962.7917              271.9884338378906250
1962.8767              272.6124267578125000
1962.9589              273.3751831054687500
1963.0438              273.8552551269531250
1963.1260              273.6855773925781250
1963.2054              273.3448791503906250
1963.2904              272.5900268554687500
1963.3726              271.8950195312500000
1963.4575              271.5188598632812500
1963.5397              271.7862548828125000
1963.6246              271.7652893066406250
1963.7096              271.7615051269531250
1963.7917              271.8451232910156250
1963.8767              272.5311889648437500
1963.9589              273.6766052246093750
1964.0437              274.4344177246093750
1964.1257              274.6643371582031250
1964.2076              273.9949951171875000
1964.2924              273.0702209472656250
1964.3743              272.2835693359375000
1964.4590              271.5394592285156250
1964.5410              271.8004760742187500
1964.6257              271.7812500000000000
1964.7103              271.7808227539062500
1964.7924              271.9426879882812500
1964.8771              272.6896972656250000
1964.9590              273.5658264160156250
1965.0438              274.2303466796875000
1965.1260              274.4247131347656250
1965.2054              273.9992675781250000
1965.2904              273.1000366210937500
1965.3726              272.3584899902343750
1965.4575              271.7862854003906250
1965.5397              271.6915893554687500
1965.6246              271.8002319335937500
1965.7096              271.8127441406250000
1965.7917              271.8533935546875000
1965.8767              272.5314331054687500
1965.9589              273.3694152832031250
1966.0438              273.9505310058593750
1966.1260              274.2374877929687500
1966.2054              274.0102233886718750
1966.2904              273.2996215820312500
1966.3726              272.1056518554687500
1966.4575              271.7524414062500000
1966.5397              271.7125549316406250
1966.6246              271.7842407226562500
1966.7096              271.7862548828125000
1966.7917              271.9243774414062500
1966.8767              272.5124511718750000
1966.9589              273.6322631835937500
1967.0438              274.3055114746093750
1967.1260              274.2687072753906250
1967.2054              273.7969360351562500
1967.2904              272.9236450195312500
1967.3726              271.9051818847656250
1967.4575              271.7590942382812500
1967.5397              271.8025817871093750
1967.6246              271.7928466796875000
1967.7096              271.7790527343750000
1967.7917              271.8948059082031250
1967.8767              272.6611938476562500
1967.9589              273.8032531738281250
1968.0437              274.3947753906250000
1968.1257              274.6130371093750000
1968.2076              274.1838989257812500
1968.2924              273.3009643554687500
1968.3743              272.3064880371093750
1968.4590              271.6822509765625000
1968.5410              271.7550964355468750
1968.6257              271.8013305664062500
1968.7103              271.7832336425781250
1968.7924              271.9604492187500000
1968.8771              272.6662292480468750
1968.9590              273.7268981933593750
1969.0438              274.3518371582031250
1969.1260              274.5836791992187500
1969.2054              274.1516723632812500
1969.2904              273.2685852050781250
1969.3726              272.4569396972656250
1969.4575              271.8282165527343750
1969.5397              271.7279052734375000
1969.6246              271.8083190917968750
1969.7096              271.8048095703125000
1969.7917              271.9099426269531250
1969.8767              272.5998535156250000
1969.9589              273.5416870117187500
1970.0438              274.1837158203125000
1970.1260              274.3185119628906250
1970.2054              273.6997985839843750
1970.2904              272.8686828613281250
1970.3726              271.9419860839843750
1970.4575              271.7220153808593750
1970.5397              271.7855529785156250
1970.6246              271.7902832031250000
1970.7096              271.7801513671875000
1970.7917              271.8662109375000000
1970.8767              272.5774841308593750
1970.9589              273.4878540039062500
1971.0438              274.3519897460937500
1971.1260              274.6813964843750000
1971.2054              274.1733093261718750
1971.2904              273.1754760742187500
1971.3726              272.2493286132812500
1971.4575              271.6181945800781250
1971.5397              271.8016662597656250
1971.6246              271.7893371582031250
1971.7096              271.7922058105468750
1971.7917              271.9084777832031250
1971.8767              272.5900573730468750
1971.9589              273.6289367675781250
1972.0437              274.2627258300781250
1972.1257              274.2617492675781250
1972.2076              273.8344726562500000
1972.2924              273.0368347167968750
1972.3743              272.3246459960937500
1972.4590              271.7546691894531250
1972.5410              271.7207336425781250
1972.6257              271.7815246582031250
1972.7103              271.7813415527343750
1972.7924              271.8920593261718750
1972.8771              272.6027526855468750
1972.9590              273.6085205078125000
1973.0438              274.1230773925781250
1973.1260              274.3008728027343750
1973.2054              273.8784484863281250
1973.2904              273.0972900390625000
1973.3726              272.2388000488281250
1973.4575              271.7589721679687500
1973.5397              271.7993469238281250
1973.6246              271.7815246582031250
1973.7096              271.7848815917968750
1973.7917              271.9402465820312500
1973.8767              272.6293334960937500
1973.9589              273.8962402343750000
1974.0438              274.4923706054687500
1974.1260              274.5240478515625000
1974.2054              274.0914611816406250
1974.2904              273.4764099121093750
1974.3726              272.4521484375000000
1974.4575              271.7429199218750000
1974.5397              271.7289428710937500
1974.6246              271.7931213378906250
1974.7096              271.7912292480468750
1974.7917              271.8914489746093750
1974.8767              272.5945434570312500
1974.9589              273.4902648925781250
1975.0438              274.3004760742187500
1975.1260              274.4484558105468750
1975.2054              274.0368957519531250
1975.2904              273.2914428710937500
1975.3726              272.5038452148437500
1975.4575              271.6310729980468750
1975.5397              271.8188171386718750
1975.6246              271.8071289062500000
1975.7096              271.8226013183593750
1975.7917              271.9586791992187500
1975.8767              272.7720947265625000
1975.9589              273.9359741210937500
1976.0437              274.6282653808593750
1976.1257              274.6121520996093750
1976.2076              273.9899291992187500
1976.2924              273.0938720703125000
1976.3743              272.4420471191406250
1976.4590              271.6982727050781250
1976.5410              271.8118286132812500
1976.6257              271.7858886718750000
1976.7103              271.7831420898437500
1976.7924              271.8702697753906250
1976.8771              272.6784057617187500
1976.9590              273.4045410156250000
1977.0438              274.1034240722656250
1977.1260              274.1316223144531250
1977.2054              273.8705444335937500
1977.2904              273.1150207519531250
1977.3726              272.2326049804687500
1977.4575              271.5901184082031250
1977.5397              271.8041381835937500
1977.6246              271.7936096191406250
1977.7096              271.7886657714843750
1977.7917              271.7962341308593750
1977.8767              272.7472839355468750
1977.9589              273.7589721679687500
1978.0438              274.3260498046875000
1978.1260              274.2845458984375000
1978.2054              274.0279235839843750
1978.2904              273.2377624511718750
1978.3726              272.1474914550781250
1978.4575              271.6561584472656250
1978.5397              271.7492675781250000
1978.6246              271.8115539550781250
1978.7096              271.8052062988281250
1978.7917              271.9755554199218750
1978.8767              272.6597900390625000
1978.9589              273.8104858398437500
1979.0438              274.4760437011718750
1979.1260              274.6025085449218750
1979.2054              273.9688720703125000
1979.2904              273.0513000488281250
1979.3726              272.2756347656250000
1979.4575              271.8141479492187500
1979.5397              271.7200012207031250
1979.6246              271.8102416992187500
1979.7096              271.8130187988281250
1979.7917              271.8761596679687500
1979.8767              272.5664367675781250
1979.9589              273.6648254394531250
1980.0437              274.4437255859375000
1980.1257              274.6915893554687500
1980.2076              273.8703308105468750
1980.2924              273.0339050292968750
1980.3743              272.3317871093750000
1980.4590              271.6599121093750000
1980.5410              271.8110656738281250
1980.6257              271.7891845703125000
1980.7103              271.7877807617187500
1980.7924              271.8436584472656250
1980.8771              272.5483093261718750
1980.9590              273.5758056640625000
1981.0438              274.2947082519531250
1981.1260              274.5507812500000000
1981.2054              274.0852661132812500
1981.2904              273.4688720703125000
1981.3726              272.5149230957031250
1981.4575              271.9061279296875000
1981.5397              271.7319030761718750
1981.6246              271.7964782714843750
1981.7096              271.7877197265625000
1981.7917              271.9376525878906250
1981.8767              272.5647277832031250
1981.9589              273.5766601562500000
1982.0438              274.0732116699218750
1982.1260              274.1067504882812500
1982.2054              273.6845092773437500
1982.2904              272.8045349121093750
1982.3726              271.9354248046875000
1982.4575              271.7311706542968750
1982.5397              271.8008728027343750
1982.6246              271.7839965820312500
1982.7096              271.7790832519531250
1982.7917              271.8246459960937500
1982.8767              272.4566040039062500
1982.9589              273.3362121582031250
1983.0438              274.0878601074218750
1983.1260              274.0870666503906250
1983.2054              273.7641296386718750
1983.2904              273.1419677734375000
1983.3726              272.2591857910156250
1983.4575              271.5419006347656250
1983.5397              271.7976684570312500
1983.6246              271.7851562500000000
1983.7096              271.7867736816406250
1983.7917              271.8471069335937500
1983.8767              272.6314697265625000
1983.9589              273.4529418945312500
1984.0437              274.1506347656250000
1984.1257              274.2542114257812500
1984.2076              273.9659118652343750
1984.2924              273.2464904785156250
1984.3743              272.1507568359375000
1984.4590              271.6659545898437500
1984.5410              271.8055419921875000
1984.6257              271.7876586914062500
1984.7103              271.7965087890625000
1984.7924              271.9564514160156250
1984.8771              272.6849365234375000
1984.9590              273.7225952148437500
1985.0438              274.5454101562500000
1985.1260              274.6145019531250000
1985.2054              273.9720764160156250
1985.2904              273.1595458984375000
1985.3726              272.2158508300781250
1985.4575              271.7545471191406250
1985.5397              271.7275695800781250
1985.6246              271.8193359375000000
1985.7096              271.8155517578125000
1985.7917              271.9316101074218750
1985.8767              272.7759399414062500
1985.9589              273.8511657714843750
1986.0438              274.4096374511718750
1986.1260              274.5150451660156250
1986.2054              274.1719970703125000
1986.2904              273.0778808593750000
1986.3726              272.2958068847656250
1986.4575              271.7937011718750000
1986.5397              271.8419189453125000
1986.6246              271.8213806152343750
1986.7096              271.8211059570312500
1986.7917              271.8840332031250000
1986.8767              272.5656127929687500
1986.9589              273.6109924316406250
1987.0438              274.5019836425781250
1987.1260              274.5239257812500000
1987.2054              274.2113342285156250
1987.2904              273.4181213378906250
1987.3726              272.4082641601562500
1987.4575              271.8961486816406250
1987.5397              271.7722167968750000
1987.6246              271.8267822265625000
1987.7096              271.8271179199218750
1987.7917              271.9121093750000000
1987.8767              272.5686950683593750
1987.9589              273.5570678710937500
1988.0437              274.1771240234375000
1988.1257              274.3445434570312500
1988.2076              274.0222473144531250
1988.2924              273.2016906738281250
1988.3743              272.4770812988281250
1988.4590              271.7843933105468750
1988.5410              271.7239990234375000
1988.6257              271.8434143066406250
1988.7103              271.8450012207031250
1988.7924              272.0310668945312500
1988.8771              272.6951904296875000
1988.9590              273.8608703613281250
1989.0438              274.3668212890625000
1989.1260              274.5048522949218750
1989.2054              274.3107299804687500
1989.2904              273.2793579101562500
1989.3726              272.2749023437500000
1989.4575              271.7254333496093750
1989.5397              271.7449035644531250
1989.6246              271.8598632812500000
1989.7096              271.8564758300781250
1989.7917              271.9635925292968750
1989.8767              272.6350402832031250
1989.9589              273.7477111816406250
1990.0438              274.4088745117187500
1990.1260              274.2760009765625000
1990.2054              273.8898315429687500
1990.2904              273.2064514160156250
1990.3726              272.5097656250000000
1990.4575              271.7248535156250000
1990.5397              271.7457580566406250
1990.6246              271.8578796386718750
1990.7096              271.8573303222656250
1990.7917              272.0108337402343750
1990.8767              272.7518615722656250
1990.9589              273.8277587890625000
1991.0438              274.4370117187500000
1991.1260              274.3893432617187500
1991.2054              273.9211730957031250
1991.2904              273.4343872070312500
1991.3726              272.4432067871093750
1991.4575              271.6917419433593750
1991.5397              271.8782958984375000
1991.6246              271.8565063476562500
1991.7096              271.8579711914062500
1991.7917              271.9703369140625000
1991.8767              272.6069641113281250
1991.9589              273.7272033691406250
1992.0437              274.3193969726562500
1992.1257              274.4526367187500000
1992.2076              274.0064086914062500
1992.2924              273.2852172851562500
1992.3743              272.3194274902343750
1992.4590              271.7268981933593750
1992.5410              271.8052368164062500
1992.6257              271.8652954101562500
1992.7103              271.8635253906250000
1992.7924              271.8854064941406250
1992.8771              272.5992126464843750
1992.9590              273.4987182617187500
1993.0438              274.2281188964843750
1993.1260              274.2720031738281250
1993.2054              273.7693176269531250
1993.2904              272.7463378906250000
1993.3726              272.0538330078125000
1993.4575              271.6565551757812500
1993.5397              271.8815612792968750
1993.6246              271.8556213378906250
1993.7096              271.8475341796875000
1993.7917              271.9276123046875000
1993.8767              272.6429443359375000
1993.9589              273.5713806152343750
1994.0438              274.1106567382812500
1994.1260              274.1568603515625000
1994.2054              273.8898010253906250
1994.2904              273.2359008789062500
1994.3726              272.4766235351562500
1994.4575              271.7330932617187500
1994.5397              271.8858337402343750
1994.6246              271.8704833984375000
1994.7096              271.8686828613281250
1994.7917              271.9360351562500000
1994.8767              272.7562561035156250
1994.9589              273.7652893066406250
1995.0438              274.4970703125000000
1995.1260              274.4971008300781250
1995.2054              274.2109985351562500
1995.2904              273.5099792480468750
1995.3726              272.5781555175781250
1995.4575              271.9034423828125000
1995.5397              271.6298828125000000
1995.6246              271.8005065917968750
1995.7096              271.8955688476562500
1995.7917              271.9204101562500000
1995.8767              272.6925354003906250
1995.9589              273.8029785156250000
1996.0437              274.4923400878906250
1996.1257              274.5098266601562500
1996.2076              273.8500061035156250
1996.2924              273.2609863281250000
1996.3743              272.4230651855468750
1996.4590              271.7687988281250000
1996.5410              271.4948120117187500
1996.6257              271.7804565429687500
1996.7103              271.8214111328125000
1996.7924              271.8895263671875000
1996.8771              272.6071472167968750
1996.9590              273.6574401855468750
1997.0438              274.3526611328125000
1997.1260              274.6154174804687500
1997.2054              274.0075683593750000
1997.2904              273.2819824218750000
1997.3726              272.1501159667968750
1997.4575              271.7068481445312500
1997.5397              271.9086608886718750
1997.6246              271.8988037109375000
1997.7096              271.9011230468750000
1997.7917              272.0931701660156250
1997.8767              272.8785400390625000
1997.9589              273.7107543945312500
1998.0438              274.3151245117187500
1998.1260              274.3156433105468750
1998.2054              273.9504089355468750
1998.2904              273.0911865234375000
1998.3726              272.2279052734375000
1998.4575              271.7205200195312500
1998.5397              271.9124145507812500
1998.6246              271.9015502929687500
1998.7096              271.8964538574218750
1998.7917              271.9915771484375000
1998.8767              272.6381835937500000
1998.9589              273.6922912597656250
1999.0438              274.4130249023437500
1999.1260              274.6525878906250000
1999.2054              274.3083801269531250
1999.2904              273.2268371582031250
1999.3726              272.1149291992187500
1999.4575              271.8221435546875000
1999.5397              271.8414611816406250
1999.6246              271.8857116699218750
1999.7096              271.8815307617187500
1999.7917              271.9721374511718750
1999.8767              272.6702575683593750
1999.9589              273.8391723632812500
