1880.0437              272.5452575683593750
1880.1257              272.6815490722656250
1880.2076              272.2982788085937500
1880.2924              271.6415405273437500
1880.3743              271.3221130371093750
1880.4590              271.2907714843750000
1880.5410              271.2936401367187500
1880.6257              271.2937622070312500
1880.7103              271.2970581054687500
1880.7924              271.3106384277343750
1880.8771              271.3356933593750000
1880.9590              271.7049865722656250
1881.0438              272.4852294921875000
1881.1260              272.8969116210937500
1881.2054              272.6415710449218750
1881.2904              271.8768005371093750
1881.3726              271.3634948730468750
1881.4575              271.2865600585937500
1881.5397              271.2854003906250000
1881.6246              271.2967529296875000
1881.7096              271.3114929199218750
1881.7917              271.3201904296875000
1881.8767              271.3612976074218750
1881.9589              271.6216125488281250
1882.0438              272.3469848632812500
1882.1260              272.8319091796875000
1882.2054              272.7131042480468750
1882.2904              271.9075622558593750
1882.3726              271.3083496093750000
1882.4575              271.2883911132812500
1882.5397              271.2893981933593750
1882.6246              271.3162536621093750
1882.7096              271.3122558593750000
1882.7917              271.3164062500000000
1882.8767              271.3231506347656250
1882.9589              271.5254211425781250
1883.0438              272.3125305175781250
1883.1260              272.7297363281250000
1883.2054              272.4785766601562500
1883.2904              271.7945251464843750
1883.3726              271.3002624511718750
1883.4575              271.2905273437500000
1883.5397              271.2892456054687500
1883.6246              271.2870788574218750
1883.7096              271.3132019042968750
1883.7917              271.3267211914062500
1883.8767              271.3259277343750000
1883.9589              271.5362548828125000
1884.0437              272.3734130859375000
1884.1257              272.7030029296875000
1884.2076              272.4945373535156250
1884.2924              271.6719970703125000
1884.3743              271.3038330078125000
1884.4590              271.2867431640625000
1884.5410              271.2919006347656250
1884.6257              271.3190307617187500
1884.7103              271.3082275390625000
1884.7924              271.3232421875000000
1884.8771              271.3432922363281250
1884.9590              271.8413085937500000
1885.0438              272.7330627441406250
1885.1260              273.0859680175781250
1885.2054              272.5005493164062500
1885.2904              271.9128112792968750
1885.3726              271.3181762695312500
1885.4575              271.2847595214843750
1885.5397              271.2868652343750000
1885.6246              271.2967529296875000
1885.7096              271.3117675781250000
1885.7917              271.3236083984375000
1885.8767              271.3595886230468750
1885.9589              272.0864868164062500
1886.0438              272.9977722167968750
1886.1260              273.4433288574218750
1886.2054              273.0340270996093750
1886.2904              272.3542480468750000
1886.3726              271.6820068359375000
1886.4575              271.2895202636718750
1886.5397              271.2847595214843750
1886.6246              271.2876892089843750
1886.7096              271.2995910644531250
1886.7917              271.3194274902343750
1886.8767              271.3689270019531250
1886.9589              271.8220825195312500
1887.0438              272.9120483398437500
1887.1260              273.0997009277343750
1887.2054              272.8343811035156250
1887.2904              272.1387023925781250
1887.3726              271.4379272460937500
1887.4575              271.2892456054687500
1887.5397              271.2842102050781250
1887.6246              271.2922363281250000
1887.7096              271.3201904296875000
1887.7917              271.3240356445312500
1887.8767              271.3410339355468750
1887.9589              271.7433471679687500
1888.0437              272.5957031250000000
1888.1257              272.7469482421875000
1888.2076              272.5515441894531250
1888.2924              271.8000793457031250
1888.3743              271.3204956054687500
1888.4590              271.2910766601562500
1888.5410              271.2883911132812500
1888.6257              271.2852478027343750
1888.7103              271.2970581054687500
1888.7924              271.3041687011718750
1888.8771              271.3887023925781250
1888.9590              272.1789550781250000
1889.0438              272.8412780761718750
1889.1260              272.8885803222656250
1889.2054              272.5890808105468750
1889.2904              271.8810424804687500
1889.3726              271.3022155761718750
1889.4575              271.2946472167968750
1889.5397              271.3061828613281250
1889.6246              271.3206481933593750
1889.7096              271.3708496093750000
1889.7917              271.3532104492187500
1889.8767              271.3489990234375000
1889.9589              271.8013000488281250
1890.0438              272.6359558105468750
1890.1260              272.8479919433593750
1890.2054              272.5838317871093750
1890.2904              271.7409973144531250
1890.3726              271.2999572753906250
1890.4575              271.2840576171875000
1890.5397              271.2983398437500000
1890.6246              271.3117065429687500
1890.7096              271.3288574218750000
1890.7917              271.3309936523437500
1890.8767              271.3948974609375000
1890.9589              271.8267211914062500
1891.0438              272.7107849121093750
1891.1260              272.8851013183593750
1891.2054              272.5848693847656250
1891.2904              271.9682617187500000
1891.3726              271.3258666992187500
1891.4575              271.2925415039062500
1891.5397              271.2862243652343750
1891.6246              271.2844543457031250
1891.7096              271.2858886718750000
1891.7917              271.2999267578125000
1891.8767              271.3607482910156250
1891.9589              271.7392578125000000
1892.0437              272.7295837402343750
1892.1257              272.9714965820312500
1892.2076              272.7487792968750000
1892.2924              272.0627136230468750
1892.3743              271.3734741210937500
1892.4590              271.2884521484375000
1892.5410              271.2843322753906250
1892.6257              271.2953186035156250
1892.7103              271.2983398437500000
1892.7924              271.3058471679687500
1892.8771              271.3442993164062500
1892.9590              271.8153991699218750
1893.0438              272.5985412597656250
1893.1260              272.9017944335937500
1893.2054              272.4208679199218750
1893.2904              271.7081298828125000
1893.3726              271.2950134277343750
1893.4575              271.2839965820312500
1893.5397              271.2881469726562500
1893.6246              271.2997741699218750
1893.7096              271.3131408691406250
1893.7917              271.3473510742187500
1893.8767              271.4680480957031250
1893.9589              271.8840637207031250
1894.0438              272.9301452636718750
1894.1260              273.0805664062500000
1894.2054              272.7351989746093750
1894.2904              272.1809387207031250
1894.3726              271.5245361328125000
1894.4575              271.3009643554687500
1894.5397              271.2831726074218750
1894.6246              271.2905273437500000
1894.7096              271.3202209472656250
1894.7917              271.3092956542968750
1894.8767              271.3626708984375000
1894.9589              271.6977844238281250
1895.0438              272.6348571777343750
1895.1260              272.8103332519531250
1895.2054              272.5336608886718750
1895.2904              271.9130859375000000
1895.3726              271.3337402343750000
1895.4575              271.2880859375000000
1895.5397              271.2845764160156250
1895.6246              271.2852478027343750
1895.7096              271.2936096191406250
1895.7917              271.3183898925781250
1895.8767              271.3667297363281250
1895.9589              271.8492431640625000
1896.0437              272.7667236328125000
1896.1257              273.1284179687500000
1896.2076              272.6763916015625000
1896.2924              272.1623535156250000
1896.3743              271.4295349121093750
1896.4590              271.2981262207031250
1896.5410              271.2901000976562500
1896.6257              271.2898559570312500
1896.7103              271.2873840332031250
1896.7924              271.3071899414062500
1896.8771              271.3363952636718750
1896.9590              271.6685791015625000
1897.0438              272.5425720214843750
1897.1260              272.9946899414062500
1897.2054              272.6031799316406250
1897.2904              272.0237426757812500
1897.3726              271.3949279785156250
1897.4575              271.2960510253906250
1897.5397              271.2878112792968750
1897.6246              271.2877502441406250
1897.7096              271.3131713867187500
1897.7917              271.3162841796875000
1897.8767              271.3387451171875000
1897.9589              271.8888244628906250
1898.0438              272.8766479492187500
1898.1260              273.2136840820312500
1898.2054              272.6249389648437500
1898.2904              271.9992370605468750
1898.3726              271.3565368652343750
1898.4575              271.2913818359375000
1898.5397              271.2861633300781250
1898.6246              271.2936096191406250
1898.7096              271.3009338378906250
1898.7917              271.3010559082031250
1898.8767              271.3671569824218750
1898.9589              272.0645751953125000
1899.0438              272.8705139160156250
1899.1260              273.2202758789062500
1899.2054              272.7806701660156250
1899.2904              272.0601196289062500
1899.3726              271.4166259765625000
1899.4575              271.2874450683593750
1899.5397              271.2884521484375000
1899.6246              271.2993774414062500
1899.7096              271.3045654296875000
1899.7917              271.3182678222656250
1899.8767              271.3312072753906250
1899.9589              271.6858215332031250
1900.0438              272.6663513183593750
1900.1260              272.8464050292968750
1900.2054              272.6842041015625000
1900.2904              272.1034545898437500
1900.3726              271.3218688964843750
1900.4575              271.2838745117187500
1900.5397              271.2865600585937500
1900.6246              271.2907409667968750
1900.7096              271.2990417480468750
1900.7917              271.3203735351562500
1900.8767              271.3342590332031250
1900.9589              271.6397705078125000
1901.0438              272.6247863769531250
1901.1260              272.9862976074218750
1901.2054              272.6850891113281250
1901.2904              271.7303466796875000
1901.3726              271.2898559570312500
1901.4575              271.2854309082031250
1901.5397              271.2838439941406250
1901.6246              271.2918090820312500
1901.7096              271.2882995605468750
1901.7917              271.2954406738281250
1901.8767              271.3755493164062500
1901.9589              271.8580322265625000
1902.0438              272.6849975585937500
1902.1260              272.7287292480468750
1902.2054              272.4740905761718750
1902.2904              271.8765258789062500
1902.3726              271.3531799316406250
1902.4575              271.2871704101562500
1902.5397              271.2854614257812500
1902.6246              271.2917785644531250
1902.7096              271.2890625000000000
1902.7917              271.2954711914062500
1902.8767              271.4034423828125000
1902.9589              272.0984802246093750
1903.0438              272.9723205566406250
1903.1260              273.2043151855468750
1903.2054              272.8834533691406250
1903.2904              272.1419677734375000
1903.3726              271.3861694335937500
1903.4575              271.3016357421875000
1903.5397              271.2884216308593750
1903.6246              271.2859497070312500
1903.7096              271.2966918945312500
1903.7917              271.3147277832031250
1903.8767              271.3576049804687500
1903.9589              271.8375854492187500
1904.0437              272.7322998046875000
1904.1257              272.9374694824218750
1904.2076              272.5713500976562500
1904.2924              271.8496398925781250
1904.3743              271.3566284179687500
1904.4590              271.2893676757812500
1904.5410              271.3027343750000000
1904.6257              271.3275756835937500
1904.7103              271.3387451171875000
1904.7924              271.3497924804687500
1904.8771              271.3523559570312500
1904.9590              271.8358764648437500
1905.0438              272.6859436035156250
1905.1260              272.7384033203125000
1905.2054              272.5120849609375000
1905.2904              271.9811401367187500
1905.3726              271.3172607421875000
1905.4575              271.2920837402343750
1905.5397              271.2957153320312500
1905.6246              271.3200073242187500
1905.7096              271.3250427246093750
1905.7917              271.3395080566406250
1905.8767              271.3833007812500000
1905.9589              271.5928955078125000
1906.0438              272.5160217285156250
1906.1260              272.9098815917968750
1906.2054              272.7568359375000000
1906.2904              272.0874023437500000
1906.3726              271.4254455566406250
1906.4575              271.2929687500000000
1906.5397              271.2843322753906250
1906.6246              271.2825927734375000
1906.7096              271.2850036621093750
1906.7917              271.2944335937500000
1906.8767              271.3567810058593750
1906.9589              271.9144287109375000
1907.0438              272.6359558105468750
1907.1260              273.0727844238281250
1907.2054              272.9103393554687500
1907.2904              272.3715515136718750
1907.3726              271.4151000976562500
1907.4575              271.2904968261718750
1907.5397              271.2850646972656250
1907.6246              271.3008117675781250
1907.7096              271.3010253906250000
1907.7917              271.3087768554687500
1907.8767              271.3386230468750000
1907.9589              271.7637634277343750
1908.0437              272.5816650390625000
1908.1257              272.8685302734375000
1908.2076              272.4211120605468750
1908.2924              271.7467651367187500
1908.3743              271.3061218261718750
1908.4590              271.2994079589843750
1908.5410              271.3162841796875000
1908.6257              271.3988037109375000
1908.7103              271.4190368652343750
1908.7924              271.4025878906250000
1908.8771              271.4285278320312500
1908.9590              271.9478759765625000
1909.0438              272.6911315917968750
1909.1260              272.6671142578125000
1909.2054              272.4430236816406250
1909.2904              271.9089660644531250
1909.3726              271.3288269042968750
1909.4575              271.2886657714843750
1909.5397              271.2993469238281250
1909.6246              271.3126525878906250
1909.7096              271.3378906250000000
1909.7917              271.3483276367187500
1909.8767              271.3462524414062500
1909.9589              271.8081359863281250
1910.0438              273.0272521972656250
1910.1260              273.2409362792968750
1910.2054              272.7588195800781250
1910.2904              272.0844421386718750
1910.3726              271.3588867187500000
1910.4575              271.2885437011718750
1910.5397              271.2944641113281250
1910.6246              271.2930603027343750
1910.7096              271.3033447265625000
1910.7917              271.3100280761718750
1910.8767              271.3223571777343750
1910.9589              271.6507568359375000
1911.0438              272.4829406738281250
1911.1260              272.9092102050781250
1911.2054              272.5690307617187500
1911.2904              271.8296203613281250
1911.3726              271.3027648925781250
1911.4575              271.2835083007812500
1911.5397              271.2894592285156250
1911.6246              271.3055114746093750
1911.7096              271.2977294921875000
1911.7917              271.2977600097656250
1911.8767              271.3340148925781250
1911.9589              271.7265319824218750
1912.0437              272.8044738769531250
1912.1257              272.8932189941406250
1912.2076              272.7075195312500000
1912.2924              272.1464538574218750
1912.3743              271.4129638671875000
1912.4590              271.2879333496093750
1912.5410              271.2859497070312500
1912.6257              271.2910461425781250
1912.7103              271.3056945800781250
1912.7924              271.3184204101562500
1912.8771              271.3713989257812500
1912.9590              271.6000061035156250
1913.0438              272.4605712890625000
1913.1260              272.8038024902343750
1913.2054              272.4296875000000000
1913.2904              271.9530334472656250
1913.3726              271.4049072265625000
1913.4575              271.2867431640625000
1913.5397              271.2837829589843750
1913.6246              271.2936096191406250
1913.7096              271.3016357421875000
1913.7917              271.3144531250000000
1913.8767              271.3405456542968750
1913.9589              271.5531005859375000
1914.0438              272.3739318847656250
1914.1260              272.6654968261718750
1914.2054              272.4361267089843750
1914.2904              271.9623718261718750
1914.3726              271.3558959960937500
1914.4575              271.2931213378906250
1914.5397              271.2845153808593750
1914.6246              271.2892761230468750
1914.7096              271.2911682128906250
1914.7917              271.2976684570312500
1914.8767              271.3568115234375000
1914.9589              271.8999328613281250
1915.0438              272.9124755859375000
1915.1260              273.0918273925781250
1915.2054              272.6353454589843750
1915.2904              272.0805358886718750
1915.3726              271.3882141113281250
1915.4575              271.2869873046875000
1915.5397              271.2942504882812500
1915.6246              271.3258666992187500
1915.7096              271.3405456542968750
1915.7917              271.3439941406250000
1915.8767              271.4390258789062500
1915.9589              272.0182189941406250
1916.0437              272.8450317382812500
1916.1257              273.2508544921875000
1916.2076              273.0879516601562500
1916.2924              272.5275573730468750
1916.3743              271.6089782714843750
1916.4590              271.2908020019531250
1916.5410              271.2855834960937500
1916.6257              271.2910156250000000
1916.7103              271.3152770996093750
1916.7924              271.3195495605468750
1916.8771              271.3702392578125000
1916.9590              271.9609680175781250
1917.0438              272.8068847656250000
1917.1260              273.0840759277343750
1917.2054              272.9912414550781250
1917.2904              272.4845581054687500
1917.3726              271.6921081542968750
1917.4575              271.2903137207031250
1917.5397              271.2863769531250000
1917.6246              271.2853698730468750
1917.7096              271.2933959960937500
1917.7917              271.3005371093750000
1917.8767              271.4087524414062500
1917.9589              272.1101074218750000
1918.0438              273.0459594726562500
1918.1260              273.4115905761718750
1918.2054              273.1836853027343750
1918.2904              272.6340942382812500
1918.3726              271.8777770996093750
1918.4575              271.3071594238281250
1918.5397              271.2967834472656250
1918.6246              271.2946777343750000
1918.7096              271.2941589355468750
1918.7917              271.2961425781250000
1918.8767              271.3633728027343750
1918.9589              271.7744750976562500
1919.0438              272.7437133789062500
1919.1260              273.0343017578125000
1919.2054              272.7123718261718750
1919.2904              271.8684387207031250
1919.3726              271.3085021972656250
1919.4575              271.2916870117187500
1919.5397              271.2863159179687500
1919.6246              271.3004150390625000
1919.7096              271.2958068847656250
1919.7917              271.3064270019531250
1919.8767              271.3343200683593750
1919.9589              271.7650451660156250
1920.0437              272.7784729003906250
1920.1257              273.1317749023437500
1920.2076              272.8012084960937500
1920.2924              272.1312866210937500
1920.3743              271.4144897460937500
1920.4590              271.2890319824218750
1920.5410              271.2881469726562500
1920.6257              271.2950439453125000
1920.7103              271.3111267089843750
1920.7924              271.3478393554687500
1920.8771              271.3324279785156250
1920.9590              271.5181579589843750
1921.0438              272.4742736816406250
1921.1260              272.7917480468750000
1921.2054              272.4637756347656250
1921.2904              271.8507385253906250
1921.3726              271.3346862792968750
1921.4575              271.2865600585937500
1921.5397              271.2876281738281250
1921.6246              271.2882690429687500
1921.7096              271.3023376464843750
1921.7917              271.3239746093750000
1921.8767              271.3433532714843750
1921.9589              271.7494812011718750
1922.0438              272.6817321777343750
1922.1260              273.0836791992187500
1922.2054              272.7660522460937500
1922.2904              271.9342956542968750
1922.3726              271.4294433593750000
1922.4575              271.2905883789062500
1922.5397              271.2880554199218750
1922.6246              271.2926330566406250
1922.7096              271.2998962402343750
1922.7917              271.3042907714843750
1922.8767              271.4578552246093750
1922.9589              272.1708679199218750
1923.0438              272.8197326660156250
1923.1260              273.1298828125000000
1923.2054              272.8033752441406250
1923.2904              272.0945434570312500
1923.3726              271.4102478027343750
1923.4575              271.2930603027343750
1923.5397              271.2868652343750000
1923.6246              271.2914428710937500
1923.7096              271.3045043945312500
1923.7917              271.2989501953125000
1923.8767              271.3691711425781250
1923.9589              271.7602844238281250
1924.0437              272.6575012207031250
1924.1257              272.9828796386718750
1924.2076              272.4565124511718750
1924.2924              271.8834838867187500
1924.3743              271.3088684082031250
1924.4590              271.2914428710937500
1924.5410              271.2861633300781250
1924.6257              271.2854003906250000
1924.7103              271.3223876953125000
1924.7924              271.3149719238281250
1924.8771              271.3393249511718750
1924.9590              271.8869934082031250
1925.0438              272.7703247070312500
1925.1260              273.0431213378906250
1925.2054              272.7738952636718750
1925.2904              272.1525573730468750
1925.3726              271.3730468750000000
1925.4575              271.2901306152343750
1925.5397              271.2863769531250000
1925.6246              271.2990112304687500
1925.7096              271.3111572265625000
1925.7917              271.3335266113281250
1925.8767              271.4053344726562500
1925.9589              271.9213867187500000
1926.0438              272.7256469726562500
1926.1260              272.9794006347656250
1926.2054              272.8731079101562500
1926.2904              272.2603149414062500
1926.3726              271.3754577636718750
1926.4575              271.2946166992187500
1926.5397              271.2900390625000000
1926.6246              271.2910461425781250
1926.7096              271.2919311523437500
1926.7917              271.3041381835937500
1926.8767              271.3269653320312500
1926.9589              271.5852966308593750
1927.0438              272.4227905273437500
1927.1260              272.7098693847656250
1927.2054              272.5551147460937500
1927.2904              271.9145202636718750
1927.3726              271.3432922363281250
1927.4575              271.2902526855468750
1927.5397              271.2865600585937500
1927.6246              271.2951049804687500
1927.7096              271.2886657714843750
1927.7917              271.2977600097656250
1927.8767              271.4017333984375000
1927.9589              271.9308776855468750
1928.0437              272.5995788574218750
1928.1257              272.8667907714843750
1928.2076              272.5535278320312500
1928.2924              271.9328613281250000
1928.3743              271.3403930664062500
1928.4590              271.2934875488281250
1928.5410              271.2883300781250000
1928.6257              271.2968444824218750
1928.7103              271.3012390136718750
1928.7924              271.3013000488281250
1928.8771              271.3835754394531250
1928.9590              271.8299865722656250
1929.0438              272.9237976074218750
1929.1260              272.9348449707031250
1929.2054              272.5186462402343750
1929.2904              271.8587646484375000
1929.3726              271.3258972167968750
1929.4575              271.2900390625000000
1929.5397              271.2905578613281250
1929.6246              271.3067016601562500
1929.7096              271.3052062988281250
1929.7917              271.3399047851562500
1929.8767              271.4195556640625000
1929.9589              272.2365722656250000
1930.0438              273.0507202148437500
1930.1260              273.1496887207031250
1930.2054              272.7844543457031250
1930.2904              272.1976318359375000
1930.3726              271.4143371582031250
1930.4575              271.2895202636718750
1930.5397              271.2934570312500000
1930.6246              271.3135375976562500
1930.7096              271.3140563964843750
1930.7917              271.3220825195312500
1930.8767              271.3317260742187500
1930.9589              271.6033935546875000
1931.0438              272.5469970703125000
1931.1260              272.9573364257812500
1931.2054              272.6004638671875000
1931.2904              272.0347900390625000
1931.3726              271.3386535644531250
1931.4575              271.2885131835937500
1931.5397              271.2855529785156250
1931.6246              271.2886047363281250
1931.7096              271.2861328125000000
1931.7917              271.2952880859375000
1931.8767              271.3426513671875000
1931.9589              271.9710693359375000
1932.0437              272.8334350585937500
1932.1257              273.1213378906250000
1932.2076              272.7663574218750000
1932.2924              272.2388000488281250
1932.3743              271.5563049316406250
1932.4590              271.2967834472656250
1932.5410              271.2915649414062500
1932.6257              271.2899475097656250
1932.7103              271.3014221191406250
1932.7924              271.3259277343750000
1932.8771              271.3551940917968750
1932.9590              271.7868957519531250
1933.0438              272.7333679199218750
1933.1260              273.0177307128906250
1933.2054              272.7163085937500000
1933.2904              272.0360717773437500
1933.3726              271.3716125488281250
1933.4575              271.2915954589843750
1933.5397              271.2883605957031250
1933.6246              271.2901306152343750
1933.7096              271.3266906738281250
1933.7917              271.3247680664062500
1933.8767              271.3264770507812500
1933.9589              271.5022583007812500
1934.0438              272.3824462890625000
1934.1260              272.6175842285156250
1934.2054              272.4773864746093750
1934.2904              271.6404113769531250
1934.3726              271.2956848144531250
1934.4575              271.2877502441406250
1934.5397              271.2835388183593750
1934.6246              271.2981567382812500
1934.7096              271.2903747558593750
1934.7917              271.2975769042968750
1934.8767              271.3562622070312500
1934.9589              272.1764526367187500
1935.0438              273.2719421386718750
1935.1260              273.4087219238281250
1935.2054              272.9629516601562500
1935.2904              272.0585632324218750
1935.3726              271.3786926269531250
1935.4575              271.2907409667968750
1935.5397              271.2902832031250000
1935.6246              271.2936401367187500
1935.7096              271.3014221191406250
1935.7917              271.3245239257812500
1935.8767              271.3893432617187500
1935.9589              272.0294799804687500
1936.0437              272.9417419433593750
1936.1257              273.1181945800781250
1936.2076              272.8045654296875000
1936.2924              271.9684448242187500
1936.3743              271.3698730468750000
1936.4590              271.3053283691406250
1936.5410              271.2941894531250000
1936.6257              271.2957458496093750
1936.7103              271.2921752929687500
1936.7924              271.3036499023437500
1936.8771              271.3801574707031250
1936.9590              272.1173400878906250
1937.0438              272.9119567871093750
1937.1260              273.0213928222656250
1937.2054              272.8589782714843750
1937.2904              272.1685180664062500
1937.3726              271.4223327636718750
1937.4575              271.2951660156250000
1937.5397              271.2915344238281250
1937.6246              271.2924499511718750
1937.7096              271.2997436523437500
1937.7917              271.3063964843750000
1937.8767              271.3691101074218750
1937.9589              272.0640563964843750
1938.0438              272.9427185058593750
1938.1260              273.0051879882812500
1938.2054              272.6434936523437500
1938.2904              272.0086059570312500
1938.3726              271.4223022460937500
1938.4575              271.2962951660156250
1938.5397              271.2915954589843750
1938.6246              271.2920532226562500
1938.7096              271.2926635742187500
1938.7917              271.3075561523437500
1938.8767              271.4094848632812500
1938.9589              271.8026428222656250
1939.0438              272.6835937500000000
1939.1260              272.9829711914062500
1939.2054              272.6903991699218750
1939.2904              272.0146484375000000
1939.3726              271.3523254394531250
1939.4575              271.3007507324218750
1939.5397              271.2920837402343750
1939.6246              271.2908325195312500
1939.7096              271.2920227050781250
1939.7917              271.3030395507812500
1939.8767              271.4445800781250000
1939.9589              272.1623229980468750
1940.0437              272.9196777343750000
1940.1257              272.9088439941406250
1940.2076              272.4995422363281250
1940.2924              271.8228454589843750
1940.3743              271.3550109863281250
1940.4590              271.2990112304687500
1940.5410              271.2907104492187500
1940.6257              271.2998657226562500
1940.7103              271.3104248046875000
1940.7924              271.3107604980468750
1940.8771              271.4558105468750000
1940.9590              271.9844970703125000
1941.0438              272.8752746582031250
1941.1260              273.0605468750000000
1941.2054              272.6515808105468750
1941.2904              271.8930358886718750
1941.3726              271.3204956054687500
1941.4575              271.2943115234375000
1941.5397              271.2979431152343750
1941.6246              271.2954711914062500
1941.7096              271.2981567382812500
1941.7917              271.3088073730468750
1941.8767              271.3905944824218750
1941.9589              272.0124206542968750
1942.0438              272.7285156250000000
1942.1260              273.0166931152343750
1942.2054              272.6921386718750000
1942.2904              272.0495300292968750
1942.3726              271.3141784667968750
1942.4575              271.2923583984375000
1942.5397              271.2940063476562500
1942.6246              271.3001708984375000
1942.7096              271.2990417480468750
1942.7917              271.3143005371093750
1942.8767              271.4257202148437500
1942.9589              272.0867309570312500
1943.0438              273.0260925292968750
1943.1260              273.2167968750000000
1943.2054              272.9393615722656250
1943.2904              272.2248229980468750
1943.3726              271.3998718261718750
1943.4575              271.2939453125000000
1943.5397              271.2909545898437500
1943.6246              271.2896728515625000
1943.7096              271.2910461425781250
1943.7917              271.3144226074218750
1943.8767              271.4388732910156250
1943.9589              272.0788879394531250
1944.0437              272.9697875976562500
1944.1257              273.2202758789062500
1944.2076              272.6669921875000000
1944.2924              271.9851684570312500
1944.3743              271.4486999511718750
1944.4590              271.2921447753906250
1944.5410              271.2909240722656250
1944.6257              271.3017578125000000
1944.7103              271.3083496093750000
1944.7924              271.3325500488281250
1944.8771              271.6383361816406250
1944.9590              272.4028320312500000
1945.0438              272.9042968750000000
1945.1260              272.9801635742187500
1945.2054              272.4819641113281250
1945.2904              271.7457580566406250
1945.3726              271.3018798828125000
1945.4575              271.2944641113281250
1945.5397              271.2992553710937500
1945.6246              271.3180236816406250
1945.7096              271.3199157714843750
1945.7917              271.3236389160156250
1945.8767              271.3418273925781250
1945.9589              271.7880554199218750
1946.0438              272.8928833007812500
1946.1260              273.2130432128906250
1946.2054              272.7922668457031250
1946.2904              271.9690856933593750
1946.3726              271.3249511718750000
1946.4575              271.2893066406250000
1946.5397              271.2887268066406250
1946.6246              271.3068542480468750
1946.7096              271.3191223144531250
1946.7917              271.3263549804687500
1946.8767              271.3282165527343750
1946.9589              271.6065979003906250
1947.0438              272.5863647460937500
1947.1260              272.9545593261718750
1947.2054              272.7348632812500000
1947.2904              272.2768859863281250
1947.3726              271.6336975097656250
1947.4575              271.3099060058593750
1947.5397              271.2870483398437500
1947.6246              271.2882995605468750
1947.7096              271.3135070800781250
1947.7917              271.3157653808593750
1947.8767              271.3356933593750000
1947.9589              271.7044677734375000
1948.0437              272.7094421386718750
1948.1257              273.0852661132812500
1948.2076              272.8386840820312500
1948.2924              272.1742553710937500
1948.3743              271.3586120605468750
1948.4590              271.2910156250000000
1948.5410              271.2887268066406250
1948.6257              271.2955627441406250
1948.7103              271.3233032226562500
1948.7924              271.3164062500000000
1948.8771              271.4084167480468750
1948.9590              271.8863220214843750
1949.0438              272.6416625976562500
1949.1260              273.0582580566406250
1949.2054              272.7195739746093750
1949.2904              272.1756896972656250
1949.3726              271.4182434082031250
1949.4575              271.2929687500000000
1949.5397              271.2889404296875000
1949.6246              271.3018798828125000
1949.7096              271.3001098632812500
1949.7917              271.3120117187500000
1949.8767              271.4192199707031250
1949.9589              271.9393920898437500
1950.0438              272.6905212402343750
1950.1260              273.0211791992187500
1950.2054              272.8247070312500000
1950.2904              272.1626281738281250
1950.3726              271.3957519531250000
1950.4575              271.2924194335937500
1950.5397              271.2877807617187500
1950.6246              271.2946166992187500
1950.7096              271.2979125976562500
1950.7917              271.2938842773437500
1950.8767              271.3524780273437500
1950.9589              271.8559570312500000
1951.0438              272.8688659667968750
1951.1260              272.9766235351562500
1951.2054              272.5845947265625000
1951.2904              272.0634460449218750
1951.3726              271.4281921386718750
1951.4575              271.2974243164062500
1951.5397              271.2932434082031250
1951.6246              271.3057861328125000
1951.7096              271.2966613769531250
1951.7917              271.2984924316406250
1951.8767              271.3814086914062500
1951.9589              272.0913085937500000
1952.0437              272.7082824707031250
1952.1257              272.8460083007812500
1952.2076              272.5507812500000000
1952.2924              272.1555480957031250
1952.3743              271.4833068847656250
1952.4590              271.2897949218750000
1952.5410              271.2863159179687500
1952.6257              271.2908630371093750
1952.7103              271.3043212890625000
1952.7924              271.3025817871093750
1952.8771              271.3553771972656250
1952.9590              271.9449157714843750
1953.0438              272.9540100097656250
1953.1260              273.1792602539062500
1953.2054              272.6817016601562500
1953.2904              271.8860168457031250
1953.3726              271.3382873535156250
1953.4575              271.2883911132812500
1953.5397              271.2937622070312500
1953.6246              271.3224487304687500
1953.7096              271.3231506347656250
1953.7917              271.3230285644531250
1953.8767              271.3461914062500000
1953.9589              271.6665344238281250
1954.0438              272.8189697265625000
1954.1260              273.1721191406250000
1954.2054              272.8973999023437500
1954.2904              272.2283630371093750
1954.3726              271.4534606933593750
1954.4575              271.3163146972656250
1954.5397              271.2899169921875000
1954.6246              271.2881469726562500
1954.7096              271.2868347167968750
1954.7917              271.2905578613281250
1954.8767              271.3316650390625000
1954.9589              271.8914184570312500
1955.0438              272.7585754394531250
1955.1260              272.9590454101562500
1955.2054              272.5340881347656250
1955.2904              272.0016479492187500
1955.3726              271.4321594238281250
1955.4575              271.2916564941406250
1955.5397              271.2861938476562500
1955.6246              271.2894287109375000
1955.7096              271.2950134277343750
1955.7917              271.3005065917968750
1955.8767              271.3936767578125000
1955.9589              271.9091796875000000
1956.0437              272.8390502929687500
1956.1257              272.9685974121093750
1956.2076              272.6156921386718750
1956.2924              271.9955444335937500
1956.3743              271.3926696777343750
1956.4590              271.2937622070312500
1956.5410              271.2921752929687500
1956.6257              271.2956237792968750
1956.7103              271.3038940429687500
1956.7924              271.2976989746093750
1956.8771              271.3333740234375000
1956.9590              271.7969360351562500
1957.0438              272.5734558105468750
1957.1260              272.9685363769531250
1957.2054              272.6329345703125000
1957.2904              271.9219360351562500
1957.3726              271.3358154296875000
1957.4575              271.2875671386718750
1957.5397              271.2829284667968750
1957.6246              271.2973327636718750
1957.7096              271.3198852539062500
1957.7917              271.3071899414062500
1957.8767              271.4284667968750000
1957.9589              272.1262817382812500
1958.0438              272.9028930664062500
1958.1260              273.1199035644531250
1958.2054              272.7000122070312500
1958.2904              271.9017333984375000
1958.3726              271.3083190917968750
1958.4575              271.2908020019531250
1958.5397              271.3024902343750000
1958.6246              271.3391723632812500
1958.7096              271.3396606445312500
1958.7917              271.3496704101562500
1958.8767              271.3345642089843750
1958.9589              271.5646362304687500
1959.0438              272.4491577148437500
1959.1260              272.8541564941406250
1959.2054              272.5596008300781250
1959.2904              271.9434814453125000
1959.3726              271.3438415527343750
1959.4575              271.2929077148437500
1959.5397              271.2895507812500000
1959.6246              271.2869262695312500
1959.7096              271.2887268066406250
1959.7917              271.2930908203125000
1959.8767              271.3110656738281250
1959.9589              271.4819641113281250
1960.0437              272.4400329589843750
1960.1257              272.7021484375000000
1960.2076              272.5446166992187500
1960.2924              272.0003967285156250
1960.3743              271.2971496582031250
1960.4590              271.2883911132812500
1960.5410              271.2870788574218750
1960.6257              271.2950439453125000
1960.7103              271.3440246582031250
1960.7924              271.3402404785156250
1960.8771              271.4448547363281250
1960.9590              272.1023254394531250
1961.0438              272.8905944824218750
1961.1260              273.0707397460937500
1961.2054              272.7514343261718750
1961.2904              272.1400146484375000
1961.3726              271.4539489746093750
1961.4575              271.2985534667968750
1961.5397              271.2854614257812500
1961.6246              271.2921447753906250
1961.7096              271.2895812988281250
1961.7917              271.2997741699218750
1961.8767              271.4273986816406250
1961.9589              272.0615234375000000
1962.0438              272.6409606933593750
1962.1260              272.8497314453125000
1962.2054              272.8218078613281250
1962.2904              271.9919128417968750
1962.3726              271.3757019042968750
1962.4575              271.2947387695312500
1962.5397              271.2885437011718750
1962.6246              271.2849121093750000
1962.7096              271.2845764160156250
1962.7917              271.2896728515625000
1962.8767              271.3468017578125000
1962.9589              271.9086914062500000
1963.0438              272.9696044921875000
1963.1260              273.2359619140625000
1963.2054              272.7189331054687500
1963.2904              271.8720397949218750
1963.3726              271.3136901855468750
1963.4575              271.2925109863281250
1963.5397              271.2886962890625000
1963.6246              271.2949829101562500
1963.7096              271.2930908203125000
1963.7917              271.2956848144531250
1963.8767              271.3424987792968750
1963.9589              271.8084411621093750
1964.0437              272.8483886718750000
1964.1257              273.0911254882812500
1964.2076              272.6674194335937500
1964.2924              272.0317382812500000
1964.3743              271.4591064453125000
1964.4590              271.2971191406250000
1964.5410              271.2941589355468750
1964.6257              271.2945861816406250
1964.7103              271.2929382324218750
1964.7924              271.3010864257812500
1964.8771              271.3546142578125000
1964.9590              271.8949584960937500
1965.0438              272.6760559082031250
1965.1260              273.0550231933593750
1965.2054              272.6345214843750000
1965.2904              271.8765869140625000
1965.3726              271.2959594726562500
1965.4575              271.2951660156250000
1965.5397              271.2947692871093750
1965.6246              271.2984619140625000
1965.7096              271.3002929687500000
1965.7917              271.2985534667968750
1965.8767              271.3271179199218750
1965.9589              271.7523803710937500
1966.0438              272.6259155273437500
1966.1260              273.0415649414062500
1966.2054              272.8766174316406250
1966.2904              272.0082702636718750
1966.3726              271.3089904785156250
1966.4575              271.2873535156250000
1966.5397              271.2854614257812500
1966.6246              271.2918090820312500
1966.7096              271.2889709472656250
1966.7917              271.3019409179687500
1966.8767              271.3595581054687500
1966.9589              271.7676696777343750
1967.0438              272.8068237304687500
1967.1260              273.1176147460937500
1967.2054              272.7674255371093750
1967.2904              272.1781311035156250
1967.3726              271.3724975585937500
1967.4575              271.2929077148437500
1967.5397              271.2886047363281250
1967.6246              271.3000488281250000
1967.7096              271.3016052246093750
1967.7917              271.3031311035156250
1967.8767              271.3882751464843750
1967.9589              272.0211181640625000
1968.0437              272.7835998535156250
1968.1257              272.9170532226562500
1968.2076              272.7012939453125000
1968.2924              272.0308837890625000
1968.3743              271.3559875488281250
1968.4590              271.2958374023437500
1968.5410              271.2935791015625000
1968.6257              271.3064575195312500
1968.7103              271.3064880371093750
1968.7924              271.3075866699218750
1968.8771              271.3466186523437500
1968.9590              271.9638977050781250
1969.0438              273.0951843261718750
1969.1260              273.1756591796875000
1969.2054              272.6923522949218750
1969.2904              272.1602172851562500
1969.3726              271.5234680175781250
1969.4575              271.2966308593750000
1969.5397              271.2913513183593750
1969.6246              271.2970581054687500
1969.7096              271.3117370605468750
1969.7917              271.3229675292968750
1969.8767              271.3363952636718750
1969.9589              271.6531372070312500
1970.0438              272.4379272460937500
1970.1260              272.5231018066406250
1970.2054              272.3513183593750000
1970.2904              271.6391296386718750
1970.3726              271.2918701171875000
1970.4575              271.2880554199218750
1970.5397              271.2874450683593750
1970.6246              271.3134765625000000
1970.7096              271.3096618652343750
1970.7917              271.3079833984375000
1970.8767              271.3413696289062500
1970.9589              271.6219787597656250
1971.0438              272.6506347656250000
1971.1260              273.0162353515625000
1971.2054              272.6808471679687500
1971.2904              272.1003417968750000
1971.3726              271.4895629882812500
1971.4575              271.2899780273437500
1971.5397              271.2860717773437500
1971.6246              271.2988586425781250
1971.7096              271.3157043457031250
1971.7917              271.3106994628906250
1971.8767              271.3264770507812500
1971.9589              271.7039489746093750
1972.0437              272.6858520507812500
1972.1257              273.0022583007812500
1972.2076              272.8771057128906250
1972.2924              272.1666259765625000
1972.3743              271.4177551269531250
1972.4590              271.2950439453125000
1972.5410              271.2903747558593750
1972.6257              271.2855224609375000
1972.7103              271.2877502441406250
1972.7924              271.3105468750000000
1972.8771              271.4687500000000000
1972.9590              272.1788940429687500
1973.0438              272.9563598632812500
1973.1260              273.3596801757812500
1973.2054              272.9208068847656250
1973.2904              272.2463989257812500
1973.3726              271.3978271484375000
1973.4575              271.2945556640625000
1973.5397              271.2872619628906250
1973.6246              271.2836303710937500
1973.7096              271.2874450683593750
1973.7917              271.2983703613281250
1973.8767              271.3494873046875000
1973.9589              271.8357543945312500
1974.0438              272.7716979980468750
1974.1260              273.0568237304687500
1974.2054              272.6357421875000000
1974.2904              271.8161315917968750
1974.3726              271.2976379394531250
1974.4575              271.2887268066406250
1974.5397              271.2980041503906250
1974.6246              271.2968444824218750
1974.7096              271.3161926269531250
1974.7917              271.3157958984375000
1974.8767              271.3575439453125000
1974.9589              271.7039184570312500
1975.0438              272.5567016601562500
1975.1260              272.9349060058593750
1975.2054              272.5052795410156250
1975.2904              271.9098815917968750
1975.3726              271.3171081542968750
1975.4575              271.2900085449218750
1975.5397              271.3038635253906250
1975.6246              271.3199462890625000
1975.7096              271.3300476074218750
1975.7917              271.3338012695312500
1975.8767              271.3426818847656250
1975.9589              271.7639465332031250
1976.0437              272.6424255371093750
1976.1257              272.8361206054687500
1976.2076              272.8348999023437500
1976.2924              272.0802307128906250
1976.3743              271.3978576660156250
1976.4590              271.2881164550781250
1976.5410              271.2925720214843750
1976.6257              271.3012390136718750
1976.7103              271.3414611816406250
1976.7924              271.3367004394531250
1976.8771              271.3283386230468750
1976.9590              271.7737121582031250
1977.0438              272.6665344238281250
1977.1260              273.0891418457031250
1977.2054              272.9106750488281250
1977.2904              272.1937255859375000
1977.3726              271.3545227050781250
1977.4575              271.2837524414062500
1977.5397              271.2853698730468750
1977.6246              271.2976379394531250
1977.7096              271.3031616210937500
1977.7917              271.3209838867187500
1977.8767              271.3600463867187500
1977.9589              271.6332397460937500
1978.0438              272.5660705566406250
1978.1260              272.8497314453125000
1978.2054              272.7177734375000000
1978.2904              272.0872497558593750
1978.3726              271.3514099121093750
1978.4575              271.2904968261718750
1978.5397              271.2890625000000000
1978.6246              271.2957458496093750
1978.7096              271.3180236816406250
1978.7917              271.3064880371093750
1978.8767              271.3625488281250000
1978.9589              271.7651672363281250
1979.0438              272.6082763671875000
1979.1260              272.9149169921875000
1979.2054              272.6272583007812500
1979.2904              271.9116210937500000
1979.3726              271.3479919433593750
1979.4575              271.2925109863281250
1979.5397              271.2899475097656250
1979.6246              271.2996520996093750
1979.7096              271.3075561523437500
1979.7917              271.3239135742187500
1979.8767              271.4813537597656250
1979.9589              272.2049560546875000
1980.0437              273.0544738769531250
1980.1257              273.1785583496093750
1980.2076              272.8533630371093750
1980.2924              272.2155151367187500
1980.3743              271.4066162109375000
1980.4590              271.2897338867187500
1980.5410              271.2930603027343750
1980.6257              271.2956542968750000
1980.7103              271.3000183105468750
1980.7924              271.3097534179687500
1980.8771              271.3537597656250000
1980.9590              271.8974304199218750
1981.0438              272.9727172851562500
1981.1260              273.0345458984375000
1981.2054              272.4352416992187500
1981.2904              271.7933959960937500
1981.3726              271.2987670898437500
1981.4575              271.2854614257812500
1981.5397              271.2929992675781250
1981.6246              271.3189697265625000
1981.7096              271.3036499023437500
1981.7917              271.3044433593750000
1981.8767              271.3539123535156250
1981.9589              271.7562866210937500
1982.0438              272.7449035644531250
1982.1260              273.1175537109375000
1982.2054              272.9796752929687500
1982.2904              272.5714721679687500
1982.3726              271.9517822265625000
1982.4575              271.3951416015625000
1982.5397              271.2915649414062500
1982.6246              271.2892150878906250
1982.7096              271.3015441894531250
1982.7917              271.3048095703125000
1982.8767              271.3641357421875000
1982.9589              271.7295532226562500
1983.0438              272.6615295410156250
1983.1260              273.0048217773437500
1983.2054              272.8345947265625000
1983.2904              272.0478515625000000
1983.3726              271.3458557128906250
1983.4575              271.2943115234375000
1983.5397              271.2890319824218750
1983.6246              271.2872619628906250
1983.7096              271.3088684082031250
1983.7917              271.3057250976562500
1983.8767              271.3361206054687500
1983.9589              271.9608154296875000
1984.0437              272.9472656250000000
1984.1257              273.2913208007812500
1984.2076              272.7815551757812500
1984.2924              272.1995544433593750
1984.3743              271.4182128906250000
1984.4590              271.3040771484375000
1984.5410              271.2882080078125000
1984.6257              271.2931518554687500
1984.7103              271.3212585449218750
1984.7924              271.3392333984375000
1984.8771              271.5234375000000000
1984.9590              272.4365234375000000
1985.0438              273.1791992187500000
1985.1260              273.2842102050781250
1985.2054              272.6223449707031250
1985.2904              271.9611816406250000
1985.3726              271.4708862304687500
1985.4575              271.2947998046875000
1985.5397              271.2977600097656250
1985.6246              271.3439941406250000
1985.7096              271.3212280273437500
1985.7917              271.3476867675781250
1985.8767              271.4182128906250000
1985.9589              272.0094909667968750
1986.0438              272.9390563964843750
1986.1260              273.3300170898437500
1986.2054              273.3218688964843750
1986.2904              272.6415100097656250
1986.3726              271.5938415527343750
1986.4575              271.2934570312500000
1986.5397              271.2904357910156250
1986.6246              271.2996215820312500
1986.7096              271.3245544433593750
1986.7917              271.3079833984375000
1986.8767              271.3595886230468750
1986.9589              271.9740600585937500
1987.0438              272.9922485351562500
1987.1260              273.1235046386718750
1987.2054              272.8456115722656250
1987.2904              272.1449890136718750
1987.3726              271.4540710449218750
1987.4575              271.2853393554687500
1987.5397              271.2902526855468750
1987.6246              271.2989807128906250
1987.7096              271.3139648437500000
1987.7917              271.3276062011718750
1987.8767              271.3871459960937500
1987.9589              271.9111022949218750
1988.0437              272.9774780273437500
1988.1257              273.3285217285156250
1988.2076              273.0804748535156250
1988.2924              272.5078735351562500
1988.3743              271.5822143554687500
1988.4590              271.2946472167968750
1988.5410              271.2897949218750000
1988.6257              271.2850036621093750
1988.7103              271.2892761230468750
1988.7924              271.3014526367187500
1988.8771              271.4353332519531250
1988.9590              271.9846191406250000
1989.0438              272.7483825683593750
1989.1260              273.0215759277343750
1989.2054              272.8111572265625000
1989.2904              272.3359069824218750
1989.3726              271.5957946777343750
1989.4575              271.2976379394531250
1989.5397              271.2887878417968750
1989.6246              271.2864990234375000
1989.7096              271.2952880859375000
1989.7917              271.2958679199218750
1989.8767              271.3772277832031250
1989.9589              271.9903869628906250
1990.0438              273.0983276367187500
1990.1260              273.3312988281250000
1990.2054              272.8321533203125000
1990.2904              272.1501464843750000
1990.3726              271.4060974121093750
1990.4575              271.2937011718750000
1990.5397              271.2899169921875000
1990.6246              271.3131103515625000
1990.7096              271.2973632812500000
1990.7917              271.3102722167968750
1990.8767              271.4985046386718750
1990.9589              272.2872009277343750
1991.0438              273.1601257324218750
1991.1260              273.2229003906250000
1991.2054              272.8005371093750000
1991.2904              272.0179138183593750
1991.3726              271.3741149902343750
1991.4575              271.2959594726562500
1991.5397              271.2948913574218750
1991.6246              271.2986755371093750
1991.7096              271.2991333007812500
1991.7917              271.3188781738281250
1991.8767              271.3267517089843750
1991.9589              271.4597778320312500
1992.0437              272.0983276367187500
1992.1257              272.6791687011718750
1992.2076              272.4371337890625000
1992.2924              271.7831726074218750
1992.3743              271.3062438964843750
1992.4590              271.2906799316406250
1992.5410              271.2879638671875000
1992.6257              271.2880554199218750
1992.7103              271.2967529296875000
1992.7924              271.3283386230468750
1992.8771              271.3472290039062500
1992.9590              271.9292602539062500
1993.0438              272.7784729003906250
1993.1260              273.1140136718750000
1993.2054              272.6959533691406250
1993.2904              272.1283569335937500
1993.3726              271.4197082519531250
1993.4575              271.2905883789062500
1993.5397              271.2859191894531250
1993.6246              271.2916870117187500
1993.7096              271.3047180175781250
1993.7917              271.3192443847656250
1993.8767              271.4953308105468750
1993.9589              272.2775268554687500
1994.0438              273.1461181640625000
1994.1260              273.2797241210937500
1994.2054              272.9938049316406250
1994.2904              272.4739074707031250
1994.3726              271.6067504882812500
1994.4575              271.3059997558593750
1994.5397              271.2949523925781250
1994.6246              271.2891235351562500
1994.7096              271.2863464355468750
1994.7917              271.2890319824218750
1994.8767              271.4017333984375000
1994.9589              272.0422973632812500
1995.0438              272.9906005859375000
1995.1260              273.3304138183593750
1995.2054              272.9070129394531250
1995.2904              272.1119995117187500
1995.3726              271.4314270019531250
1995.4575              271.2931213378906250
1995.5397              271.2908630371093750
1995.6246              271.2987976074218750
1995.7096              271.3133544921875000
1995.7917              271.3400878906250000
1995.8767              271.3629760742187500
1995.9589              271.9463806152343750
1996.0437              272.7819824218750000
1996.1257              273.2216186523437500
1996.2076              272.8372192382812500
1996.2924              272.1301879882812500
1996.3743              271.3890991210937500
1996.4590              271.2900695800781250
1996.5410              271.2862548828125000
1996.6257              271.2904968261718750
1996.7103              271.3180236816406250
1996.7924              271.3150634765625000
1996.8771              271.3561096191406250
1996.9590              271.5912780761718750
1997.0438              272.6250610351562500
1997.1260              272.9085998535156250
1997.2054              272.6250305175781250
1997.2904              271.9630432128906250
1997.3726              271.4036560058593750
1997.4575              271.2901611328125000
1997.5397              271.2878112792968750
1997.6246              271.2884216308593750
1997.7096              271.3013916015625000
1997.7917              271.3100585937500000
1997.8767              271.4156188964843750
1997.9589              271.9707031250000000
1998.0438              272.7899169921875000
1998.1260              273.0573120117187500
1998.2054              272.6795349121093750
1998.2904              272.0788269042968750
1998.3726              271.5078735351562500
1998.4575              271.3009033203125000
1998.5397              271.2918701171875000
1998.6246              271.2885742187500000
1998.7096              271.2855529785156250
1998.7917              271.2925109863281250
1998.8767              271.3743896484375000
1998.9589              271.9719238281250000
1999.0438              273.0421752929687500
1999.1260              273.3679809570312500
1999.2054              272.8541259765625000
1999.2904              271.9841003417968750
1999.3726              271.3407897949218750
1999.4575              271.2948608398437500
1999.5397              271.2874755859375000
1999.6246              271.3031921386718750
1999.7096              271.2891235351562500
1999.7917              271.3021240234375000
1999.8767              271.4883117675781250
1999.9589              272.4199829101562500
2000.0437              273.2492675781250000
2000.1257              273.3017272949218750
2000.2076              272.9114685058593750
2000.2924              272.1441040039062500
2000.3743              271.4085693359375000
2000.4590              271.2906494140625000
2000.5410              271.3029479980468750
2000.6257              271.3431396484375000
2000.7103              271.3313903808593750
2000.7924              271.3360290527343750
2000.8771              271.3683166503906250
2000.9590              272.1524658203125000
2001.0438              273.0704956054687500
2001.1260              273.1634521484375000
2001.2054              272.6046142578125000
2001.2904              272.0244140625000000
2001.3726              271.3096618652343750
2001.4575              271.2934875488281250
2001.5397              271.2935180664062500
2001.6246              271.3074645996093750
2001.7096              271.3049316406250000
2001.7917              271.3205566406250000
2001.8767              271.3327026367187500
2001.9589              271.5604553222656250
2002.0438              272.5843505859375000
2002.1260              272.8942565917968750
2002.2054              272.7483215332031250
2002.2904              272.1616210937500000
2002.3726              271.5395507812500000
2002.4575              271.2912597656250000
2002.5397              271.2948913574218750
2002.6246              271.2978515625000000
2002.7096              271.3069152832031250
2002.7917              271.3406066894531250
2002.8767              271.3969421386718750
2002.9589              272.1897888183593750
2003.0438              273.0435180664062500
2003.1260              273.4059143066406250
2003.2054              273.2169189453125000
2003.2904              272.4789733886718750
2003.3726              271.6214904785156250
2003.4575              271.3010864257812500
2003.5397              271.2853698730468750
2003.6246              271.2980346679687500
2003.7096              271.3040466308593750
2003.7917              271.3103027343750000
2003.8767              271.3862609863281250
2003.9589              271.7210693359375000
