1851.0438              272.9203186035156250
1851.1260              272.9031677246093750
1851.2054              272.8268127441406250
1851.2904              272.7204895019531250
1851.3726              272.7910766601562500
1851.4575              272.8243408203125000
1851.5397              272.7790832519531250
1851.6246              272.7127380371093750
1851.7096              272.7654418945312500
1851.7917              272.7819824218750000
1851.8767              272.8516540527343750
1851.9589              272.8982849121093750
1852.0437              272.9074707031250000
1852.1257              273.0444641113281250
1852.2076              273.0634155273437500
1852.2924              272.8298339843750000
1852.3743              272.7617492675781250
1852.4590              272.7693481445312500
1852.5410              272.7563476562500000
1852.6257              272.7878417968750000
1852.7103              272.8406066894531250
1852.7924              272.8406982421875000
1852.8771              272.8731384277343750
1852.9590              272.8897705078125000
1853.0438              272.8939514160156250
1853.1260              272.9970397949218750
1853.2054              273.0284118652343750
1853.2904              272.7750244140625000
1853.3726              272.7359619140625000
1853.4575              272.7764892578125000
1853.5397              272.7709045410156250
1853.6246              272.7991638183593750
1853.7096              272.8644104003906250
1853.7917              272.8983154296875000
1853.8767              272.9349975585937500
1853.9589              272.9831848144531250
1854.0438              273.3164062500000000
1854.1260              273.7742004394531250
1854.2054              273.5628356933593750
1854.2904              272.9255371093750000
1854.3726              272.8302917480468750
1854.4575              272.8509216308593750
1854.5397              272.8335571289062500
1854.6246              272.8275451660156250
1854.7096              272.8488464355468750
1854.7917              272.8477783203125000
1854.8767              272.8887634277343750
1854.9589              272.9434509277343750
1855.0438              272.9753112792968750
1855.1260              273.3051452636718750
1855.2054              273.2161560058593750
1855.2904              272.8172607421875000
1855.3726              272.7739257812500000
1855.4575              272.8078308105468750
1855.5397              272.7575073242187500
1855.6246              272.7887268066406250
1855.7096              272.8220214843750000
1855.7917              272.8358459472656250
1855.8767              272.8188171386718750
1855.9589              272.8428039550781250
1856.0437              272.8591613769531250
1856.1257              273.0510864257812500
1856.2076              273.1422729492187500
1856.2924              273.0404968261718750
1856.3743              272.7611999511718750
1856.4590              272.7406921386718750
1856.5410              272.7400817871093750
1856.6257              272.7630310058593750
1856.7103              272.7705688476562500
1856.7924              272.8128662109375000
1856.8771              272.9093627929687500
1856.9590              272.9478759765625000
1857.0438              273.0015258789062500
1857.1260              273.3113098144531250
1857.2054              273.2104187011718750
1857.2904              272.7685241699218750
1857.3726              272.7875976562500000
1857.4575              272.7940673828125000
1857.5397              272.7516784667968750
1857.6246              272.7803344726562500
1857.7096              272.7643432617187500
1857.7917              272.8498229980468750
1857.8767              272.8892517089843750
1857.9589              272.9234619140625000
1858.0438              272.8759765625000000
1858.1260              272.9021606445312500
1858.2054              272.8552551269531250
1858.2904              272.8067626953125000
1858.3726              272.7401123046875000
1858.4575              272.7377624511718750
1858.5397              272.7454833984375000
1858.6246              272.7023925781250000
1858.7096              272.7614440917968750
1858.7917              272.8121948242187500
1858.8767              272.8799743652343750
1858.9589              272.9274597167968750
1859.0438              272.9261169433593750
1859.1260              273.1365051269531250
1859.2054              273.1724853515625000
1859.2904              272.8361816406250000
1859.3726              272.7420654296875000
1859.4575              272.7052001953125000
1859.5397              272.7334899902343750
1859.6246              272.7691650390625000
1859.7096              272.7931823730468750
1859.7917              272.8004150390625000
1859.8767              272.8185424804687500
1859.9589              272.8454284667968750
1860.0437              272.8177795410156250
1860.1257              272.8632507324218750
1860.2076              272.8522033691406250
1860.2924              272.6714782714843750
1860.3743              272.7110900878906250
1860.4590              272.7331237792968750
1860.5410              272.7565917968750000
1860.6257              272.7350158691406250
1860.7103              272.7482604980468750
1860.7924              272.7808227539062500
1860.8771              272.8684692382812500
1860.9590              272.9367065429687500
1861.0438              272.9252319335937500
1861.1260              273.1596069335937500
1861.2054              273.2113342285156250
1861.2904              272.8808898925781250
1861.3726              272.7742004394531250
1861.4575              272.7426147460937500
1861.5397              272.6848754882812500
1861.6246              272.7141113281250000
1861.7096              272.7244567871093750
1861.7917              272.7617187500000000
1861.8767              272.8288574218750000
1861.9589              272.7932128906250000
1862.0438              272.8023071289062500
1862.1260              272.8052368164062500
1862.2054              272.8002014160156250
1862.2904              272.7092285156250000
1862.3726              272.7296142578125000
1862.4575              272.7232666015625000
1862.5397              272.7032470703125000
1862.6246              272.7253417968750000
1862.7096              272.7773132324218750
1862.7917              272.8106689453125000
1862.8767              272.7827148437500000
1862.9589              272.7798461914062500
1863.0438              272.8311767578125000
1863.1260              272.8464050292968750
1863.2054              272.7802429199218750
1863.2904              272.7037658691406250
1863.3726              272.7063293457031250
1863.4575              272.7138671875000000
1863.5397              272.6754760742187500
1863.6246              272.6681823730468750
1863.7096              272.7300720214843750
1863.7917              272.7454528808593750
1863.8767              272.7914733886718750
1863.9589              272.7875366210937500
1864.0437              272.7716674804687500
1864.1257              272.7517089843750000
1864.2076              272.7213439941406250
1864.2924              272.6685791015625000
1864.3743              272.6575622558593750
1864.4590              272.6202392578125000
1864.5410              272.6033020019531250
1864.6257              272.6290588378906250
1864.7103              272.6589660644531250
1864.7924              272.6588134765625000
1864.8771              272.6807861328125000
1864.9590              272.6741333007812500
1865.0438              272.6755371093750000
1865.1260              272.6834411621093750
1865.2054              272.6584777832031250
1865.2904              272.5960998535156250
1865.3726              272.5910339355468750
1865.4575              272.6374511718750000
1865.5397              272.6664428710937500
1865.6246              272.6615600585937500
1865.7096              272.7014770507812500
1865.7917              272.7663879394531250
1865.8767              272.7737121582031250
1865.9589              272.8098449707031250
1866.0438              272.8206481933593750
1866.1260              272.8377990722656250
1866.2054              272.7566223144531250
1866.2904              272.6866455078125000
1866.3726              272.6880187988281250
1866.4575              272.6922912597656250
1866.5397              272.7148437500000000
1866.6246              272.6983032226562500
1866.7096              272.7553405761718750
1866.7917              272.8003845214843750
1866.8767              272.8382263183593750
1866.9589              272.9056091308593750
1867.0438              272.9238891601562500
1867.1260              272.9670104980468750
1867.2054              272.9145812988281250
1867.2904              272.7422790527343750
1867.3726              272.7241210937500000
1867.4575              272.6769409179687500
1867.5397              272.6755676269531250
1867.6246              272.7347106933593750
1867.7096              272.8129577636718750
1867.7917              272.8368530273437500
1867.8767              272.8771972656250000
1867.9589              272.8565063476562500
1868.0437              272.7949218750000000
1868.1257              272.8720703125000000
1868.2076              272.9427795410156250
1868.2924              272.7053833007812500
1868.3743              272.6121826171875000
1868.4590              272.5908508300781250
1868.5410              272.6172180175781250
1868.6257              272.6172180175781250
1868.7103              272.6940612792968750
1868.7924              272.7138977050781250
1868.8771              272.7698974609375000
1868.9590              272.7828063964843750
1869.0438              272.8257141113281250
1869.1260              272.8840026855468750
1869.2054              272.8709716796875000
1869.2904              272.7372741699218750
1869.3726              272.7460937500000000
1869.4575              272.7937316894531250
1869.5397              272.8089599609375000
1869.6246              272.8350830078125000
1869.7096              272.8690185546875000
1869.7917              272.8983764648437500
1869.8767              272.8794555664062500
1869.9589              272.9100036621093750
1870.0438              272.9138183593750000
1870.1260              273.0733642578125000
1870.2054              273.0714721679687500
1870.2904              272.7634887695312500
1870.3726              272.7187194824218750
1870.4575              272.7102050781250000
1870.5397              272.6910400390625000
1870.6246              272.7330627441406250
1870.7096              272.8239440917968750
1870.7917              272.8468627929687500
1870.8767              272.8611450195312500
1870.9589              272.8820495605468750
1871.0438              272.9081115722656250
1871.1260              272.9759216308593750
1871.2054              272.9224243164062500
1871.2904              272.8123168945312500
1871.3726              272.8150329589843750
1871.4575              272.7911682128906250
1871.5397              272.7907409667968750
1871.6246              272.8216247558593750
1871.7096              272.8316040039062500
1871.7917              272.8600463867187500
1871.8767              272.8510437011718750
1871.9589              272.8406982421875000
1872.0437              272.8655700683593750
1872.1257              273.1586608886718750
1872.2076              273.2731933593750000
1872.2924              273.0033264160156250
1872.3743              272.7819213867187500
1872.4590              272.7202758789062500
1872.5410              272.6582336425781250
1872.6257              272.6459045410156250
1872.7103              272.6614685058593750
1872.7924              272.7143249511718750
1872.8771              272.7807312011718750
1872.9590              272.8214721679687500
1873.0438              272.9046630859375000
1873.1260              273.1915893554687500
1873.2054              273.0959167480468750
1873.2904              272.7579345703125000
1873.3726              272.6936645507812500
1873.4575              272.7128601074218750
1873.5397              272.6946411132812500
1873.6246              272.6828002929687500
1873.7096              272.6765441894531250
1873.7917              272.7073364257812500
1873.8767              272.7377014160156250
1873.9589              272.8019409179687500
1874.0438              272.7902832031250000
1874.1260              272.8239135742187500
1874.2054              272.7126464843750000
1874.2904              272.6391601562500000
1874.3726              272.6384887695312500
1874.4575              272.6933288574218750
1874.5397              272.6560974121093750
1874.6246              272.6863403320312500
1874.7096              272.7319946289062500
1874.7917              272.7505798339843750
1874.8767              272.8114318847656250
1874.9589              272.8482360839843750
1875.0438              272.8582458496093750
1875.1260              272.8808288574218750
1875.2054              272.8006286621093750
1875.2904              272.6858825683593750
1875.3726              272.7151794433593750
1875.4575              272.7409973144531250
1875.5397              272.6931457519531250
1875.6246              272.6970214843750000
1875.7096              272.7115173339843750
1875.7917              272.7600402832031250
1875.8767              272.8171081542968750
1875.9589              272.8594055175781250
1876.0437              273.0604553222656250
1876.1257              273.4310913085937500
1876.2076              273.3630981445312500
1876.2924              272.9667663574218750
1876.3743              272.7681579589843750
1876.4590              272.7406616210937500
1876.5410              272.6405944824218750
1876.6257              272.6072998046875000
1876.7103              272.6341247558593750
1876.7924              272.6611633300781250
1876.8771              272.6827087402343750
1876.9590              272.7586975097656250
1877.0438              273.0052185058593750
1877.1260              273.4668884277343750
1877.2054              273.5014648437500000
1877.2904              273.1306457519531250
1877.3726              272.8094177246093750
1877.4575              272.7074279785156250
1877.5397              272.6318969726562500
1877.6246              272.6661987304687500
1877.7096              272.7068176269531250
1877.7917              272.7404479980468750
1877.8767              272.7755737304687500
1877.9589              272.8164062500000000
1878.0438              272.8621520996093750
1878.1260              273.0594177246093750
1878.2054              273.1075744628906250
1878.2904              272.7531127929687500
1878.3726              272.6871643066406250
1878.4575              272.7405090332031250
1878.5397              272.7391357421875000
1878.6246              272.7763671875000000
1878.7096              272.8059692382812500
1878.7917              272.8166809082031250
1878.8767              272.7945556640625000
1878.9589              272.8083190917968750
1879.0438              272.8179321289062500
1879.1260              272.7681274414062500
1879.2054              272.7040100097656250
1879.2904              272.6614685058593750
1879.3726              272.6374511718750000
1879.4575              272.6893920898437500
1879.5397              272.6798706054687500
1879.6246              272.6939392089843750
1879.7096              272.7171936035156250
1879.7917              272.7453308105468750
1879.8767              272.8042297363281250
1879.9589              272.8609313964843750
1880.0437              272.8501281738281250
1880.1257              272.8948669433593750
1880.2076              272.9355773925781250
1880.2924              272.7992858886718750
1880.3743              272.6812744140625000
1880.4590              272.7229919433593750
1880.5410              272.6218566894531250
1880.6257              272.6168823242187500
1880.7103              272.6957702636718750
1880.7924              272.7229309082031250
1880.8771              272.7399597167968750
1880.9590              272.6914062500000000
1881.0438              272.6305847167968750
1881.1260              272.6497192382812500
1881.2054              272.6158447265625000
1881.2904              272.5681457519531250
1881.3726              272.5904846191406250
1881.4575              272.6395568847656250
1881.5397              272.5993957519531250
1881.6246              272.6593627929687500
1881.7096              272.7242431640625000
1881.7917              272.7671203613281250
1881.8767              272.7964172363281250
1881.9589              272.7844848632812500
1882.0438              272.7709350585937500
1882.1260              272.7663269042968750
1882.2054              272.7344970703125000
1882.2904              272.7210998535156250
1882.3726              272.7290344238281250
1882.4575              272.7302246093750000
1882.5397              272.6689147949218750
1882.6246              272.6677246093750000
1882.7096              272.7295837402343750
1882.7917              272.7617187500000000
1882.8767              272.7987365722656250
1882.9589              272.8266296386718750
1883.0438              272.8457031250000000
1883.1260              273.0476989746093750
1883.2054              273.1003417968750000
1883.2904              272.8846130371093750
1883.3726              272.7514953613281250
1883.4575              272.7945251464843750
1883.5397              272.7913818359375000
1883.6246              272.7886047363281250
1883.7096              272.7850036621093750
1883.7917              272.7747802734375000
1883.8767              272.7735290527343750
1883.9589              272.7976074218750000
1884.0437              272.7922668457031250
1884.1257              272.7866821289062500
1884.2076              272.7186889648437500
1884.2924              272.6718444824218750
1884.3743              272.7033081054687500
1884.4590              272.7504272460937500
1884.5410              272.7065124511718750
1884.6257              272.7076721191406250
1884.7103              272.7179565429687500
1884.7924              272.7559509277343750
1884.8771              272.8090515136718750
1884.9590              272.8492736816406250
1885.0438              272.8358154296875000
1885.1260              272.9427795410156250
1885.2054              272.8935852050781250
1885.2904              272.7174377441406250
1885.3726              272.7133789062500000
1885.4575              272.7133789062500000
1885.5397              272.6715393066406250
1885.6246              272.6378173828125000
1885.7096              272.6719970703125000
1885.7917              272.7530212402343750
1885.8767              272.8051757812500000
1885.9589              272.8582153320312500
1886.0438              272.8678588867187500
1886.1260              273.0304260253906250
1886.2054              272.9788818359375000
1886.2904              272.7164916992187500
1886.3726              272.7851867675781250
1886.4575              272.7882995605468750
1886.5397              272.7390441894531250
1886.6246              272.7305297851562500
1886.7096              272.7498474121093750
1886.7917              272.8233947753906250
1886.8767              272.8487854003906250
1886.9589              272.8539733886718750
1887.0438              272.8298645019531250
1887.1260              272.8201599121093750
1887.2054              272.7807006835937500
1887.2904              272.7047119140625000
1887.3726              272.7821960449218750
1887.4575              272.8045349121093750
1887.5397              272.7723083496093750
1887.6246              272.7247314453125000
1887.7096              272.7465209960937500
1887.7917              272.8524780273437500
1887.8767              272.8737487792968750
1887.9589              272.8656921386718750
1888.0437              272.8257141113281250
1888.1257              272.8197326660156250
1888.2076              272.7623291015625000
1888.2924              272.7416687011718750
1888.3743              272.7700500488281250
1888.4590              272.7412719726562500
1888.5410              272.7269592285156250
1888.6257              272.7588195800781250
1888.7103              272.7891540527343750
1888.7924              272.7956237792968750
1888.8771              272.8166503906250000
1888.9590              272.8282775878906250
1889.0438              272.8014831542968750
1889.1260              272.7936401367187500
1889.2054              272.7193908691406250
1889.2904              272.7310180664062500
1889.3726              272.7329101562500000
1889.4575              272.7204895019531250
1889.5397              272.6962890625000000
1889.6246              272.6806335449218750
1889.7096              272.7256774902343750
1889.7917              272.7676391601562500
1889.8767              272.7940673828125000
1889.9589              272.8381958007812500
1890.0438              272.7904357910156250
1890.1260              272.7815551757812500
1890.2054              272.7424011230468750
1890.2904              272.6782226562500000
1890.3726              272.6787414550781250
1890.4575              272.6819458007812500
1890.5397              272.6430664062500000
1890.6246              272.6269836425781250
1890.7096              272.7412414550781250
1890.7917              272.7878112792968750
1890.8767              272.8268737792968750
1890.9589              272.8907470703125000
1891.0438              272.9160156250000000
1891.1260              272.9007263183593750
1891.2054              272.8663940429687500
1891.2904              272.8371582031250000
1891.3726              272.8259582519531250
1891.4575              272.7891845703125000
1891.5397              272.7951049804687500
1891.6246              272.8288879394531250
1891.7096              272.8834228515625000
1891.7917              272.8635253906250000
1891.8767              272.9274291992187500
1891.9589              272.9284667968750000
1892.0437              272.9330749511718750
1892.1257              272.9957580566406250
1892.2076              272.9622802734375000
1892.2924              272.7249450683593750
1892.3743              272.7532653808593750
1892.4590              272.7407531738281250
1892.5410              272.7699890136718750
1892.6257              272.8519592285156250
1892.7103              272.8815612792968750
1892.7924              272.9023437500000000
1892.8771              272.8927917480468750
1892.9590              272.9359741210937500
1893.0438              273.0328674316406250
1893.1260              273.3424682617187500
1893.2054              273.3182373046875000
1893.2904              272.9232482910156250
1893.3726              272.8559265136718750
1893.4575              272.8432922363281250
1893.5397              272.7732543945312500
1893.6246              272.7451477050781250
1893.7096              272.7800292968750000
1893.7917              272.8391723632812500
1893.8767              272.8626098632812500
1893.9589              272.9257812500000000
1894.0438              273.2648925781250000
1894.1260              273.7245483398437500
1894.2054              273.6875915527343750
1894.2904              273.3732604980468750
1894.3726              272.8171997070312500
1894.4575              272.6085815429687500
1894.5397              272.5617065429687500
1894.6246              272.5462341308593750
1894.7096              272.6200561523437500
1894.7917              272.6062011718750000
1894.8767              272.6291198730468750
1894.9589              272.7414245605468750
1895.0438              272.7730712890625000
1895.1260              272.9720764160156250
1895.2054              273.0633850097656250
1895.2904              272.7351074218750000
1895.3726              272.6421508789062500
1895.4575              272.6744995117187500
1895.5397              272.6609802246093750
1895.6246              272.6619873046875000
1895.7096              272.6692504882812500
1895.7917              272.7294006347656250
1895.8767              272.7649230957031250
1895.9589              272.7618408203125000
1896.0437              272.7369689941406250
1896.1257              272.7735595703125000
1896.2076              272.7155151367187500
1896.2924              272.6907348632812500
1896.3743              272.7700195312500000
1896.4590              272.7748107910156250
1896.5410              272.7091979980468750
1896.6257              272.7654418945312500
1896.7103              272.8219299316406250
1896.7924              272.8237609863281250
1896.8771              272.9000854492187500
1896.9590              272.8998718261718750
1897.0438              272.9096984863281250
1897.1260              272.8998413085937500
1897.2054              272.8573913574218750
1897.2904              272.8336486816406250
1897.3726              272.8043212890625000
1897.4575              272.8488464355468750
1897.5397              272.7846069335937500
1897.6246              272.7880554199218750
1897.7096              272.8578796386718750
1897.7917              272.8684692382812500
1897.8767              272.8959960937500000
1897.9589              272.9327392578125000
1898.0438              272.9615173339843750
1898.1260              273.1925964355468750
1898.2054              273.2320251464843750
1898.2904              272.8635253906250000
1898.3726              272.8181152343750000
1898.4575              272.8368225097656250
1898.5397              272.7937927246093750
1898.6246              272.7718811035156250
1898.7096              272.7934875488281250
1898.7917              272.8202209472656250
1898.8767              272.8924865722656250
1898.9589              272.9215698242187500
1899.0438              272.9163818359375000
1899.1260              272.9917602539062500
1899.2054              273.0076599121093750
1899.2904              272.8431091308593750
1899.3726              272.7793273925781250
1899.4575              272.7529296875000000
1899.5397              272.7196655273437500
1899.6246              272.7591552734375000
1899.7096              272.7852172851562500
1899.7917              272.8279724121093750
1899.8767              272.8903198242187500
1899.9589              272.9030456542968750
1900.0438              272.8768615722656250
1900.1260              272.9810791015625000
1900.2054              272.9567871093750000
1900.2904              272.7304687500000000
1900.3726              272.7471313476562500
1900.4575              272.7716674804687500
1900.5397              272.7580566406250000
1900.6246              272.7303161621093750
1900.7096              272.7662353515625000
1900.7917              272.8208618164062500
1900.8767              272.8918762207031250
1900.9589              272.9226074218750000
1901.0438              272.9346008300781250
1901.1260              273.0527648925781250
1901.2054              273.0719909667968750
1901.2904              272.7175903320312500
1901.3726              272.7358703613281250
1901.4575              272.7489624023437500
1901.5397              272.7301635742187500
1901.6246              272.7394104003906250
1901.7096              272.8469238281250000
1901.7917              272.8860473632812500
1901.8767              272.9206237792968750
1901.9589              272.8471069335937500
1902.0438              272.8666687011718750
1902.1260              273.0743713378906250
1902.2054              273.1666564941406250
1902.2904              272.8400268554687500
1902.3726              272.7095947265625000
1902.4575              272.7290954589843750
1902.5397              272.6958007812500000
1902.6246              272.6771545410156250
1902.7096              272.7170104980468750
1902.7917              272.7404479980468750
1902.8767              272.7062988281250000
1902.9589              272.7254028320312500
1903.0438              272.7070922851562500
1903.1260              272.6997680664062500
1903.2054              272.6628417968750000
1903.2904              272.6090698242187500
1903.3726              272.6449279785156250
1903.4575              272.6580505371093750
1903.5397              272.6397399902343750
1903.6246              272.6770935058593750
1903.7096              272.7410583496093750
1903.7917              272.7645263671875000
1903.8767              272.7767944335937500
1903.9589              272.8011169433593750
1904.0437              272.8105773925781250
1904.1257              272.7951965332031250
1904.2076              272.7414550781250000
1904.2924              272.6506652832031250
1904.3743              272.6343383789062500
1904.4590              272.6750183105468750
1904.5410              272.6367187500000000
1904.6257              272.6524353027343750
1904.7103              272.7121276855468750
1904.7924              272.7517700195312500
1904.8771              272.8247070312500000
1904.9590              272.8590393066406250
1905.0438              272.8422241210937500
1905.1260              272.8294372558593750
1905.2054              272.7665100097656250
1905.2904              272.6950988769531250
1905.3726              272.6098937988281250
1905.4575              272.6286621093750000
1905.5397              272.6711425781250000
1905.6246              272.6592712402343750
1905.7096              272.6736450195312500
1905.7917              272.7133483886718750
1905.8767              272.7044067382812500
1905.9589              272.7217712402343750
1906.0438              272.6991577148437500
1906.1260              272.6522521972656250
1906.2054              272.6495666503906250
1906.2904              272.6553344726562500
1906.3726              272.6519470214843750
1906.4575              272.6744995117187500
1906.5397              272.6363220214843750
1906.6246              272.6667480468750000
1906.7096              272.7110900878906250
1906.7917              272.7587585449218750
1906.8767              272.8492736816406250
1906.9589              272.9029541015625000
1907.0438              272.9399414062500000
1907.1260              273.2467041015625000
1907.2054              273.3241882324218750
1907.2904              272.9364624023437500
1907.3726              272.7221984863281250
1907.4575              272.7446594238281250
1907.5397              272.7051086425781250
1907.6246              272.7688903808593750
1907.7096              272.8704833984375000
1907.7917              272.8650512695312500
1907.8767              272.9088439941406250
1907.9589              272.8327941894531250
1908.0437              272.8108215332031250
1908.1257              272.8819274902343750
1908.2076              272.8337097167968750
1908.2924              272.7694091796875000
1908.3743              272.7560424804687500
1908.4590              272.7992248535156250
1908.5410              272.8159790039062500
1908.6257              272.8041687011718750
1908.7103              272.8153076171875000
1908.7924              272.8611755371093750
1908.8771              272.8538513183593750
1908.9590              272.8642578125000000
1909.0438              272.8241882324218750
1909.1260              272.8358764648437500
1909.2054              272.8432922363281250
1909.2904              272.8098449707031250
1909.3726              272.8067321777343750
1909.4575              272.8537902832031250
1909.5397              272.8047180175781250
1909.6246              272.8341064453125000
1909.7096              272.8778686523437500
1909.7917              272.9152832031250000
1909.8767              272.9555053710937500
1909.9589              272.9479370117187500
1910.0438              272.9089355468750000
1910.1260              272.8920288085937500
1910.2054              272.8445129394531250
1910.2904              272.7556152343750000
1910.3726              272.7528381347656250
1910.4575              272.7559814453125000
1910.5397              272.7183227539062500
1910.6246              272.7792358398437500
1910.7096              272.8424377441406250
1910.7917              272.8211669921875000
1910.8767              272.7920837402343750
1910.9589              272.8282165527343750
1911.0438              272.8466186523437500
1911.1260              272.8547058105468750
1911.2054              272.8099975585937500
1911.2904              272.6960144042968750
1911.3726              272.6160888671875000
1911.4575              272.6903991699218750
1911.5397              272.7158813476562500
1911.6246              272.7448120117187500
1911.7096              272.7976989746093750
1911.7917              272.8017578125000000
1911.8767              272.8422241210937500
1911.9589              272.8770141601562500
1912.0437              272.8973693847656250
1912.1257              272.8639526367187500
1912.2076              272.7652893066406250
1912.2924              272.7696228027343750
1912.3743              272.7737731933593750
1912.4590              272.7994689941406250
1912.5410              272.7342834472656250
1912.6257              272.7559814453125000
1912.7103              272.8201293945312500
1912.7924              272.8399658203125000
1912.8771              272.8824462890625000
1912.9590              272.8966979980468750
1913.0438              272.9089355468750000
1913.1260              272.9953002929687500
1913.2054              273.0167846679687500
1913.2904              272.8101196289062500
1913.3726              272.7339172363281250
1913.4575              272.7781066894531250
1913.5397              272.7480773925781250
1913.6246              272.7734069824218750
1913.7096              272.7898559570312500
1913.7917              272.8391418457031250
1913.8767              272.8459777832031250
1913.9589              272.8890991210937500
1914.0438              272.9289550781250000
1914.1260              273.2220458984375000
1914.2054              273.2476196289062500
1914.2904              272.8567504882812500
1914.3726              272.8085937500000000
1914.4575              272.8314208984375000
1914.5397              272.7810668945312500
1914.6246              272.8086547851562500
1914.7096              272.8514099121093750
1914.7917              272.8783569335937500
1914.8767              272.9030456542968750
1914.9589              272.9230651855468750
1915.0438              273.0184326171875000
1915.1260              273.2775573730468750
1915.2054              273.3137207031250000
1915.2904              273.0456542968750000
1915.3726              272.7765502929687500
1915.4575              272.7705993652343750
1915.5397              272.7294921875000000
1915.6246              272.7102355957031250
1915.7096              272.7344055175781250
1915.7917              272.8026123046875000
1915.8767              272.8527221679687500
1915.9589              272.9184265136718750
1916.0437              273.0965576171875000
1916.1257              273.4483032226562500
1916.2076              273.5039978027343750
1916.2924              273.1680297851562500
1916.3743              272.7465209960937500
1916.4590              272.7417907714843750
1916.5410              272.7190246582031250
1916.6257              272.7168579101562500
1916.7103              272.7149963378906250
1916.7924              272.7445068359375000
1916.8771              272.7703552246093750
1916.9590              272.7777709960937500
1917.0438              272.8067016601562500
1917.1260              272.9472656250000000
1917.2054              272.9606628417968750
1917.2904              272.7242431640625000
1917.3726              272.7513122558593750
1917.4575              272.7709045410156250
1917.5397              272.7231445312500000
1917.6246              272.7501831054687500
1917.7096              272.7369384765625000
1917.7917              272.7355651855468750
1917.8767              272.8124694824218750
1917.9589              272.9223632812500000
1918.0438              272.8953552246093750
1918.1260              273.0442504882812500
1918.2054              273.0224914550781250
1918.2904              272.7759399414062500
1918.3726              272.7935485839843750
1918.4575              272.8420104980468750
1918.5397              272.8075866699218750
1918.6246              272.7846069335937500
1918.7096              272.7854003906250000
1918.7917              272.8456420898437500
1918.8767              272.8380432128906250
1918.9589              272.8566894531250000
1919.0438              272.8224792480468750
1919.1260              272.8211059570312500
1919.2054              272.7532348632812500
1919.2904              272.6926879882812500
1919.3726              272.7374877929687500
1919.4575              272.7883300781250000
1919.5397              272.7407836914062500
1919.6246              272.7613525390625000
1919.7096              272.8171386718750000
1919.7917              272.8677673339843750
1919.8767              272.9631042480468750
1919.9589              273.0538940429687500
1920.0437              273.2972412109375000
1920.1257              273.6129455566406250
1920.2076              273.5548095703125000
1920.2924              273.0670471191406250
1920.3743              272.8353576660156250
1920.4590              272.8160400390625000
1920.5410              272.7624511718750000
1920.6257              272.7019042968750000
1920.7103              272.7179870605468750
1920.7924              272.8103027343750000
1920.8771              272.8639221191406250
1920.9590              272.8523254394531250
1921.0438              272.8117675781250000
1921.1260              272.8003234863281250
1921.2054              272.7660217285156250
1921.2904              272.7077941894531250
1921.3726              272.6955566406250000
1921.4575              272.6244506835937500
1921.5397              272.5890808105468750
1921.6246              272.6461486816406250
1921.7096              272.6528930664062500
1921.7917              272.7146606445312500
1921.8767              272.7873840332031250
1921.9589              272.8450927734375000
1922.0438              272.8500061035156250
1922.1260              272.9004821777343750
1922.2054              272.8488159179687500
1922.2904              272.6835632324218750
1922.3726              272.7040405273437500
1922.4575              272.7382507324218750
1922.5397              272.7247619628906250
1922.6246              272.6754760742187500
1922.7096              272.7476501464843750
1922.7917              272.8170471191406250
1922.8767              272.8531494140625000
1922.9589              272.8063049316406250
1923.0438              272.8021850585937500
1923.1260              272.9065856933593750
1923.2054              272.9650878906250000
1923.2904              272.7627868652343750
1923.3726              272.7226867675781250
1923.4575              272.7455749511718750
1923.5397              272.7382812500000000
1923.6246              272.7306823730468750
1923.7096              272.7898864746093750
1923.7917              272.7712707519531250
1923.8767              272.8269653320312500
1923.9589              272.9334716796875000
1924.0437              272.9127197265625000
1924.1257              273.2379455566406250
1924.2076              273.2471618652343750
1924.2924              272.7904663085937500
1924.3743              272.8029479980468750
1924.4590              272.8028259277343750
1924.5410              272.7736816406250000
1924.6257              272.8048706054687500
1924.7103              272.8440246582031250
1924.7924              272.8553161621093750
1924.8771              272.8629455566406250
1924.9590              272.9356689453125000
1925.0438              272.9719848632812500
1925.1260              273.2474670410156250
1925.2054              273.2155761718750000
1925.2904              272.7698669433593750
1925.3726              272.7522583007812500
1925.4575              272.8021240234375000
1925.5397              272.7753601074218750
1925.6246              272.7358093261718750
1925.7096              272.7969360351562500
1925.7917              272.7902221679687500
1925.8767              272.8056945800781250
1925.9589              272.8248596191406250
1926.0438              272.7613220214843750
1926.1260              272.8309020996093750
1926.2054              272.9063720703125000
1926.2904              272.6626586914062500
1926.3726              272.7323608398437500
1926.4575              272.7870178222656250
1926.5397              272.7715148925781250
1926.6246              272.8049316406250000
1926.7096              272.8613891601562500
1926.7917              272.9035644531250000
1926.8767              272.8769836425781250
1926.9589              272.8770141601562500
1927.0438              273.0075683593750000
1927.1260              273.3319091796875000
1927.2054              273.2850341796875000
1927.2904              272.8766784667968750
1927.3726              272.7418212890625000
1927.4575              272.7772827148437500
1927.5397              272.7486267089843750
1927.6246              272.7605590820312500
1927.7096              272.7828674316406250
1927.7917              272.7793884277343750
1927.8767              272.8455200195312500
1927.9589              272.9096374511718750
1928.0437              273.1888427734375000
1928.1257              273.4898376464843750
1928.2076              273.4361877441406250
1928.2924              273.1105957031250000
1928.3743              272.8041687011718750
1928.4590              272.8022155761718750
1928.5410              272.7689819335937500
1928.6257              272.7097167968750000
1928.7103              272.6890258789062500
1928.7924              272.7229919433593750
1928.8771              272.8067321777343750
1928.9590              272.8547058105468750
1929.0438              272.9407958984375000
1929.1260              273.2476501464843750
1929.2054              273.2677612304687500
1929.2904              272.9318237304687500
1929.3726              272.6438293457031250
1929.4575              272.6712036132812500
1929.5397              272.5902709960937500
1929.6246              272.5177307128906250
1929.7096              272.5554199218750000
1929.7917              272.6640930175781250
1929.8767              272.7365112304687500
1929.9589              272.7836914062500000
1930.0438              272.9576721191406250
1930.1260              273.3158874511718750
1930.2054              273.2638244628906250
1930.2904              272.8059997558593750
1930.3726              272.7303771972656250
1930.4575              272.7276000976562500
1930.5397              272.7528076171875000
1930.6246              272.7228698730468750
1930.7096              272.7501831054687500
1930.7917              272.8231811523437500
1930.8767              272.9275512695312500
1930.9589              272.9776306152343750
1931.0438              273.0527038574218750
1931.1260              273.4007568359375000
1931.2054              273.3435058593750000
1931.2904              272.9615783691406250
1931.3726              272.7587890625000000
1931.4575              272.7736816406250000
1931.5397              272.7167358398437500
1931.6246              272.6488037109375000
1931.7096              272.7315063476562500
1931.7917              272.8186950683593750
1931.8767              272.8711242675781250
1931.9589              272.8992004394531250
1932.0437              272.9927978515625000
1932.1257              273.3126220703125000
1932.2076              273.2711181640625000
1932.2924              272.8549499511718750
1932.3743              272.7792663574218750
1932.4590              272.7589111328125000
1932.5410              272.7365722656250000
1932.6257              272.7155761718750000
1932.7103              272.7582397460937500
1932.7924              272.8031616210937500
1932.8771              272.8770141601562500
1932.9590              272.9078063964843750
1933.0438              273.0984497070312500
1933.1260              273.4876098632812500
1933.2054              273.3609313964843750
1933.2904              272.9788513183593750
1933.3726              272.8189086914062500
1933.4575              272.7764587402343750
1933.5397              272.7447509765625000
1933.6246              272.7056884765625000
1933.7096              272.7319946289062500
1933.7917              272.7375793457031250
1933.8767              272.7564392089843750
1933.9589              272.8022766113281250
1934.0438              272.8753051757812500
1934.1260              273.2140502929687500
1934.2054              273.2062988281250000
1934.2904              272.8829345703125000
1934.3726              272.7753295898437500
1934.4575              272.7533874511718750
1934.5397              272.7687072753906250
1934.6246              272.7358093261718750
1934.7096              272.7448425292968750
1934.7917              272.8347473144531250
1934.8767              272.8947753906250000
1934.9589              272.8871154785156250
1935.0438              272.8835449218750000
1935.1260              272.9594116210937500
1935.2054              272.9986877441406250
1935.2904              272.7882385253906250
1935.3726              272.7568054199218750
1935.4575              272.7625427246093750
1935.5397              272.7390136718750000
1935.6246              272.7522888183593750
1935.7096              272.8185424804687500
1935.7917              272.8102722167968750
1935.8767              272.8547363281250000
1935.9589              272.9194030761718750
1936.0437              272.9289550781250000
1936.1257              272.9916076660156250
1936.2076              272.9784545898437500
1936.2924              272.7871398925781250
1936.3743              272.7671508789062500
1936.4590              272.8320312500000000
1936.5410              272.7866516113281250
1936.6257              272.7670593261718750
1936.7103              272.8096618652343750
1936.7924              272.7912597656250000
1936.8771              272.8399353027343750
1936.9590              272.8879699707031250
1937.0438              272.9283142089843750
1937.1260              273.0920104980468750
1937.2054              273.1216125488281250
1937.2904              272.8148193359375000
1937.3726              272.7439575195312500
1937.4575              272.7724304199218750
1937.5397              272.7172241210937500
1937.6246              272.7168884277343750
1937.7096              272.7983703613281250
1937.7917              272.8565673828125000
1937.8767              272.9213562011718750
1937.9589              272.8919372558593750
1938.0438              272.9083862304687500
1938.1260              272.9877014160156250
1938.2054              272.9451599121093750
1938.2904              272.7474975585937500
1938.3726              272.8136901855468750
1938.4575              272.8083496093750000
1938.5397              272.7988281250000000
1938.6246              272.7585449218750000
1938.7096              272.7266235351562500
1938.7917              272.8093872070312500
1938.8767              272.8903198242187500
1938.9589              272.9449768066406250
1939.0438              272.8781738281250000
1939.1260              272.9235229492187500
1939.2054              273.0102844238281250
1939.2904              272.8508911132812500
1939.3726              272.7899169921875000
1939.4575              272.7444763183593750
1939.5397              272.7522277832031250
1939.6246              272.7784729003906250
1939.7096              272.8327026367187500
1939.7917              272.8341979980468750
1939.8767              272.8712768554687500
1939.9589              272.9194030761718750
1940.0437              273.0731506347656250
1940.1257              273.4609069824218750
1940.2076              273.4954528808593750
1940.2924              273.1690063476562500
1940.3743              272.8365783691406250
1940.4590              272.7204284667968750
1940.5410              272.6642761230468750
1940.6257              272.6484680175781250
1940.7103              272.7089233398437500
1940.7924              272.7473754882812500
1940.8771              272.7470397949218750
1940.9590              272.8045043945312500
1941.0438              272.9002380371093750
1941.1260              273.2238159179687500
1941.2054              273.2888183593750000
1941.2904              273.0286865234375000
1941.3726              272.8260498046875000
1941.4575              272.8314208984375000
1941.5397              272.7781372070312500
1941.6246              272.7934265136718750
1941.7096              272.8427734375000000
1941.7917              272.8215942382812500
1941.8767              272.8480834960937500
1941.9589              272.8508605957031250
1942.0438              273.2369995117187500
1942.1260              273.6531677246093750
1942.2054              273.6059570312500000
1942.2904              273.3428955078125000
1942.3726              272.9455871582031250
1942.4575              272.7664794921875000
1942.5397              272.6839599609375000
1942.6246              272.6115112304687500
1942.7096              272.6666564941406250
1942.7917              272.6792907714843750
1942.8767              272.7476501464843750
1942.9589              272.8063964843750000
1943.0438              272.9729614257812500
1943.1260              273.3588562011718750
1943.2054              273.3830566406250000
1943.2904              273.1504821777343750
1943.3726              272.8310241699218750
1943.4575              272.7397766113281250
1943.5397              272.6719665527343750
1943.6246              272.5625305175781250
1943.7096              272.6112670898437500
1943.7917              272.6358947753906250
1943.8767              272.6471862792968750
1943.9589              272.7068176269531250
1944.0437              272.6993713378906250
1944.1257              272.7300720214843750
1944.2076              272.7036132812500000
1944.2924              272.6857604980468750
1944.3743              272.7163696289062500
1944.4590              272.7576293945312500
1944.5410              272.7395324707031250
1944.6257              272.7622680664062500
1944.7103              272.8008117675781250
1944.7924              272.8674011230468750
1944.8771              272.8854980468750000
1944.9590              272.8906555175781250
1945.0438              272.9870605468750000
1945.1260              273.2517700195312500
1945.2054              273.2709045410156250
1945.2904              273.0065612792968750
1945.3726              272.7854003906250000
1945.4575              272.7125854492187500
1945.5397              272.7073669433593750
1945.6246              272.7219238281250000
1945.7096              272.7315063476562500
1945.7917              272.7737731933593750
1945.8767              272.8438110351562500
1945.9589              272.8989257812500000
1946.0438              273.0163269042968750
1946.1260              273.3391723632812500
1946.2054              273.3796691894531250
1946.2904              273.1137695312500000
1946.3726              272.8539123535156250
1946.4575              272.8023071289062500
1946.5397              272.7569580078125000
1946.6246              272.6787719726562500
1946.7096              272.7819824218750000
1946.7917              272.8206787109375000
1946.8767              272.8634338378906250
1946.9589              272.8438415527343750
1947.0438              272.8426208496093750
1947.1260              273.0892333984375000
1947.2054              273.1710205078125000
1947.2904              272.7645874023437500
1947.3726              272.6345520019531250
1947.4575              272.6553955078125000
1947.5397              272.6260375976562500
1947.6246              272.6547851562500000
1947.7096              272.6928100585937500
1947.7917              272.7210083007812500
1947.8767              272.7776184082031250
1947.9589              272.7855224609375000
1948.0437              272.7219848632812500
1948.1257              272.7450256347656250
1948.2076              272.6984252929687500
1948.2924              272.6182250976562500
1948.3743              272.7080383300781250
1948.4590              272.7296447753906250
1948.5410              272.6791687011718750
1948.6257              272.6668395996093750
1948.7103              272.6433715820312500
1948.7924              272.6835021972656250
1948.8771              272.7820129394531250
1948.9590              272.8092956542968750
1949.0438              272.7860717773437500
1949.1260              272.8428649902343750
1949.2054              272.7840576171875000
1949.2904              272.7339477539062500
1949.3726              272.7741394042968750
1949.4575              272.7366638183593750
1949.5397              272.7386169433593750
1949.6246              272.7881469726562500
1949.7096              272.8133850097656250
1949.7917              272.8239746093750000
1949.8767              272.8664855957031250
1949.9589              272.9088439941406250
1950.0438              273.0221252441406250
1950.1260              273.3749389648437500
1950.2054              273.2585754394531250
1950.2904              272.8537902832031250
1950.3726              272.7972717285156250
1950.4575              272.7959289550781250
1950.5397              272.7448730468750000
1950.6246              272.7386779785156250
1950.7096              272.7580261230468750
1950.7917              272.7891845703125000
1950.8767              272.8187255859375000
1950.9589              272.8317565917968750
1951.0438              272.8467712402343750
1951.1260              272.8937988281250000
1951.2054              272.8919067382812500
1951.2904              272.7886352539062500
1951.3726              272.7468566894531250
1951.4575              272.7738342285156250
1951.5397              272.7796020507812500
1951.6246              272.8246765136718750
1951.7096              272.8454895019531250
1951.7917              272.8811035156250000
1951.8767              272.9293823242187500
1951.9589              272.9696655273437500
1952.0437              273.0717468261718750
1952.1257              273.3894958496093750
1952.2076              273.2499694824218750
1952.2924              272.8721313476562500
1952.3743              272.8323059082031250
1952.4590              272.8745117187500000
1952.5410              272.8253479003906250
1952.6257              272.7994079589843750
1952.7103              272.8492431640625000
1952.7924              272.8525085449218750
1952.8771              272.8010559082031250
1952.9590              272.7668762207031250
1953.0438              272.7695007324218750
1953.1260              272.7835998535156250
1953.2054              272.7630004882812500
1953.2904              272.7711486816406250
1953.3726              272.7384643554687500
1953.4575              272.7894897460937500
1953.5397              272.7206420898437500
1953.6246              272.7300720214843750
1953.7096              272.8100891113281250
1953.7917              272.7465209960937500
1953.8767              272.7692871093750000
1953.9589              272.8253784179687500
1954.0438              272.8668823242187500
1954.1260              272.8896179199218750
1954.2054              272.8771362304687500
1954.2904              272.7564392089843750
1954.3726              272.7536621093750000
1954.4575              272.7409667968750000
1954.5397              272.6972351074218750
1954.6246              272.7040405273437500
1954.7096              272.7442321777343750
1954.7917              272.7430419921875000
1954.8767              272.8136291503906250
1954.9589              272.8335876464843750
1955.0438              272.8355407714843750
1955.1260              272.8546447753906250
1955.2054              272.8092041015625000
1955.2904              272.7197265625000000
1955.3726              272.7259521484375000
1955.4575              272.7579040527343750
1955.5397              272.7690429687500000
1955.6246              272.8055725097656250
1955.7096              272.7666931152343750
1955.7917              272.8191223144531250
1955.8767              272.8648376464843750
1955.9589              272.8847961425781250
1956.0437              272.9022827148437500
1956.1257              272.9891052246093750
1956.2076              272.9693603515625000
1956.2924              272.7518005371093750
1956.3743              272.7566223144531250
1956.4590              272.7584838867187500
1956.5410              272.7385864257812500
1956.6257              272.7609863281250000
1956.7103              272.7762451171875000
1956.7924              272.7943725585937500
1956.8771              272.8225402832031250
1956.9590              272.8222961425781250
1957.0438              272.8406677246093750
1957.1260              272.8439025878906250
1957.2054              272.7810363769531250
1957.2904              272.7099609375000000
1957.3726              272.7444458007812500
1957.4575              272.7854003906250000
1957.5397              272.7383422851562500
1957.6246              272.7515258789062500
1957.7096              272.7611999511718750
1957.7917              272.7873535156250000
1957.8767              272.8833923339843750
1957.9589              272.8924255371093750
1958.0438              272.8836364746093750
1958.1260              272.9643859863281250
1958.2054              272.9691162109375000
1958.2904              272.8487854003906250
1958.3726              272.8420715332031250
1958.4575              272.8626098632812500
1958.5397              272.8092346191406250
1958.6246              272.8150634765625000
1958.7096              272.8503417968750000
1958.7917              272.9291687011718750
1958.8767              272.9662475585937500
1958.9589              273.0420227050781250
1959.0438              273.4362487792968750
1959.1260              273.7996826171875000
1959.2054              273.7154235839843750
1959.2904              273.3683471679687500
1959.3726              273.2044372558593750
1959.4575              272.7753601074218750
1959.5397              272.5886230468750000
1959.6246              272.6093750000000000
1959.7096              272.6256713867187500
1959.7917              272.6388549804687500
1959.8767              272.6575622558593750
1959.9589              272.6544799804687500
1960.0437              272.7487792968750000
1960.1257              273.0473937988281250
1960.2076              273.0875549316406250
1960.2924              272.6987915039062500
1960.3743              272.4850158691406250
1960.4590              272.3908386230468750
1960.5410              272.3385620117187500
1960.6257              272.4602355957031250
1960.7103              272.5693359375000000
1960.7924              272.6010437011718750
1960.8771              272.6735534667968750
1960.9590              272.7256774902343750
1961.0438              272.9491271972656250
1961.1260              273.3299255371093750
1961.2054              273.3083496093750000
1961.2904              272.8398132324218750
1961.3726              272.6501770019531250
1961.4575              272.6345214843750000
1961.5397              272.6351318359375000
1961.6246              272.6454162597656250
1961.7096              272.7193603515625000
1961.7917              272.7671203613281250
1961.8767              272.7952270507812500
1961.9589              272.7969055175781250
1962.0438              272.8214416503906250
1962.1260              272.8725280761718750
1962.2054              272.7526245117187500
1962.2904              272.6820983886718750
1962.3726              272.7319335937500000
1962.4575              272.7536926269531250
1962.5397              272.7335205078125000
1962.6246              272.7760620117187500
1962.7096              272.8033752441406250
1962.7917              272.8731994628906250
1962.8767              272.8737182617187500
1962.9589              272.8995971679687500
1963.0438              272.9418334960937500
1963.1260              273.0689086914062500
1963.2054              273.0617065429687500
1963.2904              272.7915039062500000
1963.3726              272.7306213378906250
1963.4575              272.7745056152343750
1963.5397              272.7411499023437500
1963.6246              272.7328186035156250
1963.7096              272.8102111816406250
1963.7917              272.7945861816406250
1963.8767              272.8529357910156250
1963.9589              272.8681030273437500
1964.0437              272.8625488281250000
1964.1257              273.0922851562500000
1964.2076              273.2588500976562500
1964.2924              272.9603576660156250
1964.3743              272.7822570800781250
1964.4590              272.7340393066406250
1964.5410              272.7533874511718750
1964.6257              272.7476806640625000
1964.7103              272.8054199218750000
1964.7924              272.8629150390625000
1964.8771              272.8659973144531250
1964.9590              272.8860168457031250
1965.0438              272.9047241210937500
1965.1260              272.9808959960937500
1965.2054              273.0298767089843750
1965.2904              272.8894042968750000
1965.3726              272.8040466308593750
1965.4575              272.7618103027343750
1965.5397              272.7413330078125000
1965.6246              272.7169494628906250
1965.7096              272.7698364257812500
1965.7917              272.8175964355468750
1965.8767              272.8280639648437500
1965.9589              272.8251342773437500
1966.0438              272.8589782714843750
1966.1260              273.1190185546875000
1966.2054              273.1259765625000000
1966.2904              272.8132629394531250
1966.3726              272.7087402343750000
1966.4575              272.7393798828125000
1966.5397              272.7101745605468750
1966.6246              272.7231445312500000
1966.7096              272.7516784667968750
1966.7917              272.7825927734375000
1966.8767              272.8193054199218750
1966.9589              272.8586425781250000
1967.0438              272.8791198730468750
1967.1260              272.8475341796875000
1967.2054              272.7924499511718750
1967.2904              272.6697387695312500
1967.3726              272.6987915039062500
1967.4575              272.7326354980468750
1967.5397              272.6955566406250000
1967.6246              272.6866149902343750
1967.7096              272.7067260742187500
1967.7917              272.7479248046875000
1967.8767              272.8170166015625000
1967.9589              272.8690185546875000
1968.0437              272.8898315429687500
1968.1257              272.9025573730468750
1968.2076              272.8660583496093750
1968.2924              272.7195129394531250
1968.3743              272.7777709960937500
1968.4590              272.6602478027343750
1968.5410              272.6199951171875000
1968.6257              272.6750793457031250
1968.7103              272.7115173339843750
1968.7924              272.7415771484375000
1968.8771              272.7797851562500000
1968.9590              272.7687683105468750
1969.0438              272.7751464843750000
1969.1260              272.7613220214843750
1969.2054              272.6333618164062500
1969.2904              272.5770568847656250
1969.3726              272.6164855957031250
1969.4575              272.6334228515625000
1969.5397              272.7021789550781250
1969.6246              272.6921081542968750
1969.7096              272.6971130371093750
1969.7917              272.7445373535156250
1969.8767              272.8645629882812500
1969.9589              272.9056091308593750
1970.0438              272.8789672851562500
1970.1260              272.9112854003906250
1970.2054              272.9063110351562500
1970.2904              272.7954711914062500
1970.3726              272.8223571777343750
1970.4575              272.8666381835937500
1970.5397              272.8439941406250000
1970.6246              272.7322998046875000
1970.7096              272.7114257812500000
1970.7917              272.7596130371093750
1970.8767              272.8279724121093750
1970.9589              272.8596801757812500
1971.0438              272.8496093750000000
1971.1260              272.9170532226562500
1971.2054              272.9248352050781250
1971.2904              272.7016906738281250
1971.3726              272.7285156250000000
1971.4575              272.7216186523437500
1971.5397              272.6975097656250000
1971.6246              272.7456970214843750
1971.7096              272.8118591308593750
1971.7917              272.8688049316406250
1971.8767              272.8785400390625000
1971.9589              272.9202575683593750
1972.0437              273.1052856445312500
1972.1257              273.5285034179687500
1972.2076              273.5996398925781250
1972.2924              273.0958862304687500
1972.3743              272.7581787109375000
1972.4590              272.7183227539062500
1972.5410              272.6615905761718750
1972.6257              272.6919860839843750
1972.7103              272.7458496093750000
1972.7924              272.7703247070312500
1972.8771              272.8361511230468750
1972.9590              272.8901062011718750
1973.0438              272.8876342773437500
1973.1260              272.9708251953125000
1973.2054              272.9950256347656250
1973.2904              272.7319030761718750
1973.3726              272.7060546875000000
1973.4575              272.6918334960937500
1973.5397              272.6720275878906250
1973.6246              272.7242736816406250
1973.7096              272.7652282714843750
1973.7917              272.7908020019531250
1973.8767              272.8140258789062500
1973.9589              272.8379821777343750
1974.0438              272.8428649902343750
1974.1260              272.9570007324218750
1974.2054              272.9082946777343750
1974.2904              272.7157897949218750
1974.3726              272.7678527832031250
1974.4575              272.7692871093750000
1974.5397              272.7690124511718750
1974.6246              272.7141723632812500
1974.7096              272.7727050781250000
1974.7917              272.8226928710937500
1974.8767              272.8401489257812500
1974.9589              272.8690185546875000
1975.0438              272.9031066894531250
1975.1260              273.0563354492187500
1975.2054              273.0747070312500000
1975.2904              272.8270568847656250
1975.3726              272.7777404785156250
1975.4575              272.7940063476562500
1975.5397              272.7770080566406250
1975.6246              272.7785339355468750
1975.7096              272.8514099121093750
1975.7917              272.8774108886718750
1975.8767              272.8706359863281250
1975.9589              272.8582153320312500
1976.0437              272.9709167480468750
1976.1257              273.2456054687500000
1976.2076              273.3071594238281250
1976.2924              273.0975036621093750
1976.3743              272.8980712890625000
1976.4590              272.7324218750000000
1976.5410              272.7131042480468750
1976.6257              272.6818237304687500
1976.7103              272.7445373535156250
1976.7924              272.8078002929687500
1976.8771              272.8160400390625000
1976.9590              272.8592224121093750
1977.0438              272.9302673339843750
1977.1260              273.2269287109375000
1977.2054              273.2954711914062500
1977.2904              273.0216674804687500
1977.3726              272.8316955566406250
1977.4575              272.8315429687500000
1977.5397              272.8543090820312500
1977.6246              272.8743896484375000
1977.7096              272.9205627441406250
1977.7917              272.9183349609375000
1977.8767              272.9517517089843750
1977.9589              272.9219665527343750
1978.0438              272.9830627441406250
1978.1260              273.1587524414062500
1978.2054              273.0443420410156250
1978.2904              272.8269348144531250
1978.3726              272.8190307617187500
1978.4575              272.8436279296875000
1978.5397              272.7950134277343750
1978.6246              272.7523193359375000
1978.7096              272.7803039550781250
1978.7917              272.8011474609375000
1978.8767              272.8381958007812500
1978.9589              272.7984313964843750
1979.0438              272.7681579589843750
1979.1260              272.7354431152343750
1979.2054              272.7097167968750000
1979.2904              272.6981201171875000
1979.3726              272.6972351074218750
1979.4575              272.7124633789062500
1979.5397              272.6563415527343750
1979.6246              272.6447448730468750
1979.7096              272.7101745605468750
1979.7917              272.7390136718750000
1979.8767              272.7809753417968750
1979.9589              272.8493957519531250
1980.0437              272.8339843750000000
1980.1257              272.8665771484375000
1980.2076              272.8576660156250000
1980.2924              272.7927246093750000
1980.3743              272.7962036132812500
1980.4590              272.7650146484375000
1980.5410              272.7863159179687500
1980.6257              272.8045959472656250
1980.7103              272.8182983398437500
1980.7924              272.8541564941406250
1980.8771              272.8545532226562500
1980.9590              272.8941345214843750
1981.0438              272.8992309570312500
1981.1260              273.0941467285156250
1981.2054              273.0919189453125000
1981.2904              272.8858337402343750
1981.3726              272.7824707031250000
1981.4575              272.8242492675781250
1981.5397              272.8202819824218750
1981.6246              272.8348083496093750
1981.7096              272.8856811523437500
1981.7917              272.8415222167968750
1981.8767              272.9408569335937500
1981.9589              272.9913635253906250
1982.0438              273.1573486328125000
1982.1260              273.4964294433593750
1982.2054              273.5177001953125000
1982.2904              273.0993957519531250
1982.3726              272.8245239257812500
1982.4575              272.8187561035156250
1982.5397              272.7704772949218750
1982.6246              272.7519836425781250
1982.7096              272.7660827636718750
1982.7917              272.7959899902343750
1982.8767              272.8276062011718750
1982.9589              272.8682556152343750
1983.0438              272.9000854492187500
1983.1260              273.0712280273437500
1983.2054              273.0715942382812500
1983.2904              272.9028015136718750
1983.3726              272.7120361328125000
1983.4575              272.7547302246093750
1983.5397              272.7454223632812500
1983.6246              272.7510070800781250
1983.7096              272.7822875976562500
1983.7917              272.7843322753906250
1983.8767              272.8516235351562500
1983.9589              272.8755798339843750
1984.0437              272.9877014160156250
1984.1257              273.4205932617187500
1984.2076              273.3671569824218750
1984.2924              273.0150451660156250
1984.3743              272.7674560546875000
1984.4590              272.7403259277343750
1984.5410              272.7160034179687500
1984.6257              272.7237243652343750
1984.7103              272.7494506835937500
1984.7924              272.8105468750000000
1984.8771              272.8842773437500000
1984.9590              272.9509887695312500
1985.0438              272.9723205566406250
1985.1260              273.2870178222656250
1985.2054              273.2888488769531250
1985.2904              273.0686950683593750
1985.3726              272.8569641113281250
1985.4575              272.8644104003906250
1985.5397              272.8476867675781250
1985.6246              272.8383483886718750
1985.7096              272.8758239746093750
1985.7917              272.8685302734375000
1985.8767              272.9049987792968750
1985.9589              272.9572753906250000
1986.0438              272.9701843261718750
1986.1260              273.2264404296875000
1986.2054              273.2330017089843750
1986.2904              272.8403625488281250
1986.3726              272.8493041992187500
1986.4575              272.8824462890625000
1986.5397              272.8674926757812500
1986.6246              272.9086608886718750
1986.7096              272.9443359375000000
1986.7917              272.9536132812500000
1986.8767              272.9231872558593750
1986.9589              272.9412231445312500
1987.0438              272.9548339843750000
1987.1260              273.2492980957031250
1987.2054              273.2530517578125000
1987.2904              272.8622436523437500
1987.3726              272.8588562011718750
1987.4575              272.8511047363281250
1987.5397              272.7670593261718750
1987.6246              272.6966857910156250
1987.7096              272.7449035644531250
1987.7917              272.7889099121093750
1987.8767              272.8822021484375000
1987.9589              272.9059143066406250
1988.0437              273.0944213867187500
1988.1257              273.4522094726562500
1988.2076              273.4002685546875000
1988.2924              273.0819702148437500
1988.3743              272.8703613281250000
1988.4590              272.8590087890625000
1988.5410              272.8090820312500000
1988.6257              272.7496948242187500
1988.7103              272.7757873535156250
1988.7924              272.8710937500000000
1988.8771              272.9481201171875000
1988.9590              272.9851989746093750
1989.0438              273.1318664550781250
1989.1260              273.5379028320312500
1989.2054              273.5650939941406250
1989.2904              273.2512207031250000
1989.3726              273.0292358398437500
1989.4575              272.8398742675781250
1989.5397              272.7780456542968750
1989.6246              272.7342529296875000
1989.7096              272.7370910644531250
1989.7917              272.7881164550781250
1989.8767              272.8814086914062500
1989.9589              272.9205322265625000
1990.0438              273.3384399414062500
1990.1260              273.7610778808593750
1990.2054              273.7630920410156250
1990.2904              273.4991455078125000
1990.3726              273.0252380371093750
1990.4575              272.6703186035156250
1990.5397              272.5537719726562500
1990.6246              272.5714111328125000
1990.7096              272.6122741699218750
1990.7917              272.6612243652343750
1990.8767              272.7689514160156250
1990.9589              272.9552917480468750
1991.0438              273.4838256835937500
1991.1260              273.8138427734375000
1991.2054              273.8057861328125000
1991.2904              273.4185791015625000
1991.3726              273.1310424804687500
1991.4575              272.8438110351562500
1991.5397              272.7827758789062500
1991.6246              272.7445373535156250
1991.7096              272.7738037109375000
1991.7917              272.7771911621093750
1991.8767              272.7846069335937500
1991.9589              272.8388366699218750
1992.0437              273.0513000488281250
1992.1257              273.4444274902343750
1992.2076              273.3826599121093750
1992.2924              273.0561218261718750
1992.3743              272.8252563476562500
1992.4590              272.6370239257812500
1992.5410              272.4969787597656250
1992.6257              272.4605102539062500
1992.7103              272.5448608398437500
1992.7924              272.6233520507812500
1992.8771              272.7306823730468750
1992.9590              272.9526672363281250
1993.0438              273.7092590332031250
1993.1260              274.0812988281250000
1993.2054              273.9934997558593750
1993.2904              273.5823974609375000
1993.3726              273.3945617675781250
1993.4575              272.9751892089843750
1993.5397              272.6261901855468750
1993.6246              272.6039123535156250
1993.7096              272.6308898925781250
1993.7917              272.7053222656250000
1993.8767              272.7941894531250000
1993.9589              272.9219970703125000
1994.0438              273.3936767578125000
1994.1260              273.7076110839843750
1994.2054              273.7026062011718750
1994.2904              273.4224243164062500
1994.3726              273.1118469238281250
1994.4575              272.7055969238281250
1994.5397              272.4093322753906250
1994.6246              272.3457641601562500
1994.7096              272.3771667480468750
1994.7917              272.4461669921875000
1994.8767              272.5907287597656250
1994.9589              272.6354064941406250
1995.0438              272.9287109375000000
1995.1260              273.3451843261718750
1995.2054              273.4041442871093750
1995.2904              273.1403198242187500
1995.3726              272.7399291992187500
1995.4575              272.6383361816406250
1995.5397              272.6296386718750000
1995.6246              272.6156005859375000
1995.7096              272.6307067871093750
1995.7917              272.6208496093750000
1995.8767              272.7081298828125000
1995.9589              272.7312011718750000
1996.0437              272.7842407226562500
1996.1257              273.0954895019531250
1996.2076              273.1315612792968750
1996.2924              272.8671569824218750
1996.3743              272.7819519042968750
1996.4590              272.7376708984375000
1996.5410              272.7141723632812500
1996.6257              272.7107849121093750
1996.7103              272.7319335937500000
1996.7924              272.7270202636718750
1996.8771              272.7727661132812500
1996.9590              272.8047485351562500
1997.0438              272.8842773437500000
1997.1260              273.2787170410156250
1997.2054              273.3758544921875000
1997.2904              273.1648559570312500
1997.3726              272.7725830078125000
1997.4575              272.7429809570312500
1997.5397              272.7572631835937500
1997.6246              272.7583312988281250
1997.7096              272.8190917968750000
1997.7917              272.8440551757812500
1997.8767              272.9312438964843750
1997.9589              272.9804992675781250
1998.0438              273.0269775390625000
1998.1260              273.2281799316406250
1998.2054              273.1964111328125000
1998.2904              272.9333190917968750
1998.3726              272.8222045898437500
1998.4575              272.8482360839843750
1998.5397              272.8093566894531250
1998.6246              272.8170471191406250
1998.7096              272.7933349609375000
1998.7917              272.8636169433593750
1998.8767              272.9780578613281250
1998.9589              273.0479736328125000
1999.0438              273.2821960449218750
1999.1260              273.6023559570312500
1999.2054              273.6052246093750000
1999.2904              273.1603393554687500
1999.3726              272.9075622558593750
1999.4575              272.8468322753906250
1999.5397              272.8049926757812500
1999.6246              272.7870483398437500
1999.7096              272.8383483886718750
1999.7917              272.8618164062500000
1999.8767              272.9167785644531250
1999.9589              272.9771728515625000
2000.0437              273.2895812988281250
2000.1257              273.7358703613281250
2000.2076              273.8035583496093750
2000.2924              273.5120849609375000
2000.3743              273.1747741699218750
2000.4590              272.8546447753906250
2000.5410              272.8229064941406250
2000.6257              272.8546447753906250
2000.7103              272.8236389160156250
2000.7924              272.8295288085937500
2000.8771              272.9040832519531250
2000.9590              272.9589843750000000
