1850.0438              271.4342956542968750
1850.1260              271.4205017089843750
1850.2054              271.3905639648437500
1850.2904              271.3059997558593750
1850.3726              271.2636718750000000
1850.4575              271.3058776855468750
1850.5397              271.3300476074218750
1850.6246              271.3363952636718750
1850.7096              271.3368225097656250
1850.7917              271.3365173339843750
1850.8767              271.3247680664062500
1850.9589              271.3218383789062500
1851.0438              271.3259887695312500
1851.1260              271.3255310058593750
1851.2054              271.3303222656250000
1851.2904              271.3189086914062500
1851.3726              271.3287658691406250
1851.4575              271.3440856933593750
1851.5397              271.3411865234375000
1851.6246              271.3272094726562500
1851.7096              271.3260803222656250
1851.7917              271.3322753906250000
1851.8767              271.3670654296875000
1851.9589              271.3720703125000000
1852.0437              271.3642883300781250
1852.1257              271.3537292480468750
1852.2076              271.3563232421875000
1852.2924              271.3184509277343750
1852.3743              271.2318115234375000
1852.4590              271.2140197753906250
1852.5410              271.2178039550781250
1852.6257              271.2729492187500000
1852.7103              271.2669982910156250
1852.7924              271.2726745605468750
1852.8771              271.2777099609375000
1852.9590              271.2787780761718750
1853.0438              271.2865905761718750
1853.1260              271.2929077148437500
1853.2054              271.3033447265625000
1853.2904              271.2985534667968750
1853.3726              271.2483825683593750
1853.4575              271.2786865234375000
1853.5397              271.2601928710937500
1853.6246              271.2371215820312500
1853.7096              271.2589111328125000
1853.7917              271.2739868164062500
1853.8767              271.2570190429687500
1853.9589              271.2571411132812500
1854.0438              271.2759399414062500
1854.1260              271.2905273437500000
1854.2054              271.2887573242187500
1854.2904              271.2478942871093750
1854.3726              271.2613830566406250
1854.4575              271.2803039550781250
1854.5397              271.2833557128906250
1854.6246              271.3325500488281250
1854.7096              271.3459167480468750
1854.7917              271.3447875976562500
1854.8767              271.3882141113281250
1854.9589              271.4274597167968750
1855.0438              271.4408569335937500
1855.1260              271.4262084960937500
1855.2054              271.4151306152343750
1855.2904              271.3873901367187500
1855.3726              271.2213134765625000
1855.4575              271.2833251953125000
1855.5397              271.3172912597656250
1855.6246              271.2890930175781250
1855.7096              271.2784423828125000
1855.7917              271.2701110839843750
1855.8767              271.3138732910156250
1855.9589              271.3387145996093750
1856.0437              271.3543395996093750
1856.1257              271.3900756835937500
1856.2076              271.4251098632812500
1856.2924              271.3984680175781250
1856.3743              271.3808593750000000
1856.4590              271.2823486328125000
1856.5410              271.3319702148437500
1856.6257              271.2614135742187500
1856.7103              271.2470397949218750
1856.7924              271.2978820800781250
1856.8771              271.3294677734375000
1856.9590              271.3493652343750000
1857.0438              271.3485107421875000
1857.1260              271.3457031250000000
1857.2054              271.3500976562500000
1857.2904              271.3279418945312500
1857.3726              271.2709655761718750
1857.4575              271.2365112304687500
1857.5397              271.3092041015625000
1857.6246              271.3208923339843750
1857.7096              271.3252868652343750
1857.7917              271.3205566406250000
1857.8767              271.3505859375000000
1857.9589              271.3960266113281250
1858.0438              271.4169311523437500
1858.1260              271.4492187500000000
1858.2054              271.5086669921875000
1858.2904              271.4714965820312500
1858.3726              271.3286132812500000
1858.4575              271.2751464843750000
1858.5397              271.2671203613281250
1858.6246              271.3615112304687500
1858.7096              271.4259338378906250
1858.7917              271.4386901855468750
1858.8767              271.4789123535156250
1858.9589              271.4787597656250000
1859.0438              271.4653930664062500
1859.1260              271.4555053710937500
1859.2054              271.4431762695312500
1859.2904              271.4428710937500000
1859.3726              271.3883361816406250
1859.4575              271.3368530273437500
1859.5397              271.3357238769531250
1859.6246              271.3526611328125000
1859.7096              271.3764343261718750
1859.7917              271.3671875000000000
1859.8767              271.4162597656250000
1859.9589              271.4326171875000000
1860.0437              271.4596252441406250
1860.1257              271.8142395019531250
1860.2076              271.8474121093750000
1860.2924              271.5111999511718750
1860.3743              271.3214721679687500
1860.4590              271.6796569824218750
1860.5410              271.6174621582031250
1860.6257              271.6575012207031250
1860.7103              271.6819152832031250
1860.7924              271.8003845214843750
1860.8771              271.8198852539062500
1860.9590              271.6756591796875000
1861.0438              271.6390075683593750
1861.1260              271.8170776367187500
1861.2054              271.8918762207031250
1861.2904              271.6486511230468750
1861.3726              271.6130981445312500
1861.4575              271.3670654296875000
1861.5397              271.3606872558593750
1861.6246              271.4549560546875000
1861.7096              271.4961547851562500
1861.7917              271.4958496093750000
1861.8767              271.5010986328125000
1861.9589              271.4998168945312500
1862.0438              271.4917907714843750
1862.1260              271.4617919921875000
1862.2054              271.4516906738281250
1862.2904              271.4329223632812500
1862.3726              271.2416381835937500
1862.4575              271.2474060058593750
1862.5397              271.2523193359375000
1862.6246              271.2929077148437500
1862.7096              271.3714294433593750
1862.7917              271.4276733398437500
1862.8767              271.4560852050781250
1862.9589              271.4796752929687500
1863.0438              271.5100097656250000
1863.1260              271.7938232421875000
1863.2054              271.8911743164062500
1863.2904              271.5355529785156250
1863.3726              271.5051879882812500
1863.4575              271.2459106445312500
1863.5397              271.2642517089843750
1863.6246              271.3191833496093750
1863.7096              271.3899536132812500
1863.7917              271.4468383789062500
1863.8767              271.4862976074218750
1863.9589              271.5123901367187500
1864.0437              271.4905700683593750
1864.1257              271.4604187011718750
1864.2076              271.4577026367187500
1864.2924              271.4815063476562500
1864.3743              271.3428344726562500
1864.4590              271.2477722167968750
1864.5410              271.3143005371093750
1864.6257              271.3089599609375000
1864.7103              271.3113403320312500
1864.7924              271.3386840820312500
1864.8771              271.3476562500000000
1864.9590              271.3286437988281250
1865.0438              271.3320922851562500
1865.1260              271.3308105468750000
1865.2054              271.3317871093750000
1865.2904              271.3271179199218750
1865.3726              271.2283630371093750
1865.4575              271.2530212402343750
1865.5397              271.2188720703125000
1865.6246              271.2841491699218750
1865.7096              271.2499084472656250
1865.7917              271.2928466796875000
1865.8767              271.3626708984375000
1865.9589              271.3690185546875000
1866.0438              271.3536376953125000
1866.1260              271.3258972167968750
1866.2054              271.3165893554687500
1866.2904              271.3214721679687500
1866.3726              271.3262023925781250
1866.4575              271.3214721679687500
1866.5397              271.2916259765625000
1866.6246              271.2781982421875000
1866.7096              271.2851257324218750
1866.7917              271.2882995605468750
1866.8767              271.2949829101562500
1866.9589              271.3103027343750000
1867.0438              271.3262939453125000
1867.1260              271.3319091796875000
1867.2054              271.3447875976562500
1867.2904              271.3544311523437500
1867.3726              271.3383483886718750
1867.4575              271.3195800781250000
1867.5397              271.3183288574218750
1867.6246              271.2944946289062500
1867.7096              271.3055114746093750
1867.7917              271.3161621093750000
1867.8767              271.3098754882812500
1867.9589              271.3103332519531250
1868.0437              271.3087768554687500
1868.1257              271.3106384277343750
1868.2076              271.3189697265625000
1868.2924              271.2454833984375000
1868.3743              271.2580566406250000
1868.4590              271.2685546875000000
1868.5410              271.2979736328125000
1868.6257              271.3068542480468750
1868.7103              271.3583374023437500
1868.7924              271.3740844726562500
1868.8771              271.3785095214843750
1868.9590              271.4009399414062500
1869.0438              271.4088745117187500
1869.1260              271.4107360839843750
1869.2054              271.4066162109375000
1869.2904              271.4103393554687500
1869.3726              271.3925781250000000
1869.4575              271.3891601562500000
1869.5397              271.2994384765625000
1869.6246              271.3027343750000000
1869.7096              271.2938842773437500
1869.7917              271.3251953125000000
1869.8767              271.3641967773437500
1869.9589              271.3927612304687500
1870.0438              271.4106750488281250
1870.1260              271.4188232421875000
1870.2054              271.4131774902343750
1870.2904              271.4086914062500000
1870.3726              271.3301391601562500
1870.4575              271.3118591308593750
1870.5397              271.2882690429687500
1870.6246              271.2944946289062500
1870.7096              271.3713989257812500
1870.7917              271.4224548339843750
1870.8767              271.4367980957031250
1870.9589              271.4495849609375000
1871.0438              271.4590454101562500
1871.1260              271.4524841308593750
1871.2054              271.4490661621093750
1871.2904              271.4582214355468750
1871.3726              271.4363708496093750
1871.4575              271.3681030273437500
1871.5397              271.3428649902343750
1871.6246              271.3411254882812500
1871.7096              271.3736267089843750
1871.7917              271.3731384277343750
1871.8767              271.3861389160156250
1871.9589              271.3989562988281250
1872.0437              271.3855895996093750
1872.1257              271.3837890625000000
1872.2076              271.4098815917968750
1872.2924              271.4085388183593750
1872.3743              271.3747863769531250
1872.4590              271.4031677246093750
1872.5410              271.4164733886718750
1872.6257              271.4059753417968750
1872.7103              271.3796386718750000
1872.7924              271.3467102050781250
1872.8771              271.3481140136718750
1872.9590              271.3656005859375000
1873.0438              271.3697204589843750
1873.1260              271.3642578125000000
1873.2054              271.3566894531250000
1873.2904              271.3677062988281250
1873.3726              271.3398742675781250
1873.4575              271.3356323242187500
1873.5397              271.3468322753906250
1873.6246              271.3634033203125000
1873.7096              271.3482360839843750
1873.7917              271.3735961914062500
1873.8767              271.3948974609375000
1873.9589              271.4151611328125000
1874.0438              271.4328918457031250
1874.1260              271.4299926757812500
1874.2054              271.4088134765625000
1874.2904              271.4005126953125000
1874.3726              271.3824768066406250
1874.4575              271.3680725097656250
1874.5397              271.3643798828125000
1874.6246              271.3776550292968750
1874.7096              271.3483886718750000
1874.7917              271.2553100585937500
1874.8767              271.2886962890625000
1874.9589              271.3195190429687500
1875.0438              271.3370666503906250
1875.1260              271.3349914550781250
1875.2054              271.3321228027343750
1875.2904              271.3000793457031250
1875.3726              271.2166748046875000
1875.4575              271.2266235351562500
1875.5397              271.2160644531250000
1875.6246              271.2305603027343750
1875.7096              271.2535705566406250
1875.7917              271.2687377929687500
1875.8767              271.3342895507812500
1875.9589              271.3535156250000000
1876.0437              271.3744201660156250
1876.1257              271.3829040527343750
1876.2076              271.3843078613281250
1876.2924              271.3397216796875000
1876.3743              271.2750549316406250
1876.4590              271.3026733398437500
1876.5410              271.3806457519531250
1876.6257              271.4731445312500000
1876.7103              271.5164794921875000
1876.7924              271.5036926269531250
1876.8771              271.5134277343750000
1876.9590              271.5110168457031250
1877.0438              271.5004272460937500
1877.1260              271.4791259765625000
1877.2054              271.4511108398437500
1877.2904              271.4080505371093750
1877.3726              271.3736572265625000
1877.4575              271.4027709960937500
1877.5397              271.4020690917968750
1877.6246              271.3601684570312500
1877.7096              271.3181762695312500
1877.7917              271.3217773437500000
1877.8767              271.3107910156250000
1877.9589              271.3192138671875000
1878.0438              271.3380432128906250
1878.1260              271.3194580078125000
1878.2054              271.3055114746093750
1878.2904              271.2516174316406250
1878.3726              271.2466735839843750
1878.4575              271.2332153320312500
1878.5397              271.1997375488281250
1878.6246              271.2229003906250000
1878.7096              271.2812194824218750
1878.7917              271.3043823242187500
1878.8767              271.3171081542968750
1878.9589              271.3365173339843750
1879.0438              271.3421936035156250
1879.1260              271.3371276855468750
1879.2054              271.3342590332031250
1879.2904              271.3059082031250000
1879.3726              271.3013305664062500
1879.4575              271.3073730468750000
1879.5397              271.2822875976562500
1879.6246              271.2937927246093750
1879.7096              271.2844543457031250
1879.7917              271.3052368164062500
1879.8767              271.3255004882812500
1879.9589              271.3401794433593750
1880.0437              271.3497314453125000
1880.1257              271.3527832031250000
1880.2076              271.3487243652343750
1880.2924              271.3064270019531250
1880.3743              271.2334289550781250
1880.4590              271.2325439453125000
1880.5410              271.2259521484375000
1880.6257              271.2237548828125000
1880.7103              271.2298278808593750
1880.7924              271.2913818359375000
1880.8771              271.3223876953125000
1880.9590              271.3583068847656250
1881.0438              271.3578491210937500
1881.1260              271.3536376953125000
1881.2054              271.3583679199218750
1881.2904              271.3551025390625000
1881.3726              271.3466491699218750
1881.4575              271.3476257324218750
1881.5397              271.3578491210937500
1881.6246              271.3449096679687500
1881.7096              271.3268737792968750
1881.7917              271.3167724609375000
1881.8767              271.3088073730468750
1881.9589              271.3095397949218750
1882.0438              271.3121337890625000
1882.1260              271.3139343261718750
1882.2054              271.3171081542968750
1882.2904              271.3078613281250000
1882.3726              271.2278747558593750
1882.4575              271.2358703613281250
1882.5397              271.2845458984375000
1882.6246              271.2826843261718750
1882.7096              271.3204956054687500
1882.7917              271.3197021484375000
1882.8767              271.3395080566406250
1882.9589              271.3609619140625000
1883.0438              271.3710937500000000
1883.1260              271.3718261718750000
1883.2054              271.3815917968750000
1883.2904              271.3832092285156250
1883.3726              271.3634033203125000
1883.4575              271.3365783691406250
1883.5397              271.3317260742187500
1883.6246              271.3111267089843750
1883.7096              271.2742309570312500
1883.7917              271.2576599121093750
1883.8767              271.2713012695312500
1883.9589              271.2775268554687500
1884.0437              271.2864379882812500
1884.1257              271.2834472656250000
1884.2076              271.2706298828125000
1884.2924              271.2631835937500000
1884.3743              271.2061462402343750
1884.4590              271.2077331542968750
1884.5410              271.2178649902343750
1884.6257              271.2355041503906250
1884.7103              271.2809143066406250
1884.7924              271.3080139160156250
1884.8771              271.3060302734375000
1884.9590              271.3014221191406250
1885.0438              271.3104248046875000
1885.1260              271.3122253417968750
1885.2054              271.3122558593750000
1885.2904              271.3121032714843750
1885.3726              271.2955017089843750
1885.4575              271.2913208007812500
1885.5397              271.2945251464843750
1885.6246              271.2955017089843750
1885.7096              271.2843933105468750
1885.7917              271.2593383789062500
1885.8767              271.2783508300781250
1885.9589              271.2899780273437500
1886.0438              271.2985229492187500
1886.1260              271.3057861328125000
1886.2054              271.3108215332031250
1886.2904              271.3220825195312500
1886.3726              271.2345275878906250
1886.4575              271.2313232421875000
1886.5397              271.2391967773437500
1886.6246              271.2503051757812500
1886.7096              271.2821044921875000
1886.7917              271.2940673828125000
1886.8767              271.3114013671875000
1886.9589              271.3264465332031250
1887.0438              271.3351440429687500
1887.1260              271.3437805175781250
1887.2054              271.3647766113281250
1887.2904              271.3503112792968750
1887.3726              271.3036804199218750
1887.4575              271.3702087402343750
1887.5397              271.3541259765625000
1887.6246              271.4125366210937500
1887.7096              271.4194946289062500
1887.7917              271.3763732910156250
1887.8767              271.3534545898437500
1887.9589              271.3608093261718750
1888.0437              271.3751220703125000
1888.1257              271.6926879882812500
1888.2076              271.8901367187500000
1888.2924              271.5090332031250000
1888.3743              271.2679138183593750
1888.4590              271.2362060546875000
1888.5410              271.3216552734375000
1888.6257              271.4378967285156250
1888.7103              271.3448791503906250
1888.7924              271.3123779296875000
1888.8771              271.3441162109375000
1888.9590              271.3912353515625000
1889.0438              271.4092407226562500
1889.1260              271.3988037109375000
1889.2054              271.3907165527343750
1889.2904              271.3393249511718750
1889.3726              271.3018188476562500
1889.4575              271.4080810546875000
1889.5397              271.5080566406250000
1889.6246              271.5184326171875000
1889.7096              271.5788879394531250
1889.7917              271.6994018554687500
1889.8767              271.6704101562500000
1889.9589              271.6215515136718750
1890.0438              271.5471801757812500
1890.1260              271.4881286621093750
1890.2054              271.4930419921875000
1890.2904              271.4700317382812500
1890.3726              271.2642822265625000
1890.4575              271.3428955078125000
1890.5397              271.4253540039062500
1890.6246              271.5449523925781250
1890.7096              271.5242614746093750
1890.7917              271.5366210937500000
1890.8767              271.5264892578125000
1890.9589              271.5130615234375000
1891.0438              271.4875793457031250
1891.1260              271.4489746093750000
1891.2054              271.4230346679687500
1891.2904              271.3651428222656250
1891.3726              271.2376403808593750
1891.4575              271.3834228515625000
1891.5397              271.4799804687500000
1891.6246              271.4200439453125000
1891.7096              271.3407592773437500
1891.7917              271.3647460937500000
1891.8767              271.4013977050781250
1891.9589              271.4205322265625000
1892.0437              271.4204406738281250
1892.1257              271.3945617675781250
1892.2076              271.3872070312500000
1892.2924              271.2947998046875000
1892.3743              271.2181091308593750
1892.4590              271.2789916992187500
1892.5410              271.2894287109375000
1892.6257              271.4273681640625000
1892.7103              271.5343017578125000
1892.7924              271.6036682128906250
1892.8771              271.6463317871093750
1892.9590              271.6194458007812500
1893.0438              271.5772399902343750
1893.1260              271.5471801757812500
1893.2054              271.5103759765625000
1893.2904              271.4936828613281250
1893.3726              271.4506225585937500
1893.4575              271.4162292480468750
1893.5397              271.4295654296875000
1893.6246              271.4492187500000000
1893.7096              271.4796752929687500
1893.7917              271.4936218261718750
1893.8767              271.4951171875000000
1893.9589              271.4769592285156250
1894.0438              271.4649353027343750
1894.1260              271.4306945800781250
1894.2054              271.3758850097656250
1894.2904              271.2761535644531250
1894.3726              271.2832336425781250
1894.4575              271.3286437988281250
1894.5397              271.3380737304687500
1894.6246              271.3379821777343750
1894.7096              271.3520507812500000
1894.7917              271.3037414550781250
1894.8767              271.3085937500000000
1894.9589              271.2929992675781250
1895.0438              271.2962951660156250
1895.1260              271.2983093261718750
1895.2054              271.3008117675781250
1895.2904              271.2990112304687500
1895.3726              271.2933654785156250
1895.4575              271.3177185058593750
1895.5397              271.3358154296875000
1895.6246              271.3335571289062500
1895.7096              271.3280944824218750
1895.7917              271.3141174316406250
1895.8767              271.2984924316406250
1895.9589              271.2892456054687500
1896.0437              271.2936096191406250
1896.1257              271.2989501953125000
1896.2076              271.2977600097656250
1896.2924              271.2994995117187500
1896.3743              271.2658996582031250
1896.4590              271.2366027832031250
1896.5410              271.2171630859375000
1896.6257              271.2438354492187500
1896.7103              271.2614440917968750
1896.7924              271.2246704101562500
1896.8771              271.2279663085937500
1896.9590              271.2440185546875000
1897.0438              271.2522277832031250
1897.1260              271.2465515136718750
1897.2054              271.2539062500000000
1897.2904              271.2583923339843750
1897.3726              271.2049865722656250
1897.4575              271.2427673339843750
1897.5397              271.2854919433593750
1897.6246              271.2994079589843750
1897.7096              271.3433532714843750
1897.7917              271.3707885742187500
1897.8767              271.3862304687500000
1897.9589              271.3888244628906250
1898.0438              271.3832397460937500
1898.1260              271.3775634765625000
1898.2054              271.3698425292968750
1898.2904              271.3357543945312500
1898.3726              271.3229064941406250
1898.4575              271.3345031738281250
1898.5397              271.3307495117187500
1898.6246              271.2901916503906250
1898.7096              271.2988891601562500
1898.7917              271.3233032226562500
1898.8767              271.3500671386718750
1898.9589              271.3639831542968750
1899.0438              271.3873901367187500
1899.1260              271.3956298828125000
1899.2054              271.4061279296875000
1899.2904              271.4044189453125000
1899.3726              271.3511352539062500
1899.4575              271.3305358886718750
1899.5397              271.2690734863281250
1899.6246              271.2795410156250000
1899.7096              271.3022155761718750
1899.7917              271.3034973144531250
1899.8767              271.3344726562500000
1899.9589              271.3448791503906250
1900.0438              271.3711242675781250
1900.1260              271.5954589843750000
1900.2054              271.6266784667968750
1900.2904              271.4238891601562500
1900.3726              271.3267822265625000
1900.4575              271.2456970214843750
1900.5397              271.3046264648437500
1900.6246              271.2789306640625000
1900.7096              271.3090820312500000
1900.7917              271.4180908203125000
1900.8767              271.5121154785156250
1900.9589              271.5086669921875000
1901.0438              271.4734802246093750
1901.1260              271.5663146972656250
1901.2054              271.5511474609375000
1901.2904              271.4282531738281250
1901.3726              271.3399047851562500
1901.4575              271.2351379394531250
1901.5397              271.2523193359375000
1901.6246              271.2253112792968750
1901.7096              271.2269897460937500
1901.7917              271.2379760742187500
1901.8767              271.2638549804687500
1901.9589              271.2852478027343750
1902.0438              271.2823181152343750
1902.1260              271.2835693359375000
1902.2054              271.2908630371093750
1902.2904              271.2777404785156250
1902.3726              271.3245849609375000
1902.4575              271.2958984375000000
1902.5397              271.2633056640625000
1902.6246              271.3623046875000000
1902.7096              271.4973449707031250
1902.7917              271.5448303222656250
1902.8767              271.5258789062500000
1902.9589              271.4965820312500000
1903.0438              271.4509277343750000
1903.1260              271.4266967773437500
1903.2054              271.4308776855468750
1903.2904              271.4245300292968750
1903.3726              271.3313293457031250
1903.4575              271.3594665527343750
1903.5397              271.3912353515625000
1903.6246              271.4732055664062500
1903.7096              271.6052246093750000
1903.7917              271.5883178710937500
1903.8767              271.5958251953125000
1903.9589              271.6223449707031250
1904.0437              271.6822814941406250
1904.1257              271.6361083984375000
1904.2076              271.5912170410156250
1904.2924              271.6395874023437500
1904.3743              271.6176452636718750
1904.4590              271.5889587402343750
1904.5410              271.5223693847656250
1904.6257              271.4339599609375000
1904.7103              271.3445739746093750
1904.7924              271.3426818847656250
1904.8771              271.3559875488281250
1904.9590              271.3674926757812500
1905.0438              271.4106445312500000
1905.1260              271.7826538085937500
1905.2054              271.8132019042968750
1905.2904              271.4679260253906250
1905.3726              271.4620361328125000
1905.4575              271.2185668945312500
1905.5397              271.2731323242187500
1905.6246              271.2261962890625000
1905.7096              271.3048095703125000
1905.7917              271.3057861328125000
1905.8767              271.3579711914062500
1905.9589              271.3780517578125000
1906.0438              271.3785705566406250
1906.1260              271.4327392578125000
1906.2054              271.5988464355468750
1906.2904              271.4000549316406250
1906.3726              271.2562255859375000
1906.4575              271.2612609863281250
1906.5397              271.2804565429687500
1906.6246              271.3139038085937500
1906.7096              271.2767333984375000
1906.7917              271.2891845703125000
1906.8767              271.3238525390625000
1906.9589              271.3307495117187500
1907.0438              271.3295288085937500
1907.1260              271.3302307128906250
1907.2054              271.3340759277343750
1907.2904              271.2434692382812500
1907.3726              271.3216857910156250
1907.4575              271.3898010253906250
1907.5397              271.3903503417968750
1907.6246              271.4287109375000000
1907.7096              271.5038452148437500
1907.7917              271.5255432128906250
1907.8767              271.4940490722656250
1907.9589              271.4693603515625000
1908.0437              271.4482421875000000
1908.1257              271.4398193359375000
1908.2076              271.4297485351562500
1908.2924              271.4218750000000000
1908.3743              271.4008483886718750
1908.4590              271.4060363769531250
1908.5410              271.4126281738281250
1908.6257              271.4278869628906250
1908.7103              271.4333801269531250
1908.7924              271.4072265625000000
1908.8771              271.4009399414062500
1908.9590              271.3807983398437500
1909.0438              271.3765869140625000
1909.1260              271.3756408691406250
1909.2054              271.3570861816406250
1909.2904              271.3051452636718750
1909.3726              271.3185424804687500
1909.4575              271.3066406250000000
1909.5397              271.3627929687500000
1909.6246              271.3842773437500000
1909.7096              271.3670043945312500
1909.7917              271.3496398925781250
1909.8767              271.3576049804687500
1909.9589              271.3686828613281250
1910.0438              271.3772583007812500
1910.1260              271.4075927734375000
1910.2054              271.5896301269531250
1910.2904              271.3934020996093750
1910.3726              271.2944641113281250
1910.4575              271.2727050781250000
1910.5397              271.3372802734375000
1910.6246              271.3659667968750000
1910.7096              271.4290771484375000
1910.7917              271.4753417968750000
1910.8767              271.5175781250000000
1910.9589              271.5188903808593750
1911.0438              271.5067138671875000
1911.1260              271.5093688964843750
1911.2054              271.5500183105468750
1911.2904              271.5401916503906250
1911.3726              271.4816894531250000
1911.4575              271.3297424316406250
1911.5397              271.3834838867187500
1911.6246              271.4001770019531250
1911.7096              271.3874511718750000
1911.7917              271.4518127441406250
1911.8767              271.4716491699218750
1911.9589              271.4732055664062500
1912.0437              271.4709472656250000
1912.1257              271.4439697265625000
1912.2076              271.4119873046875000
1912.2924              271.2669982910156250
1912.3743              271.2386474609375000
1912.4590              271.2953491210937500
1912.5410              271.2765197753906250
1912.6257              271.2825927734375000
1912.7103              271.3506774902343750
1912.7924              271.4525146484375000
1912.8771              271.4762268066406250
1912.9590              271.4447937011718750
1913.0438              271.4533081054687500
1913.1260              271.7786865234375000
1913.2054              271.9349060058593750
1913.2904              271.5660705566406250
1913.3726              271.4771728515625000
1913.4575              271.2686157226562500
1913.5397              271.2965393066406250
1913.6246              271.3034362792968750
1913.7096              271.3000488281250000
1913.7917              271.3034973144531250
1913.8767              271.3730468750000000
1913.9589              271.3981628417968750
1914.0438              271.3744506835937500
1914.1260              271.4062194824218750
1914.2054              271.4548034667968750
1914.2904              271.5287170410156250
1914.3726              271.5477905273437500
1914.4575              271.3191528320312500
1914.5397              271.3497924804687500
1914.6246              271.4392700195312500
1914.7096              271.4871520996093750
1914.7917              271.4908142089843750
1914.8767              271.4477844238281250
1914.9589              271.4420471191406250
1915.0438              271.4253845214843750
1915.1260              271.4031677246093750
1915.2054              271.4015197753906250
1915.2904              271.3649597167968750
1915.3726              271.2962646484375000
1915.4575              271.3102722167968750
1915.5397              271.3717041015625000
1915.6246              271.3504028320312500
1915.7096              271.2889404296875000
1915.7917              271.3053894042968750
1915.8767              271.3123474121093750
1915.9589              271.3151550292968750
1916.0437              271.3252563476562500
1916.1257              271.4594726562500000
1916.2076              271.4700317382812500
1916.2924              271.3747253417968750
1916.3743              271.2778930664062500
1916.4590              271.2644653320312500
1916.5410              271.2703857421875000
1916.6257              271.2467041015625000
1916.7103              271.2151489257812500
1916.7924              271.2428894042968750
1916.8771              271.2462463378906250
1916.9590              271.2606201171875000
1917.0438              271.2738952636718750
1917.1260              271.2899475097656250
1917.2054              271.3027038574218750
1917.2904              271.3241271972656250
1917.3726              271.2578125000000000
1917.4575              271.2805480957031250
1917.5397              271.2833557128906250
1917.6246              271.3050537109375000
1917.7096              271.3034973144531250
1917.7917              271.2999572753906250
1917.8767              271.3036499023437500
1917.9589              271.3079528808593750
1918.0438              271.3104858398437500
1918.1260              271.3216247558593750
1918.2054              271.3351745605468750
1918.2904              271.3414306640625000
1918.3726              271.2524719238281250
1918.4575              271.2517700195312500
1918.5397              271.2311401367187500
1918.6246              271.2281494140625000
1918.7096              271.2474060058593750
1918.7917              271.2767333984375000
1918.8767              271.2823181152343750
1918.9589              271.2909545898437500
1919.0438              271.3046264648437500
1919.1260              271.3144836425781250
1919.2054              271.3392944335937500
1919.2904              271.3154296875000000
1919.3726              271.2621154785156250
1919.4575              271.2855529785156250
1919.5397              271.2934265136718750
1919.6246              271.3050231933593750
1919.7096              271.2713012695312500
1919.7917              271.2673034667968750
1919.8767              271.2671203613281250
1919.9589              271.2759399414062500
1920.0437              271.2821044921875000
1920.1257              271.2791442871093750
1920.2076              271.2803649902343750
1920.2924              271.2584838867187500
1920.3743              271.2321777343750000
1920.4590              271.2724914550781250
1920.5410              271.3067626953125000
1920.6257              271.3274536132812500
1920.7103              271.3147583007812500
1920.7924              271.3258056640625000
1920.8771              271.3538513183593750
1920.9590              271.3481750488281250
1921.0438              271.3538513183593750
1921.1260              271.3634338378906250
1921.2054              271.3758544921875000
1921.2904              271.3948364257812500
1921.3726              271.3911437988281250
1921.4575              271.3962707519531250
1921.5397              271.4244995117187500
1921.6246              271.3848876953125000
1921.7096              271.3056030273437500
1921.7917              271.3183288574218750
1921.8767              271.3580017089843750
1921.9589              271.3687744140625000
1922.0438              271.3703918457031250
1922.1260              271.3672180175781250
1922.2054              271.3543395996093750
1922.2904              271.2377319335937500
1922.3726              271.2529907226562500
1922.4575              271.2600708007812500
1922.5397              271.3250427246093750
1922.6246              271.3763427734375000
1922.7096              271.4334106445312500
1922.7917              271.5218200683593750
1922.8767              271.5731201171875000
1922.9589              271.5648803710937500
1923.0438              271.5341796875000000
1923.1260              271.4978942871093750
1923.2054              271.4739685058593750
1923.2904              271.4690551757812500
1923.3726              271.4344177246093750
1923.4575              271.3152770996093750
1923.5397              271.2558593750000000
1923.6246              271.2458801269531250
1923.7096              271.3253784179687500
1923.7917              271.3646240234375000
1923.8767              271.4053039550781250
1923.9589              271.4243164062500000
1924.0437              271.4414672851562500
1924.1257              271.4284057617187500
1924.2076              271.4051513671875000
1924.2924              271.3943786621093750
1924.3743              271.3532409667968750
1924.4590              271.2272033691406250
1924.5410              271.2578125000000000
1924.6257              271.3316650390625000
1924.7103              271.3844299316406250
1924.7924              271.4241943359375000
1924.8771              271.4207763671875000
1924.9590              271.4253540039062500
1925.0438              271.4273681640625000
1925.1260              271.4191589355468750
1925.2054              271.4111633300781250
1925.2904              271.3908386230468750
1925.3726              271.2886657714843750
1925.4575              271.3179626464843750
1925.5397              271.3742675781250000
1925.6246              271.4006652832031250
1925.7096              271.4224853515625000
1925.7917              271.4288330078125000
1925.8767              271.4158325195312500
1925.9589              271.4059143066406250
1926.0438              271.4000244140625000
1926.1260              271.3844909667968750
1926.2054              271.3863525390625000
1926.2904              271.3513793945312500
1926.3726              271.2164306640625000
1926.4575              271.3166503906250000
1926.5397              271.4036865234375000
1926.6246              271.5120849609375000
1926.7096              271.5582885742187500
1926.7917              271.5448608398437500
1926.8767              271.5520324707031250
1926.9589              271.5348815917968750
1927.0438              271.5133972167968750
1927.1260              271.4919128417968750
1927.2054              271.4625244140625000
1927.2904              271.4555664062500000
1927.3726              271.4409790039062500
1927.4575              271.4129333496093750
1927.5397              271.3934631347656250
1927.6246              271.3847351074218750
1927.7096              271.3489685058593750
1927.7917              271.3029785156250000
1927.8767              271.2715148925781250
1927.9589              271.2790222167968750
1928.0437              271.2860107421875000
1928.1257              271.3258361816406250
1928.2076              271.4096679687500000
1928.2924              271.3108215332031250
1928.3743              271.2356262207031250
1928.4590              271.2562561035156250
1928.5410              271.2700500488281250
1928.6257              271.2754821777343750
1928.7103              271.2688598632812500
1928.7924              271.3331604003906250
1928.8771              271.3968505859375000
1928.9590              271.4089660644531250
1929.0438              271.4122314453125000
1929.1260              271.4036865234375000
1929.2054              271.3970947265625000
1929.2904              271.3527526855468750
1929.3726              271.2677917480468750
1929.4575              271.3035583496093750
1929.5397              271.3176269531250000
1929.6246              271.3063964843750000
1929.7096              271.3326416015625000
1929.7917              271.3585205078125000
1929.8767              271.3932800292968750
1929.9589              271.4207763671875000
1930.0438              271.4300537109375000
1930.1260              271.4230041503906250
1930.2054              271.4398193359375000
1930.2904              271.4497985839843750
1930.3726              271.4713134765625000
1930.4575              271.4492187500000000
1930.5397              271.4585266113281250
1930.6246              271.4265441894531250
1930.7096              271.4101867675781250
1930.7917              271.4291076660156250
1930.8767              271.4520263671875000
1930.9589              271.4441833496093750
1931.0438              271.4249267578125000
1931.1260              271.4117126464843750
1931.2054              271.4100952148437500
1931.2904              271.4085693359375000
1931.3726              271.3693542480468750
1931.4575              271.3337707519531250
1931.5397              271.3532104492187500
1931.6246              271.3914794921875000
1931.7096              271.4086914062500000
1931.7917              271.4285888671875000
1931.8767              271.4322509765625000
1931.9589              271.4310607910156250
1932.0437              271.4089355468750000
1932.1257              271.3952941894531250
1932.2076              271.3748474121093750
1932.2924              271.2907409667968750
1932.3743              271.2477722167968750
1932.4590              271.2464904785156250
1932.5410              271.2281188964843750
1932.6257              271.2265014648437500
1932.7103              271.2272033691406250
1932.7924              271.2358398437500000
1932.8771              271.2563781738281250
1932.9590              271.2768554687500000
1933.0438              271.2997741699218750
1933.1260              271.3081665039062500
1933.2054              271.3095703125000000
1933.2904              271.2388916015625000
1933.3726              271.2573242187500000
1933.4575              271.3072509765625000
1933.5397              271.3433837890625000
1933.6246              271.4237670898437500
1933.7096              271.4831237792968750
1933.7917              271.5812988281250000
1933.8767              271.5524597167968750
1933.9589              271.5351257324218750
1934.0438              271.5528564453125000
1934.1260              272.0052795410156250
1934.2054              272.1400451660156250
1934.2904              271.6503295898437500
1934.3726              271.5857849121093750
1934.4575              271.5392150878906250
1934.5397              271.4055786132812500
1934.6246              271.3792419433593750
1934.7096              271.3800964355468750
1934.7917              271.3504028320312500
1934.8767              271.3698730468750000
1934.9589              271.3848266601562500
1935.0438              271.3711547851562500
1935.1260              271.4627380371093750
1935.2054              271.5750122070312500
1935.2904              271.3859252929687500
1935.3726              271.3111572265625000
1935.4575              271.2092590332031250
1935.5397              271.2195739746093750
1935.6246              271.2360534667968750
1935.7096              271.2437744140625000
1935.7917              271.2828369140625000
1935.8767              271.3236083984375000
1935.9589              271.3367919921875000
1936.0437              271.3466186523437500
1936.1257              271.3441162109375000
1936.2076              271.3401489257812500
1936.2924              271.2680053710937500
1936.3743              271.2283630371093750
1936.4590              271.2838439941406250
1936.5410              271.3461608886718750
1936.6257              271.4235229492187500
1936.7103              271.4775695800781250
1936.7924              271.5200805664062500
1936.8771              271.5635681152343750
1936.9590              271.5888061523437500
1937.0438              271.5706481933593750
1937.1260              271.5362548828125000
1937.2054              271.5240478515625000
1937.2904              271.5234069824218750
1937.3726              271.3897399902343750
1937.4575              271.2956542968750000
1937.5397              271.2965087890625000
1937.6246              271.4013671875000000
1937.7096              271.4659118652343750
1937.7917              271.4866333007812500
1937.8767              271.4757385253906250
1937.9589              271.4927368164062500
1938.0438              271.5031127929687500
1938.1260              271.4824523925781250
1938.2054              271.4712219238281250
1938.2904              271.3969726562500000
1938.3726              271.3996887207031250
1938.4575              271.4321594238281250
1938.5397              271.4157714843750000
1938.6246              271.3962402343750000
1938.7096              271.4182434082031250
1938.7917              271.4440002441406250
1938.8767              271.4580993652343750
1938.9589              271.4674987792968750
1939.0438              271.4697265625000000
1939.1260              271.4694213867187500
1939.2054              271.4667968750000000
1939.2904              271.4499816894531250
1939.3726              271.3255615234375000
1939.4575              271.2801513671875000
1939.5397              271.2417297363281250
1939.6246              271.2974853515625000
1939.7096              271.3901672363281250
1939.7917              271.4560852050781250
1939.8767              271.4855651855468750
1939.9589              271.4981689453125000
1940.0437              271.4925537109375000
1940.1257              271.4679870605468750
1940.2076              271.4554748535156250
1940.2924              271.4590454101562500
1940.3743              271.3765869140625000
1940.4590              271.2280883789062500
1940.5410              271.3157348632812500
1940.6257              271.3743591308593750
1940.7103              271.4097595214843750
1940.7924              271.4260864257812500
1940.8771              271.4234313964843750
1940.9590              271.4106445312500000
1941.0438              271.3960571289062500
1941.1260              271.3937988281250000
1941.2054              271.3736572265625000
1941.2904              271.3618164062500000
1941.3726              271.2894592285156250
1941.4575              271.3318786621093750
1941.5397              271.2811584472656250
1941.6246              271.2911071777343750
1941.7096              271.2772216796875000
1941.7917              271.3419494628906250
1941.8767              271.3908081054687500
1941.9589              271.4031066894531250
1942.0438              271.3995666503906250
1942.1260              271.3926086425781250
1942.2054              271.3884582519531250
1942.2904              271.4006652832031250
1942.3726              271.2549133300781250
1942.4575              271.3014221191406250
1942.5397              271.2595825195312500
1942.6246              271.2404174804687500
1942.7096              271.2647399902343750
1942.7917              271.2579040527343750
1942.8767              271.2908935546875000
1942.9589              271.3090820312500000
1943.0438              271.3128051757812500
1943.1260              271.3101501464843750
1943.2054              271.3094482421875000
1943.2904              271.3079528808593750
1943.3726              271.2429199218750000
1943.4575              271.2637939453125000
1943.5397              271.2714843750000000
1943.6246              271.2915954589843750
1943.7096              271.2774047851562500
1943.7917              271.2659912109375000
1943.8767              271.2609558105468750
1943.9589              271.2567138671875000
1944.0437              271.2532958984375000
1944.1257              271.2527160644531250
1944.2076              271.2533264160156250
1944.2924              271.2444763183593750
1944.3743              271.2073669433593750
1944.4590              271.2227172851562500
1944.5410              271.2153930664062500
1944.6257              271.2134399414062500
1944.7103              271.2182922363281250
1944.7924              271.2171325683593750
1944.8771              271.2277526855468750
1944.9590              271.2343750000000000
1945.0438              271.2470397949218750
1945.1260              271.2566223144531250
1945.2054              271.2486877441406250
1945.2904              271.2142028808593750
1945.3726              271.2350463867187500
1945.4575              271.2687988281250000
1945.5397              271.2964782714843750
1945.6246              271.2904968261718750
1945.7096              271.2712402343750000
1945.7917              271.2756347656250000
1945.8767              271.2837219238281250
1945.9589              271.2846679687500000
1946.0438              271.2889099121093750
1946.1260              271.2814941406250000
1946.2054              271.2768249511718750
1946.2904              271.2645568847656250
1946.3726              271.2294921875000000
1946.4575              271.2410278320312500
1946.5397              271.2476196289062500
1946.6246              271.2455444335937500
1946.7096              271.2335205078125000
1946.7917              271.2265625000000000
1946.8767              271.2897949218750000
1946.9589              271.3019104003906250
1947.0438              271.2962951660156250
1947.1260              271.2917175292968750
1947.2054              271.2886657714843750
1947.2904              271.2301330566406250
1947.3726              271.2655944824218750
1947.4575              271.2688903808593750
1947.5397              271.2762756347656250
1947.6246              271.3313903808593750
1947.7096              271.3645935058593750
1947.7917              271.3338012695312500
1947.8767              271.3244934082031250
1947.9589              271.3109130859375000
1948.0437              271.3085021972656250
1948.1257              271.3001708984375000
1948.2076              271.3028564453125000
1948.2924              271.3109130859375000
1948.3743              271.2526550292968750
1948.4590              271.2375488281250000
1948.5410              271.2760009765625000
1948.6257              271.3330383300781250
1948.7103              271.3545227050781250
1948.7924              271.3935241699218750
1948.8771              271.4248352050781250
1948.9590              271.4579467773437500
1949.0438              271.4552307128906250
1949.1260              271.5644836425781250
1949.2054              271.5712280273437500
1949.2904              271.4619750976562500
1949.3726              271.4541931152343750
1949.4575              271.2376403808593750
1949.5397              271.2121887207031250
1949.6246              271.2264709472656250
1949.7096              271.2171630859375000
1949.7917              271.2416076660156250
1949.8767              271.2660827636718750
1949.9589              271.2784423828125000
1950.0438              271.2941284179687500
1950.1260              271.3852844238281250
1950.2054              271.4407348632812500
1950.2904              271.3395080566406250
1950.3726              271.2652893066406250
1950.4575              271.2612304687500000
1950.5397              271.2994079589843750
1950.6246              271.3252868652343750
1950.7096              271.3491516113281250
1950.7917              271.3529968261718750
1950.8767              271.3429260253906250
1950.9589              271.3395080566406250
1951.0438              271.3330078125000000
1951.1260              271.3301086425781250
1951.2054              271.3184509277343750
1951.2904              271.3011169433593750
1951.3726              271.2687072753906250
1951.4575              271.2909240722656250
1951.5397              271.2649536132812500
1951.6246              271.2313842773437500
1951.7096              271.2090454101562500
1951.7917              271.2322082519531250
1951.8767              271.2522888183593750
1951.9589              271.2579650878906250
1952.0437              271.2644958496093750
1952.1257              271.2680664062500000
1952.2076              271.2850952148437500
1952.2924              271.2988586425781250
1952.3743              271.2975769042968750
1952.4590              271.2685546875000000
1952.5410              271.2691345214843750
1952.6257              271.2489929199218750
1952.7103              271.2618103027343750
1952.7924              271.3337097167968750
1952.8771              271.3773803710937500
1952.9590              271.3853454589843750
1953.0438              271.3971252441406250
1953.1260              271.6743774414062500
1953.2054              271.7458801269531250
1953.2904              271.4589538574218750
1953.3726              271.4018249511718750
1953.4575              271.2390136718750000
1953.5397              271.2787170410156250
1953.6246              271.2972412109375000
1953.7096              271.2941589355468750
1953.7917              271.3182373046875000
1953.8767              271.3304748535156250
1953.9589              271.3480834960937500
1954.0438              271.4030456542968750
1954.1260              271.8890991210937500
1954.2054              272.0327758789062500
1954.2904              271.5552062988281250
1954.3726              271.4307556152343750
1954.4575              271.2092895507812500
1954.5397              271.2940979003906250
1954.6246              271.2583312988281250
1954.7096              271.3307800292968750
1954.7917              271.3542175292968750
1954.8767              271.3727722167968750
1954.9589              271.3809814453125000
1955.0438              271.3737182617187500
1955.1260              271.3922119140625000
1955.2054              271.3725891113281250
1955.2904              271.3680725097656250
1955.3726              271.3655395507812500
1955.4575              271.2556457519531250
1955.5397              271.2535400390625000
1955.6246              271.2319030761718750
1955.7096              271.2492065429687500
1955.7917              271.2426757812500000
1955.8767              271.2620849609375000
1955.9589              271.2692871093750000
1956.0437              271.2905578613281250
1956.1257              271.6691589355468750
1956.2076              271.7830200195312500
1956.2924              271.3508605957031250
1956.3743              271.2925415039062500
1956.4590              271.3006286621093750
1956.5410              271.2863769531250000
1956.6257              271.3491210937500000
1956.7103              271.3795166015625000
1956.7924              271.4155273437500000
1956.8771              271.4424743652343750
1956.9590              271.4427490234375000
1957.0438              271.4357910156250000
1957.1260              271.4090881347656250
1957.2054              271.3869628906250000
1957.2904              271.3488159179687500
1957.3726              271.2843017578125000
1957.4575              271.2839965820312500
1957.5397              271.3011474609375000
1957.6246              271.2899475097656250
1957.7096              271.2965087890625000
1957.7917              271.3640136718750000
1957.8767              271.3806457519531250
1957.9589              271.3800964355468750
1958.0438              271.3667297363281250
1958.1260              271.3481445312500000
1958.2054              271.3393249511718750
1958.2904              271.3259582519531250
1958.3726              271.2203369140625000
1958.4575              271.2684631347656250
1958.5397              271.2847900390625000
1958.6246              271.2843322753906250
1958.7096              271.2475280761718750
1958.7917              271.2569274902343750
1958.8767              271.2856140136718750
1958.9589              271.2903137207031250
1959.0438              271.2984619140625000
1959.1260              271.3017272949218750
1959.2054              271.3014831542968750
1959.2904              271.3078918457031250
1959.3726              271.2371826171875000
1959.4575              271.2257080078125000
1959.5397              271.2341003417968750
1959.6246              271.2207946777343750
1959.7096              271.2337951660156250
1959.7917              271.2947998046875000
1959.8767              271.3241577148437500
1959.9589              271.3281555175781250
1960.0437              271.3264160156250000
1960.1257              271.3132934570312500
1960.2076              271.2960205078125000
1960.2924              271.2951965332031250
1960.3743              271.3018493652343750
1960.4590              271.2622680664062500
1960.5410              271.2064514160156250
1960.6257              271.2079467773437500
1960.7103              271.2554321289062500
1960.7924              271.2786560058593750
1960.8771              271.2642517089843750
1960.9590              271.2544860839843750
1961.0438              271.2504272460937500
1961.1260              271.2412414550781250
1961.2054              271.2375793457031250
1961.2904              271.2279968261718750
1961.3726              271.2024841308593750
1961.4575              271.2096252441406250
1961.5397              271.2203063964843750
1961.6246              271.2091674804687500
1961.7096              271.2406311035156250
1961.7917              271.2778625488281250
1961.8767              271.3051147460937500
1961.9589              271.3458557128906250
1962.0438              271.3690185546875000
1962.1260              271.3669128417968750
1962.2054              271.3601379394531250
1962.2904              271.3645019531250000
1962.3726              271.3543701171875000
1962.4575              271.3257751464843750
1962.5397              271.2981262207031250
1962.6246              271.3019104003906250
1962.7096              271.2903137207031250
1962.7917              271.3205871582031250
1962.8767              271.3311157226562500
1962.9589              271.3390197753906250
1963.0438              271.3419799804687500
1963.1260              271.3301696777343750
1963.2054              271.3060607910156250
1963.2904              271.2279663085937500
1963.3726              271.2175292968750000
1963.4575              271.2572326660156250
1963.5397              271.3015441894531250
1963.6246              271.3299560546875000
1963.7096              271.3497314453125000
1963.7917              271.3435058593750000
1963.8767              271.3397827148437500
1963.9589              271.3329162597656250
1964.0437              271.3241577148437500
1964.1257              271.3096618652343750
1964.2076              271.3010559082031250
1964.2924              271.3038330078125000
1964.3743              271.2832946777343750
1964.4590              271.2748107910156250
1964.5410              271.2478027343750000
1964.6257              271.2264404296875000
1964.7103              271.2373962402343750
1964.7924              271.2009277343750000
1964.8771              271.2052612304687500
1964.9590              271.2168273925781250
1965.0438              271.2214660644531250
1965.1260              271.2528076171875000
1965.2054              271.2888488769531250
1965.2904              271.2499389648437500
1965.3726              271.2593078613281250
1965.4575              271.2236022949218750
1965.5397              271.2198181152343750
1965.6246              271.2055969238281250
1965.7096              271.2137756347656250
1965.7917              271.2360839843750000
1965.8767              271.2601623535156250
1965.9589              271.2630310058593750
1966.0438              271.2637329101562500
1966.1260              271.2607421875000000
1966.2054              271.2531127929687500
1966.2904              271.2472229003906250
1966.3726              271.2407836914062500
1966.4575              271.2111511230468750
1966.5397              271.2061767578125000
1966.6246              271.2174377441406250
1966.7096              271.2420959472656250
1966.7917              271.2539367675781250
1966.8767              271.2499084472656250
1966.9589              271.2495422363281250
1967.0438              271.2532958984375000
1967.1260              271.2568359375000000
1967.2054              271.2580261230468750
1967.2904              271.2624511718750000
1967.3726              271.2157287597656250
1967.4575              271.2002868652343750
1967.5397              271.2119750976562500
1967.6246              271.2398071289062500
1967.7096              271.2477111816406250
1967.7917              271.2467346191406250
1967.8767              271.2820434570312500
1967.9589              271.3023681640625000
1968.0437              271.3076477050781250
1968.1257              271.3035278320312500
1968.2076              271.3022460937500000
1968.2924              271.2905273437500000
1968.3743              271.2388000488281250
1968.4590              271.2620849609375000
1968.5410              271.2808532714843750
1968.6257              271.2756958007812500
1968.7103              271.2775878906250000
1968.7924              271.2660522460937500
1968.8771              271.2537231445312500
1968.9590              271.2581176757812500
1969.0438              271.2672119140625000
1969.1260              271.2725830078125000
1969.2054              271.2650451660156250
1969.2904              271.2654113769531250
1969.3726              271.2142028808593750
1969.4575              271.2232666015625000
1969.5397              271.2098999023437500
1969.6246              271.2221679687500000
1969.7096              271.2396850585937500
1969.7917              271.2445678710937500
1969.8767              271.2677612304687500
1969.9589              271.2846069335937500
1970.0438              271.2988281250000000
1970.1260              271.3013305664062500
1970.2054              271.3139038085937500
1970.2904              271.3224182128906250
1970.3726              271.3226928710937500
1970.4575              271.3154602050781250
1970.5397              271.3486328125000000
1970.6246              271.3688354492187500
1970.7096              271.3819274902343750
1970.7917              271.3937072753906250
1970.8767              271.3730468750000000
1970.9589              271.3468627929687500
1971.0438              271.3322143554687500
1971.1260              271.3225097656250000
1971.2054              271.3178405761718750
1971.2904              271.2937622070312500
1971.3726              271.2179260253906250
1971.4575              271.2118225097656250
1971.5397              271.2580566406250000
1971.6246              271.2988891601562500
1971.7096              271.3063659667968750
1971.7917              271.3366088867187500
1971.8767              271.3576049804687500
1971.9589              271.3766784667968750
1972.0437              271.3807678222656250
1972.1257              271.4987792968750000
1972.2076              271.7437744140625000
1972.2924              271.4177246093750000
1972.3743              271.3666076660156250
1972.4590              271.2384033203125000
1972.5410              271.2859802246093750
1972.6257              271.3328552246093750
1972.7103              271.3706359863281250
1972.7924              271.3981018066406250
1972.8771              271.4346923828125000
1972.9590              271.4575805664062500
1973.0438              271.4528503417968750
1973.1260              271.4359436035156250
1973.2054              271.4200744628906250
1973.2904              271.4251708984375000
1973.3726              271.2654724121093750
1973.4575              271.2599792480468750
1973.5397              271.2638549804687500
1973.6246              271.2991638183593750
1973.7096              271.3900146484375000
1973.7917              271.4391174316406250
1973.8767              271.5251770019531250
1973.9589              271.4911499023437500
1974.0438              271.4581909179687500
1974.1260              271.4505615234375000
1974.2054              271.4577026367187500
1974.2904              271.4385375976562500
1974.3726              271.3143005371093750
1974.4575              271.2693786621093750
1974.5397              271.3417968750000000
1974.6246              271.3569335937500000
1974.7096              271.3561096191406250
1974.7917              271.3545837402343750
1974.8767              271.3920288085937500
1974.9589              271.4425048828125000
1975.0438              271.4610595703125000
1975.1260              271.4641113281250000
1975.2054              271.4508666992187500
1975.2904              271.4643249511718750
1975.3726              271.4295349121093750
1975.4575              271.3669738769531250
1975.5397              271.3515014648437500
1975.6246              271.3316040039062500
1975.7096              271.3563537597656250
1975.7917              271.3994750976562500
1975.8767              271.4069519042968750
1975.9589              271.4044799804687500
1976.0437              271.4008178710937500
1976.1257              271.3953552246093750
1976.2076              271.3935546875000000
1976.2924              271.3365173339843750
1976.3743              271.2413330078125000
1976.4590              271.2728881835937500
1976.5410              271.3044738769531250
1976.6257              271.3416137695312500
1976.7103              271.3763122558593750
1976.7924              271.3916015625000000
1976.8771              271.4643554687500000
1976.9590              271.4710388183593750
1977.0438              271.4708251953125000
1977.1260              271.4678955078125000
1977.2054              271.4522094726562500
1977.2904              271.4442138671875000
1977.3726              271.4286193847656250
1977.4575              271.4267272949218750
1977.5397              271.4213867187500000
1977.6246              271.3999938964843750
1977.7096              271.4272460937500000
1977.7917              271.4418029785156250
1977.8767              271.4395446777343750
1977.9589              271.4313659667968750
1978.0438              271.5257873535156250
1978.1260              271.9765625000000000
1978.2054              272.1004943847656250
1978.2904              271.6221923828125000
1978.3726              271.5066223144531250
1978.4575              271.2531433105468750
1978.5397              271.2279357910156250
1978.6246              271.2453918457031250
1978.7096              271.3228149414062500
1978.7917              271.4073181152343750
1978.8767              271.4515991210937500
1978.9589              271.4681701660156250
1979.0438              271.4535522460937500
1979.1260              271.4351501464843750
1979.2054              271.4830627441406250
1979.2904              271.3839416503906250
1979.3726              271.2950439453125000
1979.4575              271.2229614257812500
1979.5397              271.2779541015625000
1979.6246              271.3600463867187500
1979.7096              271.3511352539062500
1979.7917              271.3547668457031250
1979.8767              271.3714904785156250
1979.9589              271.3950195312500000
1980.0437              271.3988342285156250
1980.1257              271.3940734863281250
1980.2076              271.3846740722656250
1980.2924              271.3806762695312500
1980.3743              271.3948059082031250
1980.4590              271.3787841796875000
1980.5410              271.3589477539062500
1980.6257              271.3250732421875000
1980.7103              271.3378601074218750
1980.7924              271.3899230957031250
1980.8771              271.4112548828125000
1980.9590              271.4153442382812500
1981.0438              271.4098205566406250
1981.1260              271.3864135742187500
1981.2054              271.3732604980468750
1981.2904              271.3678283691406250
1981.3726              271.3645324707031250
1981.4575              271.3522338867187500
1981.5397              271.3330383300781250
1981.6246              271.3244323730468750
1981.7096              271.3454284667968750
1981.7917              271.3752441406250000
1981.8767              271.3864440917968750
1981.9589              271.3658447265625000
1982.0438              271.3545532226562500
1982.1260              271.3519592285156250
1982.2054              271.3469543457031250
1982.2904              271.3683776855468750
1982.3726              271.3789367675781250
1982.4575              271.2200012207031250
1982.5397              271.2280883789062500
1982.6246              271.2199401855468750
1982.7096              271.2255249023437500
1982.7917              271.2361755371093750
1982.8767              271.2516784667968750
1982.9589              271.2646789550781250
1983.0438              271.2741394042968750
1983.1260              271.2820434570312500
1983.2054              271.2975463867187500
1983.2904              271.3132629394531250
1983.3726              271.2419433593750000
1983.4575              271.2785949707031250
1983.5397              271.3180236816406250
1983.6246              271.3201904296875000
1983.7096              271.3105468750000000
1983.7917              271.2966003417968750
1983.8767              271.2938842773437500
1983.9589              271.2957458496093750
1984.0437              271.3056640625000000
1984.1257              271.3046569824218750
1984.2076              271.3112487792968750
1984.2924              271.3068237304687500
1984.3743              271.2747497558593750
1984.4590              271.3215026855468750
1984.5410              271.3318786621093750
1984.6257              271.3272399902343750
1984.7103              271.3395996093750000
1984.7924              271.3447875976562500
1984.8771              271.3438720703125000
1984.9590              271.3460083007812500
1985.0438              271.3435974121093750
1985.1260              271.5213623046875000
1985.2054              271.7303466796875000
1985.2904              271.4465637207031250
1985.3726              271.3203430175781250
1985.4575              271.2784423828125000
1985.5397              271.2679443359375000
1985.6246              271.2787170410156250
1985.7096              271.3140869140625000
1985.7917              271.3611755371093750
1985.8767              271.3699340820312500
1985.9589              271.3681640625000000
1986.0438              271.3696289062500000
1986.1260              271.6502380371093750
1986.2054              271.9393615722656250
1986.2904              271.5136413574218750
1986.3726              271.4059448242187500
1986.4575              271.2012634277343750
1986.5397              271.2254028320312500
1986.6246              271.2809143066406250
1986.7096              271.3065185546875000
1986.7917              271.3013305664062500
1986.8767              271.3059997558593750
1986.9589              271.2987060546875000
1987.0438              271.2940673828125000
1987.1260              271.2854614257812500
1987.2054              271.2706909179687500
1987.2904              271.2680053710937500
1987.3726              271.2340087890625000
1987.4575              271.2043457031250000
1987.5397              271.2369384765625000
1987.6246              271.2542419433593750
1987.7096              271.2460937500000000
1987.7917              271.2662353515625000
1987.8767              271.2708129882812500
1987.9589              271.2839355468750000
1988.0437              271.2972412109375000
1988.1257              271.3037719726562500
1988.2076              271.3106994628906250
1988.2924              271.3210754394531250
1988.3743              271.3285217285156250
1988.4590              271.2313232421875000
1988.5410              271.2134704589843750
1988.6257              271.2219238281250000
1988.7103              271.2710266113281250
1988.7924              271.3389282226562500
1988.8771              271.3765563964843750
1988.9590              271.3485107421875000
1989.0438              271.3293762207031250
1989.1260              271.3268127441406250
1989.2054              271.3214721679687500
1989.2904              271.3378906250000000
1989.3726              271.3218994140625000
1989.4575              271.2764282226562500
1989.5397              271.3083801269531250
1989.6246              271.3352355957031250
1989.7096              271.3456115722656250
1989.7917              271.3388061523437500
1989.8767              271.3380432128906250
1989.9589              271.3177490234375000
1990.0438              271.3168029785156250
1990.1260              271.4968872070312500
1990.2054              271.4848937988281250
1990.2904              271.3546142578125000
1990.3726              271.2540893554687500
1990.4575              271.2525634765625000
1990.5397              271.2303466796875000
1990.6246              271.2377014160156250
1990.7096              271.2572021484375000
1990.7917              271.2751159667968750
1990.8767              271.2872924804687500
1990.9589              271.2911376953125000
1991.0438              271.2833557128906250
1991.1260              271.5617370605468750
1991.2054              271.7080688476562500
1991.2904              271.3581542968750000
1991.3726              271.2842712402343750
1991.4575              271.3128662109375000
1991.5397              271.3182678222656250
1991.6246              271.2522583007812500
1991.7096              271.2452697753906250
1991.7917              271.3195190429687500
1991.8767              271.3748779296875000
1991.9589              271.3739318847656250
1992.0437              271.3609313964843750
1992.1257              271.3571472167968750
1992.2076              271.3738403320312500
1992.2924              271.3381652832031250
1992.3743              271.2132568359375000
1992.4590              271.2516174316406250
1992.5410              271.2393798828125000
1992.6257              271.2299194335937500
1992.7103              271.2120666503906250
1992.7924              271.2522888183593750
1992.8771              271.2610473632812500
1992.9590              271.2636108398437500
1993.0438              271.2657775878906250
1993.1260              271.2761840820312500
1993.2054              271.2995910644531250
1993.2904              271.2872619628906250
1993.3726              271.3116149902343750
1993.4575              271.3515319824218750
1993.5397              271.3204345703125000
1993.6246              271.3178710937500000
1993.7096              271.3089294433593750
1993.7917              271.2926330566406250
1993.8767              271.2948608398437500
1993.9589              271.2984313964843750
1994.0438              271.2934265136718750
1994.1260              271.4764709472656250
1994.2054              271.6279602050781250
1994.2904              271.3372497558593750
1994.3726              271.2954101562500000
1994.4575              271.3596801757812500
1994.5397              271.5220947265625000
1994.6246              271.4219970703125000
1994.7096              271.4682006835937500
1994.7917              271.4851684570312500
1994.8767              271.4679260253906250
1994.9589              271.4393615722656250
1995.0438              271.4302673339843750
1995.1260              271.4302368164062500
1995.2054              271.3940429687500000
1995.2904              271.3770751953125000
1995.3726              271.2341918945312500
1995.4575              271.3880920410156250
1995.5397              271.3935852050781250
1995.6246              271.3726196289062500
1995.7096              271.3508605957031250
1995.7917              271.3473815917968750
1995.8767              271.4055480957031250
1995.9589              271.4193115234375000
1996.0437              271.4157409667968750
1996.1257              271.4122009277343750
1996.2076              271.4017333984375000
1996.2924              271.4013671875000000
1996.3743              271.3026123046875000
1996.4590              271.2546386718750000
1996.5410              271.2438659667968750
1996.6257              271.2961730957031250
1996.7103              271.3649291992187500
1996.7924              271.3973999023437500
1996.8771              271.4063110351562500
1996.9590              271.3974914550781250
1997.0438              271.3795471191406250
1997.1260              271.3606567382812500
1997.2054              271.4076538085937500
1997.2904              271.3662414550781250
1997.3726              271.3672790527343750
1997.4575              271.2121582031250000
1997.5397              271.2519836425781250
1997.6246              271.3030395507812500
1997.7096              271.2633972167968750
1997.7917              271.2696228027343750
1997.8767              271.3328857421875000
1997.9589              271.3908386230468750
1998.0438              271.4596252441406250
1998.1260              271.9493713378906250
1998.2054              272.0447082519531250
1998.2904              271.5475463867187500
1998.3726              271.4565734863281250
1998.4575              271.2497558593750000
1998.5397              271.2210083007812500
1998.6246              271.2256469726562500
1998.7096              271.2013244628906250
1998.7917              271.2279968261718750
1998.8767              271.2989196777343750
1998.9589              271.3461914062500000
1999.0438              271.7062072753906250
1999.1260              272.4182739257812500
1999.2054              272.4832763671875000
1999.2904              271.8572387695312500
1999.3726              271.4617614746093750
1999.4575              271.2675170898437500
1999.5397              271.2559509277343750
1999.6246              271.2291564941406250
1999.7096              271.3324584960937500
1999.7917              271.4011840820312500
1999.8767              271.4166870117187500
1999.9589              271.4039306640625000
2000.0437              271.4071960449218750
2000.1257              271.8491821289062500
2000.2076              272.0323791503906250
2000.2924              271.7361145019531250
2000.3743              271.4701232910156250
2000.4590              271.2325744628906250
2000.5410              271.2677307128906250
2000.6257              271.2856140136718750
2000.7103              271.3661804199218750
2000.7924              271.3735046386718750
2000.8771              271.3896484375000000
2000.9590              271.3767395019531250
