1880.0437              272.8343811035156250
1880.1257              272.8573913574218750
1880.2076              272.3902282714843750
1880.2924              271.8042297363281250
1880.3743              271.3017883300781250
1880.4590              271.2864379882812500
1880.5410              271.2946472167968750
1880.6257              271.3305664062500000
1880.7103              271.3184509277343750
1880.7924              271.3151245117187500
1880.8771              271.3971862792968750
1880.9590              271.8126525878906250
1881.0438              272.9466247558593750
1881.1260              273.1907348632812500
1881.2054              272.7650451660156250
1881.2904              272.0859680175781250
1881.3726              271.4747314453125000
1881.4575              271.2895812988281250
1881.5397              271.2854003906250000
1881.6246              271.2847290039062500
1881.7096              271.2935485839843750
1881.7917              271.3078613281250000
1881.8767              271.3829040527343750
1881.9589              271.9837341308593750
1882.0438              273.2388610839843750
1882.1260              273.3448486328125000
1882.2054              272.6929931640625000
1882.2904              271.9778442382812500
1882.3726              271.3560485839843750
1882.4575              271.2883911132812500
1882.5397              271.2860717773437500
1882.6246              271.2988281250000000
1882.7096              271.3147277832031250
1882.7917              271.3198852539062500
1882.8767              271.3303222656250000
1882.9589              271.6353149414062500
1883.0438              272.4239807128906250
1883.1260              272.7390441894531250
1883.2054              272.4985656738281250
1883.2904              271.8205566406250000
1883.3726              271.3037719726562500
1883.4575              271.2874755859375000
1883.5397              271.2885131835937500
1883.6246              271.2887268066406250
1883.7096              271.3024597167968750
1883.7917              271.3295288085937500
1883.8767              271.3489379882812500
1883.9589              271.7202148437500000
1884.0437              272.5226745605468750
1884.1257              272.7382202148437500
1884.2076              272.5253906250000000
1884.2924              271.7966308593750000
1884.3743              271.3173217773437500
1884.4590              271.2888488769531250
1884.5410              271.2882385253906250
1884.6257              271.3092041015625000
1884.7103              271.3051452636718750
1884.7924              271.3264770507812500
1884.8771              271.3213806152343750
1884.9590              271.6984863281250000
1885.0438              272.4842529296875000
1885.1260              272.8272094726562500
1885.2054              272.4577331542968750
1885.2904              271.7069702148437500
1885.3726              271.2994689941406250
1885.4575              271.2814636230468750
1885.5397              271.2969055175781250
1885.6246              271.3059692382812500
1885.7096              271.3261718750000000
1885.7917              271.3534240722656250
1885.8767              271.3931274414062500
1885.9589              271.7830810546875000
1886.0438              272.7202758789062500
1886.1260              273.0031433105468750
1886.2054              272.7244873046875000
1886.2904              272.1264038085937500
1886.3726              271.4478454589843750
1886.4575              271.2930603027343750
1886.5397              271.2843627929687500
1886.6246              271.2846069335937500
1886.7096              271.2950134277343750
1886.7917              271.3119506835937500
1886.8767              271.3382568359375000
1886.9589              271.8001403808593750
1887.0438              272.6076049804687500
1887.1260              272.9881286621093750
1887.2054              272.6911621093750000
1887.2904              271.9454650878906250
1887.3726              271.3557739257812500
1887.4575              271.2890625000000000
1887.5397              271.2892150878906250
1887.6246              271.2974243164062500
1887.7096              271.3047180175781250
1887.7917              271.3093566894531250
1887.8767              271.3364562988281250
1887.9589              271.6078186035156250
1888.0437              272.4970703125000000
1888.1257              272.9145507812500000
1888.2076              272.5680847167968750
1888.2924              272.0439758300781250
1888.3743              271.3596801757812500
1888.4590              271.2925415039062500
1888.5410              271.2890014648437500
1888.6257              271.2881469726562500
1888.7103              271.2946166992187500
1888.7924              271.3067626953125000
1888.8771              271.3667297363281250
1888.9590              271.7105407714843750
1889.0438              272.6871643066406250
1889.1260              272.7474365234375000
1889.2054              272.4152526855468750
1889.2904              271.7064819335937500
1889.3726              271.3010864257812500
1889.4575              271.2893371582031250
1889.5397              271.2830810546875000
1889.6246              271.2908020019531250
1889.7096              271.3052062988281250
1889.7917              271.3096923828125000
1889.8767              271.3354187011718750
1889.9589              271.7340087890625000
1890.0438              272.3473815917968750
1890.1260              272.6135253906250000
1890.2054              272.3925476074218750
1890.2904              271.6162414550781250
1890.3726              271.2951354980468750
1890.4575              271.2892150878906250
1890.5397              271.2862854003906250
1890.6246              271.3076171875000000
1890.7096              271.3236083984375000
1890.7917              271.3275756835937500
1890.8767              271.3440246582031250
1890.9589              271.7998046875000000
1891.0438              272.4126892089843750
1891.1260              272.5249633789062500
1891.2054              272.5080566406250000
1891.2904              271.8482055664062500
1891.3726              271.3111877441406250
1891.4575              271.2856445312500000
1891.5397              271.2859191894531250
1891.6246              271.2910156250000000
1891.7096              271.2946777343750000
1891.7917              271.2982177734375000
1891.8767              271.3352966308593750
1891.9589              271.9994201660156250
1892.0437              272.8550415039062500
1892.1257              272.8936157226562500
1892.2076              272.6361083984375000
1892.2924              272.0382385253906250
1892.3743              271.3700866699218750
1892.4590              271.2929992675781250
1892.5410              271.2858581542968750
1892.6257              271.2842102050781250
1892.7103              271.2900085449218750
1892.7924              271.2928466796875000
1892.8771              271.3273315429687500
1892.9590              271.7371826171875000
1893.0438              272.7611694335937500
1893.1260              272.9389953613281250
1893.2054              272.6610412597656250
1893.2904              272.0362243652343750
1893.3726              271.3896789550781250
1893.4575              271.2893981933593750
1893.5397              271.2852783203125000
1893.6246              271.2833557128906250
1893.7096              271.2927551269531250
1893.7917              271.2935180664062500
1893.8767              271.3300170898437500
1893.9589              271.8920898437500000
1894.0438              272.8756713867187500
1894.1260              272.9615783691406250
1894.2054              272.4959716796875000
1894.2904              271.7406005859375000
1894.3726              271.2948913574218750
1894.4575              271.2914428710937500
1894.5397              271.2998657226562500
1894.6246              271.3141784667968750
1894.7096              271.3038024902343750
1894.7917              271.3163146972656250
1894.8767              271.3778381347656250
1894.9589              271.6022644042968750
1895.0438              272.4436950683593750
1895.1260              272.7397460937500000
1895.2054              272.4284057617187500
1895.2904              271.6966552734375000
1895.3726              271.2959289550781250
1895.4575              271.2869873046875000
1895.5397              271.2880249023437500
1895.6246              271.2906799316406250
1895.7096              271.3008117675781250
1895.7917              271.3192749023437500
1895.8767              271.3577880859375000
1895.9589              271.6393127441406250
1896.0437              272.4940490722656250
1896.1257              272.6542358398437500
1896.2076              272.3795776367187500
1896.2924              271.8054504394531250
1896.3743              271.3143310546875000
1896.4590              271.2844848632812500
1896.5410              271.2876892089843750
1896.6257              271.2959594726562500
1896.7103              271.3278503417968750
1896.7924              271.3391723632812500
1896.8771              271.3336791992187500
1896.9590              271.4397583007812500
1897.0438              272.2716979980468750
1897.1260              272.5898132324218750
1897.2054              272.4371643066406250
1897.2904              271.7597961425781250
1897.3726              271.3243408203125000
1897.4575              271.2872314453125000
1897.5397              271.2864685058593750
1897.6246              271.2994384765625000
1897.7096              271.2964477539062500
1897.7917              271.2977905273437500
1897.8767              271.3634948730468750
1897.9589              271.7974243164062500
1898.0438              272.6719055175781250
1898.1260              272.8746032714843750
1898.2054              272.6444702148437500
1898.2904              272.0570678710937500
1898.3726              271.3149414062500000
1898.4575              271.2897949218750000
1898.5397              271.2968444824218750
1898.6246              271.2978515625000000
1898.7096              271.3403625488281250
1898.7917              271.3704528808593750
1898.8767              271.3500976562500000
1898.9589              271.6490783691406250
1899.0438              272.5219421386718750
1899.1260              272.9677734375000000
1899.2054              272.6360168457031250
1899.2904              271.9252624511718750
1899.3726              271.3176879882812500
1899.4575              271.2988891601562500
1899.5397              271.3237609863281250
1899.6246              271.3106079101562500
1899.7096              271.3512878417968750
1899.7917              271.3796386718750000
1899.8767              271.3840942382812500
1899.9589              271.7848510742187500
1900.0438              272.8071594238281250
1900.1260              273.1780395507812500
1900.2054              272.8887023925781250
1900.2904              272.1361694335937500
1900.3726              271.4754638671875000
1900.4575              271.2955932617187500
1900.5397              271.2886352539062500
1900.6246              271.2887878417968750
1900.7096              271.3010864257812500
1900.7917              271.3239135742187500
1900.8767              271.3336791992187500
1900.9589              271.6055603027343750
1901.0438              272.4261474609375000
1901.1260              272.8223266601562500
1901.2054              272.4868774414062500
1901.2904              272.0408325195312500
1901.3726              271.3678588867187500
1901.4575              271.2854003906250000
1901.5397              271.2845153808593750
1901.6246              271.2944946289062500
1901.7096              271.3107604980468750
1901.7917              271.3218688964843750
1901.8767              271.3624877929687500
1901.9589              272.0296020507812500
1902.0438              272.6876831054687500
1902.1260              273.1465454101562500
1902.2054              272.8389282226562500
1902.2904              272.1048278808593750
1902.3726              271.4139709472656250
1902.4575              271.2916870117187500
1902.5397              271.2861328125000000
1902.6246              271.2875671386718750
1902.7096              271.2924194335937500
1902.7917              271.3038330078125000
1902.8767              271.3205261230468750
1902.9589              271.6324768066406250
1903.0438              272.4649353027343750
1903.1260              272.9050903320312500
1903.2054              272.5773315429687500
1903.2904              271.9417724609375000
1903.3726              271.3097839355468750
1903.4575              271.2928771972656250
1903.5397              271.2878112792968750
1903.6246              271.2979431152343750
1903.7096              271.2918395996093750
1903.7917              271.2946777343750000
1903.8767              271.3020019531250000
1903.9589              271.4708862304687500
1904.0437              272.5422363281250000
1904.1257              272.9541931152343750
1904.2076              272.5395812988281250
1904.2924              271.9140014648437500
1904.3743              271.3276062011718750
1904.4590              271.2876892089843750
1904.5410              271.2926025390625000
1904.6257              271.3174133300781250
1904.7103              271.3189697265625000
1904.7924              271.3213806152343750
1904.8771              271.3802185058593750
1904.9590              271.8544921875000000
1905.0438              272.8726501464843750
1905.1260              273.0735473632812500
1905.2054              272.7887878417968750
1905.2904              272.1939392089843750
1905.3726              271.4011840820312500
1905.4575              271.2916870117187500
1905.5397              271.2962341308593750
1905.6246              271.3203735351562500
1905.7096              271.3365173339843750
1905.7917              271.3406372070312500
1905.8767              271.3901977539062500
1905.9589              271.6855773925781250
1906.0438              272.4393920898437500
1906.1260              272.8350830078125000
1906.2054              272.5030822753906250
1906.2904              271.5525512695312500
1906.3726              271.2971191406250000
1906.4575              271.3019409179687500
1906.5397              271.2901916503906250
1906.6246              271.2958374023437500
1906.7096              271.3462219238281250
1906.7917              271.3367004394531250
1906.8767              271.3236694335937500
1906.9589              271.6961364746093750
1907.0438              272.8781738281250000
1907.1260              273.2584533691406250
1907.2054              272.9808959960937500
1907.2904              272.2943725585937500
1907.3726              271.6008605957031250
1907.4575              271.2916564941406250
1907.5397              271.2877807617187500
1907.6246              271.2858276367187500
1907.7096              271.2962036132812500
1907.7917              271.3155212402343750
1907.8767              271.3819274902343750
1907.9589              271.9386291503906250
1908.0437              272.8804321289062500
1908.1257              273.1117858886718750
1908.2076              272.7114257812500000
1908.2924              271.9726257324218750
1908.3743              271.4706115722656250
1908.4590              271.2872314453125000
1908.5410              271.2858581542968750
1908.6257              271.2898254394531250
1908.7103              271.2901306152343750
1908.7924              271.3029785156250000
1908.8771              271.3761291503906250
1908.9590              272.2686157226562500
1909.0438              273.1382751464843750
1909.1260              273.5618591308593750
1909.2054              273.0945739746093750
1909.2904              272.2132873535156250
1909.3726              271.5237426757812500
1909.4575              271.2876281738281250
1909.5397              271.2841796875000000
1909.6246              271.2847595214843750
1909.7096              271.2888793945312500
1909.7917              271.2880249023437500
1909.8767              271.3848266601562500
1909.9589              272.0581970214843750
1910.0438              272.9302978515625000
1910.1260              273.2043457031250000
1910.2054              272.7114868164062500
1910.2904              272.1192626953125000
1910.3726              271.5190429687500000
1910.4575              271.2984008789062500
1910.5397              271.2881164550781250
1910.6246              271.2839660644531250
1910.7096              271.2884521484375000
1910.7917              271.3027343750000000
1910.8767              271.3807373046875000
1910.9589              272.0361022949218750
1911.0438              272.9959716796875000
1911.1260              273.0020446777343750
1911.2054              272.7084350585937500
1911.2904              272.0115356445312500
1911.3726              271.3197631835937500
1911.4575              271.2885742187500000
1911.5397              271.2862854003906250
1911.6246              271.2958068847656250
1911.7096              271.2921142578125000
1911.7917              271.2979736328125000
1911.8767              271.3207092285156250
1911.9589              271.8800354003906250
1912.0437              272.7973632812500000
1912.1257              273.0428466796875000
1912.2076              272.6043090820312500
1912.2924              271.7092895507812500
1912.3743              271.2916870117187500
1912.4590              271.2861022949218750
1912.5410              271.2887878417968750
1912.6257              271.3046569824218750
1912.7103              271.3013305664062500
1912.7924              271.3112182617187500
1912.8771              271.3786926269531250
1912.9590              271.7786254882812500
1913.0438              272.6687011718750000
1913.1260              272.8036499023437500
1913.2054              272.3869934082031250
1913.2904              271.5648498535156250
1913.3726              271.2938537597656250
1913.4575              271.2911682128906250
1913.5397              271.2968750000000000
1913.6246              271.3188171386718750
1913.7096              271.3227233886718750
1913.7917              271.3334960937500000
1913.8767              271.3316955566406250
1913.9589              271.5657653808593750
1914.0438              272.4159851074218750
1914.1260              272.5928955078125000
1914.2054              272.4334716796875000
1914.2904              271.6078796386718750
1914.3726              271.2858886718750000
1914.4575              271.2843933105468750
1914.5397              271.2873840332031250
1914.6246              271.2934570312500000
1914.7096              271.3057556152343750
1914.7917              271.3089599609375000
1914.8767              271.3110961914062500
1914.9589              271.5042724609375000
1915.0438              272.4350891113281250
1915.1260              272.7672119140625000
1915.2054              272.4905700683593750
1915.2904              271.9170837402343750
1915.3726              271.3570861816406250
1915.4575              271.2886047363281250
1915.5397              271.2858886718750000
1915.6246              271.2976989746093750
1915.7096              271.2912292480468750
1915.7917              271.3038330078125000
1915.8767              271.3259887695312500
1915.9589              271.7060852050781250
1916.0437              272.7313842773437500
1916.1257              273.0880737304687500
1916.2076              273.0493469238281250
1916.2924              272.4504394531250000
1916.3743              271.5440979003906250
1916.4590              271.2925415039062500
1916.5410              271.2842407226562500
1916.6257              271.2849121093750000
1916.7103              271.2831726074218750
1916.7924              271.2982177734375000
1916.8771              271.3680114746093750
1916.9590              272.1454772949218750
1917.0438              273.1892700195312500
1917.1260              273.5212707519531250
1917.2054              273.1296386718750000
1917.2904              272.3862915039062500
1917.3726              271.5650939941406250
1917.4575              271.2911682128906250
1917.5397              271.2847290039062500
1917.6246              271.2859191894531250
1917.7096              271.2880859375000000
1917.7917              271.2918090820312500
1917.8767              271.3753356933593750
1917.9589              272.1007995605468750
1918.0438              273.2574768066406250
1918.1260              273.3559875488281250
1918.2054              272.8893127441406250
1918.2904              272.0639038085937500
1918.3726              271.3488769531250000
1918.4575              271.2893066406250000
1918.5397              271.2905273437500000
1918.6246              271.3144226074218750
1918.7096              271.3169250488281250
1918.7917              271.3167419433593750
1918.8767              271.3593139648437500
1918.9589              271.6204833984375000
1919.0438              272.3716125488281250
1919.1260              272.7215881347656250
1919.2054              272.3977966308593750
1919.2904              271.7293395996093750
1919.3726              271.3528442382812500
1919.4575              271.2976684570312500
1919.5397              271.2973937988281250
1919.6246              271.3266906738281250
1919.7096              271.3351135253906250
1919.7917              271.3309631347656250
1919.8767              271.4161682128906250
1919.9589              272.1643371582031250
1920.0437              273.2423706054687500
1920.1257              273.4208068847656250
1920.2076              272.8994140625000000
1920.2924              272.0406188964843750
1920.3743              271.3135375976562500
1920.4590              271.2872619628906250
1920.5410              271.2864379882812500
1920.6257              271.2862243652343750
1920.7103              271.2973937988281250
1920.7924              271.3123168945312500
1920.8771              271.3269042968750000
1920.9590              271.5934143066406250
1921.0438              272.4507751464843750
1921.1260              272.7539062500000000
1921.2054              272.6273193359375000
1921.2904              272.1677551269531250
1921.3726              271.4210815429687500
1921.4575              271.2851867675781250
1921.5397              271.2868347167968750
1921.6246              271.2940673828125000
1921.7096              271.2982177734375000
1921.7917              271.3113403320312500
1921.8767              271.3251037597656250
1921.9589              271.5593566894531250
1922.0438              272.2357482910156250
1922.1260              272.6532897949218750
1922.2054              272.3755798339843750
1922.2904              271.6276550292968750
1922.3726              271.2904357910156250
1922.4575              271.2850646972656250
1922.5397              271.2892456054687500
1922.6246              271.2982177734375000
1922.7096              271.2954711914062500
1922.7917              271.3086853027343750
1922.8767              271.3428344726562500
1922.9589              271.5914306640625000
1923.0438              272.5489807128906250
1923.1260              272.8092956542968750
1923.2054              272.5150756835937500
1923.2904              271.9851379394531250
1923.3726              271.3336791992187500
1923.4575              271.2846679687500000
1923.5397              271.2827148437500000
1923.6246              271.2934265136718750
1923.7096              271.2870483398437500
1923.7917              271.2879333496093750
1923.8767              271.3363647460937500
1923.9589              271.8417358398437500
1924.0437              272.7304077148437500
1924.1257              272.8674621582031250
1924.2076              272.6040344238281250
1924.2924              272.0482177734375000
1924.3743              271.4210205078125000
1924.4590              271.2892150878906250
1924.5410              271.2863464355468750
1924.6257              271.2890319824218750
1924.7103              271.3100280761718750
1924.7924              271.3164672851562500
1924.8771              271.3442993164062500
1924.9590              271.8479919433593750
1925.0438              272.6042175292968750
1925.1260              272.7024536132812500
1925.2054              272.4278564453125000
1925.2904              271.9273681640625000
1925.3726              271.3226928710937500
1925.4575              271.2902221679687500
1925.5397              271.2903442382812500
1925.6246              271.3007812500000000
1925.7096              271.3074645996093750
1925.7917              271.3172302246093750
1925.8767              271.4173889160156250
1925.9589              272.0333251953125000
1926.0438              272.7625732421875000
1926.1260              272.8717041015625000
1926.2054              272.5807800292968750
1926.2904              272.1069030761718750
1926.3726              271.4892883300781250
1926.4575              271.2891235351562500
1926.5397              271.2899475097656250
1926.6246              271.3022460937500000
1926.7096              271.2988891601562500
1926.7917              271.3097839355468750
1926.8767              271.3291015625000000
1926.9589              271.7382202148437500
1927.0438              272.5591735839843750
1927.1260              272.8866577148437500
1927.2054              272.5000000000000000
1927.2904              271.7421569824218750
1927.3726              271.2919616699218750
1927.4575              271.2889404296875000
1927.5397              271.2984313964843750
1927.6246              271.2964172363281250
1927.7096              271.3095397949218750
1927.7917              271.3078002929687500
1927.8767              271.3504028320312500
1927.9589              271.7825012207031250
1928.0437              272.5531311035156250
1928.1257              272.8182678222656250
1928.2076              272.5004577636718750
1928.2924              271.9763793945312500
1928.3743              271.3172302246093750
1928.4590              271.2869567871093750
1928.5410              271.2935485839843750
1928.6257              271.2990112304687500
1928.7103              271.2948913574218750
1928.7924              271.3106689453125000
1928.8771              271.4466247558593750
1928.9590              271.9723815917968750
1929.0438              272.9223937988281250
1929.1260              273.1277465820312500
1929.2054              272.8963012695312500
1929.2904              272.1094055175781250
1929.3726              271.4515075683593750
1929.4575              271.2888183593750000
1929.5397              271.2839355468750000
1929.6246              271.2967529296875000
1929.7096              271.2902832031250000
1929.7917              271.2934570312500000
1929.8767              271.3087158203125000
1929.9589              271.6257324218750000
1930.0438              272.6206054687500000
1930.1260              272.9101562500000000
1930.2054              272.7554931640625000
1930.2904              272.1308898925781250
1930.3726              271.4754028320312500
1930.4575              271.2912902832031250
1930.5397              271.2853698730468750
1930.6246              271.2811584472656250
1930.7096              271.2869262695312500
1930.7917              271.2909240722656250
1930.8767              271.3217163085937500
1930.9589              271.7142639160156250
1931.0438              272.7029113769531250
1931.1260              272.9143981933593750
1931.2054              272.5079956054687500
1931.2904              271.8729248046875000
1931.3726              271.3034057617187500
1931.4575              271.2837219238281250
1931.5397              271.2833251953125000
1931.6246              271.3039245605468750
1931.7096              271.3059997558593750
1931.7917              271.3320922851562500
1931.8767              271.4455261230468750
1931.9589              272.1989440917968750
1932.0437              272.9694519042968750
1932.1257              273.1243896484375000
1932.2076              272.6006774902343750
1932.2924              271.7178955078125000
1932.3743              271.3001708984375000
1932.4590              271.3114318847656250
1932.5410              271.3137512207031250
1932.6257              271.3165283203125000
1932.7103              271.3339843750000000
1932.7924              271.3466796875000000
1932.8771              271.3695678710937500
1932.9590              271.7524719238281250
1933.0438              272.6593627929687500
1933.1260              272.8919067382812500
1933.2054              272.4954528808593750
1933.2904              271.7700500488281250
1933.3726              271.3000793457031250
1933.4575              271.2885742187500000
1933.5397              271.3032226562500000
1933.6246              271.3099060058593750
1933.7096              271.3391418457031250
1933.7917              271.3587951660156250
1933.8767              271.3681640625000000
1933.9589              271.9086608886718750
1934.0438              272.8447875976562500
1934.1260              273.2401428222656250
1934.2054              272.9771423339843750
1934.2904              272.3307800292968750
1934.3726              271.5457763671875000
1934.4575              271.2915649414062500
1934.5397              271.2971191406250000
1934.6246              271.3045043945312500
1934.7096              271.3265380859375000
1934.7917              271.3180847167968750
1934.8767              271.3294982910156250
1934.9589              271.9054870605468750
1935.0438              273.0059509277343750
1935.1260              273.2976989746093750
1935.2054              273.0519409179687500
1935.2904              272.0408935546875000
1935.3726              271.3017272949218750
1935.4575              271.2915344238281250
1935.5397              271.2878417968750000
1935.6246              271.2995910644531250
1935.7096              271.3067626953125000
1935.7917              271.3470458984375000
1935.8767              271.4263916015625000
1935.9589              271.7676696777343750
1936.0437              272.5906066894531250
1936.1257              272.9613037109375000
1936.2076              272.5874023437500000
1936.2924              272.1489257812500000
1936.3743              271.4394531250000000
1936.4590              271.2891845703125000
1936.5410              271.2832336425781250
1936.6257              271.2820434570312500
1936.7103              271.2850646972656250
1936.7924              271.2926635742187500
1936.8771              271.3173828125000000
1936.9590              271.7253417968750000
1937.0438              272.5863952636718750
1937.1260              273.1075134277343750
1937.2054              272.8474731445312500
1937.2904              271.9869079589843750
1937.3726              271.2966308593750000
1937.4575              271.2882690429687500
1937.5397              271.2882690429687500
1937.6246              271.2956542968750000
1937.7096              271.3013305664062500
1937.7917              271.3077087402343750
1937.8767              271.3189697265625000
1937.9589              271.6996765136718750
1938.0438              272.5487670898437500
1938.1260              272.9519958496093750
1938.2054              272.7698669433593750
1938.2904              272.1624450683593750
1938.3726              271.4006042480468750
1938.4575              271.2917480468750000
1938.5397              271.2895202636718750
1938.6246              271.2970275878906250
1938.7096              271.2932739257812500
1938.7917              271.3069763183593750
1938.8767              271.3557434082031250
1938.9589              271.8450927734375000
1939.0438              272.9839172363281250
1939.1260              273.0764465332031250
1939.2054              272.6401062011718750
1939.2904              271.8892211914062500
1939.3726              271.3021240234375000
1939.4575              271.2863464355468750
1939.5397              271.2907714843750000
1939.6246              271.3093261718750000
1939.7096              271.2980346679687500
1939.7917              271.3125610351562500
1939.8767              271.3721008300781250
1939.9589              271.8744812011718750
1940.0437              272.8053588867187500
1940.1257              273.1263427734375000
1940.2076              272.7771606445312500
1940.2924              272.1372070312500000
1940.3743              271.3484497070312500
1940.4590              271.2914123535156250
1940.5410              271.2924804687500000
1940.6257              271.3120422363281250
1940.7103              271.3071594238281250
1940.7924              271.3338012695312500
1940.8771              271.4195861816406250
1940.9590              272.0039367675781250
1941.0438              273.0275268554687500
1941.1260              273.1964721679687500
1941.2054              272.8019104003906250
1941.2904              272.2048950195312500
1941.3726              271.4029846191406250
1941.4575              271.2934265136718750
1941.5397              271.2902832031250000
1941.6246              271.2850952148437500
1941.7096              271.2889099121093750
1941.7917              271.3106384277343750
1941.8767              271.3579101562500000
1941.9589              271.6620483398437500
1942.0438              272.6228637695312500
1942.1260              272.7575073242187500
1942.2054              272.6062316894531250
1942.2904              271.9868164062500000
1942.3726              271.3492431640625000
1942.4575              271.2956237792968750
1942.5397              271.2916870117187500
1942.6246              271.2879638671875000
1942.7096              271.2913818359375000
1942.7917              271.3071594238281250
1942.8767              271.3982238769531250
1942.9589              271.9292297363281250
1943.0438              272.8492126464843750
1943.1260              273.3627014160156250
1943.2054              272.7204284667968750
1943.2904              272.0672912597656250
1943.3726              271.3780517578125000
1943.4575              271.2963867187500000
1943.5397              271.2912597656250000
1943.6246              271.2934570312500000
1943.7096              271.3016357421875000
1943.7917              271.2972412109375000
1943.8767              271.4502258300781250
1943.9589              271.9566650390625000
1944.0437              272.8623962402343750
1944.1257              273.0582275390625000
1944.2076              272.4385681152343750
1944.2924              271.6642761230468750
1944.3743              271.3068847656250000
1944.4590              271.2849426269531250
1944.5410              271.2895812988281250
1944.6257              271.2969665527343750
1944.7103              271.3054199218750000
1944.7924              271.3207702636718750
1944.8771              271.3828735351562500
1944.9590              271.7996826171875000
1945.0438              272.5602722167968750
1945.1260              272.6230468750000000
1945.2054              272.4290466308593750
1945.2904              271.8170166015625000
1945.3726              271.3165588378906250
1945.4575              271.2912292480468750
1945.5397              271.2928771972656250
1945.6246              271.3140869140625000
1945.7096              271.3065795898437500
1945.7917              271.3235778808593750
1945.8767              271.3810424804687500
1945.9589              271.8956909179687500
1946.0438              272.9922790527343750
1946.1260              273.0358886718750000
1946.2054              272.8100280761718750
1946.2904              272.1230773925781250
1946.3726              271.4252929687500000
1946.4575              271.2957763671875000
1946.5397              271.2956848144531250
1946.6246              271.3029174804687500
1946.7096              271.3185119628906250
1946.7917              271.3095397949218750
1946.8767              271.3198242187500000
1946.9589              271.5351867675781250
1947.0438              272.3208007812500000
1947.1260              272.6599426269531250
1947.2054              272.4796447753906250
1947.2904              271.8543395996093750
1947.3726              271.3150329589843750
1947.4575              271.2889404296875000
1947.5397              271.2928161621093750
1947.6246              271.2900085449218750
1947.7096              271.2894897460937500
1947.7917              271.3050231933593750
1947.8767              271.3384704589843750
1947.9589              271.6533508300781250
1948.0437              272.7271728515625000
1948.1257              273.2200927734375000
1948.2076              272.9905395507812500
1948.2924              272.2071838378906250
1948.3743              271.3878784179687500
1948.4590              271.2926025390625000
1948.5410              271.2885742187500000
1948.6257              271.3016052246093750
1948.7103              271.3265380859375000
1948.7924              271.3453369140625000
1948.8771              271.3842163085937500
1948.9590              271.9028320312500000
1949.0438              272.8115234375000000
1949.1260              273.0917053222656250
1949.2054              272.8936767578125000
1949.2904              272.3261718750000000
1949.3726              271.5520019531250000
1949.4575              271.3006896972656250
1949.5397              271.2926940917968750
1949.6246              271.2884216308593750
1949.7096              271.2998657226562500
1949.7917              271.3227233886718750
1949.8767              271.4464721679687500
1949.9589              271.9660339355468750
1950.0438              272.8781127929687500
1950.1260              273.0420227050781250
1950.2054              272.5552978515625000
1950.2904              271.7698974609375000
1950.3726              271.3247375488281250
1950.4575              271.2932739257812500
1950.5397              271.2893371582031250
1950.6246              271.3146057128906250
1950.7096              271.3296813964843750
1950.7917              271.3197631835937500
1950.8767              271.3358764648437500
1950.9589              271.6773681640625000
1951.0438              272.7861022949218750
1951.1260              272.8859863281250000
1951.2054              272.6324462890625000
1951.2904              271.8356323242187500
1951.3726              271.3084411621093750
1951.4575              271.2889404296875000
1951.5397              271.2857666015625000
1951.6246              271.3198852539062500
1951.7096              271.2999877929687500
1951.7917              271.3263244628906250
1951.8767              271.3951721191406250
1951.9589              271.9801330566406250
1952.0437              272.9763488769531250
1952.1257              273.0860900878906250
1952.2076              272.7340698242187500
1952.2924              272.0168457031250000
1952.3743              271.5628051757812500
1952.4590              271.3180541992187500
1952.5410              271.2829895019531250
1952.6257              271.2994079589843750
1952.7103              271.2924804687500000
1952.7924              271.3068542480468750
1952.8771              271.3825988769531250
1952.9590              271.9135131835937500
1953.0438              272.7754516601562500
1953.1260              272.8542785644531250
1953.2054              272.6040344238281250
1953.2904              272.0654296875000000
1953.3726              271.5054931640625000
1953.4575              271.2873840332031250
1953.5397              271.2894592285156250
1953.6246              271.2996215820312500
1953.7096              271.3034057617187500
1953.7917              271.3053894042968750
1953.8767              271.3227233886718750
1953.9589              271.5689392089843750
1954.0438              272.4270324707031250
1954.1260              272.7413940429687500
1954.2054              272.4749450683593750
1954.2904              271.8116760253906250
1954.3726              271.3226013183593750
1954.4575              271.2978210449218750
1954.5397              271.2902832031250000
1954.6246              271.2944335937500000
1954.7096              271.2949218750000000
1954.7917              271.3117675781250000
1954.8767              271.3503723144531250
1954.9589              271.9104309082031250
1955.0438              272.5971374511718750
1955.1260              273.0216369628906250
1955.2054              272.9284973144531250
1955.2904              272.1304321289062500
1955.3726              271.4376831054687500
1955.4575              271.3002929687500000
1955.5397              271.2929077148437500
1955.6246              271.2892761230468750
1955.7096              271.2884826660156250
1955.7917              271.2931213378906250
1955.8767              271.3515625000000000
1955.9589              271.9707031250000000
1956.0437              272.9463806152343750
1956.1257              273.1694030761718750
1956.2076              272.8688049316406250
1956.2924              272.1273498535156250
1956.3743              271.4285278320312500
1956.4590              271.2962951660156250
1956.5410              271.2926025390625000
1956.6257              271.2925109863281250
1956.7103              271.2969055175781250
1956.7924              271.3187866210937500
1956.8771              271.4162292480468750
1956.9590              272.2277221679687500
1957.0438              272.8477783203125000
1957.1260              273.1202697753906250
1957.2054              272.7405395507812500
1957.2904              272.0590515136718750
1957.3726              271.3168945312500000
1957.4575              271.2934875488281250
1957.5397              271.3000793457031250
1957.6246              271.2999877929687500
1957.7096              271.3232116699218750
1957.7917              271.3272094726562500
1957.8767              271.4439697265625000
1957.9589              271.8719787597656250
1958.0438              272.6326599121093750
1958.1260              272.9240417480468750
1958.2054              272.6098632812500000
1958.2904              271.8061523437500000
1958.3726              271.3085937500000000
1958.4575              271.3030090332031250
1958.5397              271.3001098632812500
1958.6246              271.3157348632812500
1958.7096              271.3036804199218750
1958.7917              271.3291931152343750
1958.8767              271.4461975097656250
1958.9589              272.1155395507812500
1959.0438              273.0411376953125000
1959.1260              273.1415405273437500
1959.2054              272.7062377929687500
1959.2904              271.9228820800781250
1959.3726              271.3583068847656250
1959.4575              271.2994384765625000
1959.5397              271.3024597167968750
1959.6246              271.2973632812500000
1959.7096              271.2960815429687500
1959.7917              271.3238830566406250
1959.8767              271.5222778320312500
1959.9589              272.1145629882812500
1960.0437              272.8642272949218750
1960.1257              273.2305297851562500
1960.2076              272.8945922851562500
1960.2924              272.0374145507812500
1960.3743              271.3610839843750000
1960.4590              271.2949218750000000
1960.5410              271.2956542968750000
1960.6257              271.2956848144531250
1960.7103              271.3067932128906250
1960.7924              271.3163146972656250
1960.8771              271.4619445800781250
1960.9590              271.9462585449218750
1961.0438              272.8214416503906250
1961.1260              272.9929199218750000
1961.2054              272.6477355957031250
1961.2904              271.9215698242187500
1961.3726              271.3362426757812500
1961.4575              271.2966613769531250
1961.5397              271.2989807128906250
1961.6246              271.2941589355468750
1961.7096              271.3078613281250000
1961.7917              271.3280639648437500
1961.8767              271.4244995117187500
1961.9589              272.0598449707031250
1962.0438              272.7810058593750000
1962.1260              272.9582519531250000
1962.2054              272.7230224609375000
1962.2904              272.2149353027343750
1962.3726              271.4417724609375000
1962.4575              271.2962951660156250
1962.5397              271.2944030761718750
1962.6246              271.2916564941406250
1962.7096              271.3159484863281250
1962.7917              271.3354187011718750
1962.8767              271.4202575683593750
1962.9589              272.0495300292968750
1963.0438              272.9702758789062500
1963.1260              273.3797912597656250
1963.2054              272.8266906738281250
1963.2904              272.0142211914062500
1963.3726              271.3058776855468750
1963.4575              271.2925720214843750
1963.5397              271.2923889160156250
1963.6246              271.3002929687500000
1963.7096              271.3487548828125000
1963.7917              271.3506774902343750
1963.8767              271.3453063964843750
1963.9589              271.5870971679687500
1964.0437              272.5989990234375000
1964.1257              272.8524169921875000
1964.2076              272.7287292480468750
1964.2924              272.1723632812500000
1964.3743              271.4804077148437500
1964.4590              271.2949523925781250
1964.5410              271.2971496582031250
1964.6257              271.3162536621093750
1964.7103              271.3117370605468750
1964.7924              271.3396606445312500
1964.8771              271.4410400390625000
1964.9590              272.0296325683593750
1965.0438              272.7217102050781250
1965.1260              272.9853820800781250
1965.2054              272.7884521484375000
1965.2904              272.1584167480468750
1965.3726              271.4854431152343750
1965.4575              271.2975463867187500
1965.5397              271.2932739257812500
1965.6246              271.2941589355468750
1965.7096              271.2956542968750000
1965.7917              271.3113098144531250
1965.8767              271.4515686035156250
1965.9589              271.9737854003906250
1966.0438              272.8055725097656250
1966.1260              273.0802612304687500
1966.2054              272.7021484375000000
1966.2904              271.9231262207031250
1966.3726              271.2992248535156250
1966.4575              271.2873840332031250
1966.5397              271.2913208007812500
1966.6246              271.2984008789062500
1966.7096              271.2990417480468750
1966.7917              271.2987365722656250
1966.8767              271.3436584472656250
1966.9589              271.6259765625000000
1967.0438              272.5149841308593750
1967.1260              273.1126098632812500
1967.2054              272.6721191406250000
1967.2904              271.9057922363281250
1967.3726              271.3113708496093750
1967.4575              271.2878112792968750
1967.5397              271.2914428710937500
1967.6246              271.3041381835937500
1967.7096              271.2948913574218750
1967.7917              271.3000183105468750
1967.8767              271.3628845214843750
1967.9589              271.9176330566406250
1968.0437              272.9794616699218750
1968.1257              273.2426757812500000
1968.2076              272.9168090820312500
1968.2924              272.2248229980468750
1968.3743              271.3973083496093750
1968.4590              271.3008117675781250
1968.5410              271.3009948730468750
1968.6257              271.3000793457031250
1968.7103              271.3004760742187500
1968.7924              271.3154602050781250
1968.8771              271.3315734863281250
1968.9590              271.6686706542968750
1969.0438              272.4783630371093750
1969.1260              272.8722534179687500
1969.2054              272.6755981445312500
1969.2904              272.1527404785156250
1969.3726              271.4008178710937500
1969.4575              271.3044128417968750
1969.5397              271.3022155761718750
1969.6246              271.2999267578125000
1969.7096              271.2958679199218750
1969.7917              271.2981872558593750
1969.8767              271.3293457031250000
1969.9589              271.6601257324218750
1970.0438              272.6867980957031250
1970.1260              273.0394287109375000
1970.2054              272.6433105468750000
1970.2904              271.8730163574218750
1970.3726              271.3269042968750000
1970.4575              271.3025817871093750
1970.5397              271.2990722656250000
1970.6246              271.3042602539062500
1970.7096              271.3079528808593750
1970.7917              271.3070983886718750
1970.8767              271.4160156250000000
1970.9589              272.1289672851562500
1971.0438              273.1676330566406250
1971.1260              273.1151733398437500
1971.2054              272.7563171386718750
1971.2904              271.9695129394531250
1971.3726              271.4060058593750000
1971.4575              271.2996826171875000
1971.5397              271.3072204589843750
1971.6246              271.3117675781250000
1971.7096              271.3237304687500000
1971.7917              271.3260498046875000
1971.8767              271.4941711425781250
1971.9589              272.3315124511718750
1972.0437              273.0181884765625000
1972.1257              273.0667724609375000
1972.2076              272.5846252441406250
1972.2924              271.9639892578125000
1972.3743              271.4295959472656250
1972.4590              271.3060913085937500
1972.5410              271.3064270019531250
1972.6257              271.3059692382812500
1972.7103              271.3376464843750000
1972.7924              271.3611755371093750
1972.8771              271.4320678710937500
1972.9590              272.3326416015625000
1973.0438              273.4528198242187500
1973.1260              273.7879638671875000
1973.2054              273.1024475097656250
1973.2904              272.1440734863281250
1973.3726              271.4231567382812500
1973.4575              271.3039550781250000
1973.5397              271.3041076660156250
1973.6246              271.3313598632812500
1973.7096              271.3807678222656250
1973.7917              271.3658447265625000
1973.8767              271.3580017089843750
1973.9589              271.7567749023437500
1974.0438              272.8536376953125000
1974.1260              273.3003540039062500
1974.2054              273.0022583007812500
1974.2904              272.0113220214843750
1974.3726              271.3977355957031250
1974.4575              271.2928161621093750
1974.5397              271.2989501953125000
1974.6246              271.2994079589843750
1974.7096              271.3064575195312500
1974.7917              271.3309936523437500
1974.8767              271.4080505371093750
1974.9589              272.3474121093750000
1975.0438              273.4354248046875000
1975.1260              273.7193603515625000
1975.2054              273.3495483398437500
1975.2904              272.5664672851562500
1975.3726              271.6745300292968750
1975.4575              271.3017272949218750
1975.5397              271.2958679199218750
1975.6246              271.3097839355468750
1975.7096              271.3282775878906250
1975.7917              271.3267822265625000
1975.8767              271.4681091308593750
1975.9589              271.8912048339843750
1976.0437              272.8882751464843750
1976.1257              273.3215026855468750
1976.2076              272.9878540039062500
1976.2924              272.2288818359375000
1976.3743              271.4254760742187500
1976.4590              271.2967224121093750
1976.5410              271.2941284179687500
1976.6257              271.2991027832031250
1976.7103              271.3098754882812500
1976.7924              271.3276062011718750
1976.8771              271.4465026855468750
1976.9590              272.0253601074218750
1977.0438              272.9212646484375000
1977.1260              273.3518066406250000
1977.2054              272.9283142089843750
1977.2904              272.1010742187500000
1977.3726              271.4739685058593750
1977.4575              271.2971496582031250
1977.5397              271.3033447265625000
1977.6246              271.3076782226562500
1977.7096              271.2993469238281250
1977.7917              271.3205871582031250
1977.8767              271.6548156738281250
1977.9589              272.3542785644531250
1978.0438              273.2709655761718750
1978.1260              273.2843322753906250
1978.2054              272.7675781250000000
1978.2904              272.0479431152343750
1978.3726              271.3489685058593750
1978.4575              271.2994079589843750
1978.5397              271.3041381835937500
1978.6246              271.3150329589843750
1978.7096              271.3084411621093750
1978.7917              271.3182067871093750
1978.8767              271.6386718750000000
1978.9589              272.7710571289062500
1979.0438              273.4653625488281250
1979.1260              273.1817321777343750
1979.2054              272.6876831054687500
1979.2904              272.0109252929687500
1979.3726              271.3490600585937500
1979.4575              271.2995300292968750
1979.5397              271.3166809082031250
1979.6246              271.3042907714843750
1979.7096              271.3399047851562500
1979.7917              271.3396301269531250
1979.8767              271.4692382812500000
1979.9589              272.0025939941406250
1980.0437              272.8420104980468750
1980.1257              273.1432800292968750
1980.2076              272.8744201660156250
1980.2924              272.1081542968750000
1980.3743              271.4833374023437500
1980.4590              271.2958984375000000
1980.5410              271.2948303222656250
1980.6257              271.2964172363281250
1980.7103              271.3060302734375000
1980.7924              271.3058166503906250
1980.8771              271.3759765625000000
1980.9590              271.7106018066406250
1981.0438              272.4027709960937500
1981.1260              272.8897399902343750
1981.2054              272.7473144531250000
1981.2904              272.1118774414062500
1981.3726              271.4008483886718750
1981.4575              271.2991943359375000
1981.5397              271.3036193847656250
1981.6246              271.2965087890625000
1981.7096              271.3244018554687500
1981.7917              271.3289184570312500
1981.8767              271.5538635253906250
1981.9589              272.4665832519531250
1982.0438              273.3000793457031250
1982.1260              273.5006103515625000
1982.2054              273.1631164550781250
1982.2904              272.3720397949218750
1982.3726              271.4737548828125000
1982.4575              271.2999267578125000
1982.5397              271.2966918945312500
1982.6246              271.3027648925781250
1982.7096              271.3099060058593750
1982.7917              271.3341979980468750
1982.8767              271.4358215332031250
1982.9589              271.9204406738281250
1983.0438              273.0059509277343750
1983.1260              273.2062377929687500
1983.2054              272.9798889160156250
1983.2904              272.1618957519531250
1983.3726              271.3326110839843750
1983.4575              271.3012695312500000
1983.5397              271.2968139648437500
1983.6246              271.3049926757812500
1983.7096              271.3194580078125000
1983.7917              271.3095397949218750
1983.8767              271.3847656250000000
1983.9589              272.1464538574218750
1984.0437              272.8422241210937500
1984.1257              273.2420654296875000
1984.2076              273.0988464355468750
1984.2924              272.4812622070312500
1984.3743              271.6451110839843750
1984.4590              271.2956848144531250
1984.5410              271.2954101562500000
1984.6257              271.2995910644531250
1984.7103              271.3056030273437500
1984.7924              271.3166809082031250
1984.8771              271.3827209472656250
1984.9590              271.8386535644531250
1985.0438              272.7478942871093750
1985.1260              272.9959411621093750
1985.2054              272.6165771484375000
1985.2904              272.1939086914062500
1985.3726              271.4382324218750000
1985.4575              271.2979431152343750
1985.5397              271.2973937988281250
1985.6246              271.2987365722656250
1985.7096              271.2962646484375000
1985.7917              271.3081359863281250
1985.8767              271.3915100097656250
1985.9589              271.9464721679687500
1986.0438              272.6235046386718750
1986.1260              272.8495178222656250
1986.2054              272.8391418457031250
1986.2904              272.2192687988281250
1986.3726              271.5051879882812500
1986.4575              271.3005981445312500
1986.5397              271.3010253906250000
1986.6246              271.3008728027343750
1986.7096              271.2969055175781250
1986.7917              271.3132934570312500
1986.8767              271.5389404296875000
1986.9589              272.0856933593750000
1987.0438              272.7375183105468750
1987.1260              272.9527587890625000
1987.2054              272.6114501953125000
1987.2904              271.8909301757812500
1987.3726              271.3744812011718750
1987.4575              271.2955017089843750
1987.5397              271.3026123046875000
1987.6246              271.3027648925781250
1987.7096              271.3059082031250000
1987.7917              271.3213806152343750
1987.8767              271.4910583496093750
1987.9589              272.0591735839843750
1988.0437              272.9162292480468750
1988.1257              273.1329650878906250
1988.2076              272.7526245117187500
1988.2924              272.1526184082031250
1988.3743              271.4527893066406250
1988.4590              271.2946472167968750
1988.5410              271.2976074218750000
1988.6257              271.3046264648437500
1988.7103              271.2965393066406250
1988.7924              271.3376159667968750
1988.8771              271.4664001464843750
1988.9590              271.9870605468750000
1989.0438              272.8894042968750000
1989.1260              273.0921630859375000
1989.2054              272.6610412597656250
1989.2904              272.0464477539062500
1989.3726              271.3287963867187500
1989.4575              271.2863769531250000
1989.5397              271.2882080078125000
1989.6246              271.2938537597656250
1989.7096              271.2952880859375000
1989.7917              271.3179016113281250
1989.8767              271.4889221191406250
1989.9589              272.2643127441406250
1990.0438              272.9500427246093750
1990.1260              272.9980468750000000
1990.2054              272.6774902343750000
1990.2904              271.9521789550781250
1990.3726              271.3549194335937500
1990.4575              271.3063659667968750
1990.5397              271.3294677734375000
1990.6246              271.3388061523437500
1990.7096              271.3018798828125000
1990.7917              271.3306884765625000
1990.8767              271.4942321777343750
1990.9589              272.3889160156250000
1991.0438              273.2340393066406250
1991.1260              273.1527099609375000
1991.2054              272.8494262695312500
1991.2904              271.9918823242187500
1991.3726              271.3237304687500000
1991.4575              271.3025512695312500
1991.5397              271.3133239746093750
1991.6246              271.3104858398437500
1991.7096              271.3447265625000000
1991.7917              271.3415222167968750
1991.8767              271.3599853515625000
1991.9589              271.7045288085937500
1992.0437              272.6326293945312500
1992.1257              272.9347229003906250
1992.2076              272.5892333984375000
1992.2924              271.8265686035156250
1992.3743              271.3122253417968750
1992.4590              271.2954101562500000
1992.5410              271.2928466796875000
1992.6257              271.2995605468750000
1992.7103              271.2872924804687500
1992.7924              271.2930603027343750
1992.8771              271.3772277832031250
1992.9590              272.0726623535156250
1993.0438              272.9213867187500000
1993.1260              273.3104858398437500
1993.2054              272.6994934082031250
1993.2904              272.0883789062500000
1993.3726              271.3746032714843750
1993.4575              271.3030090332031250
1993.5397              271.3020935058593750
1993.6246              271.2940979003906250
1993.7096              271.3017272949218750
1993.7917              271.3314819335937500
1993.8767              271.4866333007812500
1993.9589              271.9843444824218750
1994.0438              272.7564392089843750
1994.1260              272.8431396484375000
1994.2054              272.5133666992187500
1994.2904              271.7967224121093750
1994.3726              271.3100585937500000
1994.4575              271.2942199707031250
1994.5397              271.2897033691406250
1994.6246              271.3029174804687500
1994.7096              271.3091125488281250
1994.7917              271.3097534179687500
1994.8767              271.3854675292968750
1994.9589              272.0270996093750000
1995.0438              272.8678894042968750
1995.1260              273.1020202636718750
1995.2054              272.7509155273437500
1995.2904              271.8830566406250000
1995.3726              271.3673095703125000
1995.4575              271.2923889160156250
1995.5397              271.2887878417968750
1995.6246              271.3031005859375000
1995.7096              271.3031921386718750
1995.7917              271.3083801269531250
1995.8767              271.3859863281250000
1995.9589              272.0629577636718750
1996.0437              272.9767761230468750
1996.1257              273.1615295410156250
1996.2076              272.9249267578125000
1996.2924              272.1687622070312500
1996.3743              271.3888549804687500
1996.4590              271.2942199707031250
1996.5410              271.2926635742187500
1996.6257              271.2982788085937500
1996.7103              271.3080139160156250
1996.7924              271.3125305175781250
1996.8771              271.3982543945312500
1996.9590              271.9944763183593750
1997.0438              272.8176574707031250
1997.1260              273.4955444335937500
1997.2054              272.9928588867187500
1997.2904              272.3841247558593750
1997.3726              271.6154174804687500
1997.4575              271.2973327636718750
1997.5397              271.2937927246093750
1997.6246              271.2905883789062500
1997.7096              271.2988586425781250
1997.7917              271.3137512207031250
1997.8767              271.4088745117187500
1997.9589              272.0048217773437500
1998.0438              272.8504333496093750
1998.1260              272.8534240722656250
1998.2054              272.5101013183593750
1998.2904              271.9234619140625000
1998.3726              271.3067626953125000
1998.4575              271.2915954589843750
1998.5397              271.2911987304687500
1998.6246              271.3111267089843750
1998.7096              271.3024597167968750
1998.7917              271.2932128906250000
1998.8767              271.3627929687500000
1998.9589              271.7640380859375000
1999.0438              272.4798583984375000
1999.1260              272.7960205078125000
1999.2054              272.5948486328125000
1999.2904              271.9763793945312500
1999.3726              271.3258056640625000
1999.4575              271.2895507812500000
1999.5397              271.2900695800781250
1999.6246              271.2981567382812500
1999.7096              271.3016052246093750
1999.7917              271.3174438476562500
1999.8767              271.3684692382812500
1999.9589              271.7799072265625000
2000.0437              272.6548767089843750
2000.1257              272.9296569824218750
2000.2076              272.4844665527343750
2000.2924              271.9182739257812500
2000.3743              271.3259582519531250
2000.4590              271.2989196777343750
2000.5410              271.3000488281250000
2000.6257              271.3067321777343750
2000.7103              271.3397521972656250
2000.7924              271.3324890136718750
2000.8771              271.4781494140625000
2000.9590              272.0840454101562500
2001.0438              272.9648132324218750
2001.1260              273.2263183593750000
2001.2054              272.7596435546875000
2001.2904              271.9320373535156250
2001.3726              271.3643493652343750
2001.4575              271.2996520996093750
2001.5397              271.3034973144531250
2001.6246              271.3065490722656250
2001.7096              271.3062438964843750
2001.7917              271.3183593750000000
2001.8767              271.4383239746093750
2001.9589              271.9536743164062500
2002.0438              272.9519348144531250
2002.1260              273.2122802734375000
2002.2054              272.9660644531250000
2002.2904              272.2139282226562500
2002.3726              271.3916931152343750
2002.4575              271.2969360351562500
2002.5397              271.3036499023437500
2002.6246              271.2976684570312500
2002.7096              271.3099670410156250
2002.7917              271.3494873046875000
2002.8767              271.5268249511718750
2002.9589              272.2080078125000000
2003.0438              272.9601745605468750
2003.1260              273.0207824707031250
2003.2054              272.6084899902343750
2003.2904              271.9894409179687500
2003.3726              271.3183288574218750
2003.4575              271.2964782714843750
2003.5397              271.3004760742187500
2003.6246              271.2979125976562500
2003.7096              271.3110351562500000
2003.7917              271.3416137695312500
2003.8767              271.3428955078125000
2003.9589              271.9579467773437500
