1890.0438              272.6186523437500000
1890.1260              272.8483581542968750
1890.2054              272.4712219238281250
1890.2904              271.7296142578125000
1890.3726              271.5649719238281250
1890.4575              271.5895080566406250
1890.5397              271.5790405273437500
1890.6246              271.5753479003906250
1890.7096              271.6159667968750000
1890.7917              271.6053161621093750
1890.8767              271.6920471191406250
1890.9589              272.2572937011718750
1891.0438              272.6840209960937500
1891.1260              272.9401245117187500
1891.2054              272.7280883789062500
1891.2904              272.0481567382812500
1891.3726              271.6577758789062500
1891.4575              271.6420593261718750
1891.5397              271.6155090332031250
1891.6246              271.5930786132812500
1891.7096              271.6199035644531250
1891.7917              271.6413879394531250
1891.8767              271.7452697753906250
1891.9589              272.2796020507812500
1892.0437              273.1015930175781250
1892.1257              273.2840576171875000
1892.2076              272.8888549804687500
1892.2924              272.0862731933593750
1892.3743              271.7770385742187500
1892.4590              271.7498168945312500
1892.5410              271.7128601074218750
1892.6257              271.6185913085937500
1892.7103              271.6480712890625000
1892.7924              271.6485595703125000
1892.8771              271.6847229003906250
1892.9590              272.2887268066406250
1893.0438              272.9921264648437500
1893.1260              273.1028747558593750
1893.2054              272.7948608398437500
1893.2904              272.1092834472656250
1893.3726              271.7599792480468750
1893.4575              271.7502441406250000
1893.5397              271.6906127929687500
1893.6246              271.6831359863281250
1893.7096              271.6741333007812500
1893.7917              271.6900329589843750
1893.8767              271.8390197753906250
1893.9589              272.3588256835937500
1894.0438              272.8592834472656250
1894.1260              272.7747497558593750
1894.2054              272.3615722656250000
1894.2904              271.7804870605468750
1894.3726              271.6756896972656250
1894.4575              271.6256713867187500
1894.5397              271.5500793457031250
1894.6246              271.5492248535156250
1894.7096              271.5655212402343750
1894.7917              271.5580749511718750
1894.8767              271.6885986328125000
1894.9589              272.2120666503906250
1895.0438              272.7915954589843750
1895.1260              273.1608276367187500
1895.2054              272.8252258300781250
1895.2904              272.0746459960937500
1895.3726              271.6698303222656250
1895.4575              271.6416931152343750
1895.5397              271.6162414550781250
1895.6246              271.5757141113281250
1895.7096              271.5518798828125000
1895.7917              271.6160583496093750
1895.8767              271.6946105957031250
1895.9589              272.1244812011718750
1896.0437              273.0074157714843750
1896.1257              273.2691650390625000
1896.2076              272.8237915039062500
1896.2924              272.0281372070312500
1896.3743              271.6361389160156250
1896.4590              271.5995788574218750
1896.5410              271.5452880859375000
1896.6257              271.5102233886718750
1896.7103              271.5087890625000000
1896.7924              271.4873657226562500
1896.8771              271.5884399414062500
1896.9590              272.1240844726562500
1897.0438              272.8213195800781250
1897.1260              273.0073852539062500
1897.2054              272.8293457031250000
1897.2904              272.2305603027343750
1897.3726              271.7186889648437500
1897.4575              271.6724243164062500
1897.5397              271.5791015625000000
1897.6246              271.5365600585937500
1897.7096              271.5002746582031250
1897.7917              271.4888916015625000
1897.8767              271.6268920898437500
1897.9589              272.0661010742187500
1898.0438              272.4788818359375000
1898.1260              272.7481079101562500
1898.2054              272.6686096191406250
1898.2904              272.0067749023437500
1898.3726              271.6445007324218750
1898.4575              271.6259460449218750
1898.5397              271.6057739257812500
1898.6246              271.5718383789062500
1898.7096              271.5562744140625000
1898.7917              271.5823974609375000
1898.8767              271.6524047851562500
1898.9589              272.1322631835937500
1899.0438              272.9120483398437500
1899.1260              273.1977844238281250
1899.2054              272.8146972656250000
1899.2904              272.3765258789062500
1899.3726              271.6292419433593750
1899.4575              271.5866088867187500
1899.5397              271.5621643066406250
1899.6246              271.5137634277343750
1899.7096              271.5153503417968750
1899.7917              271.5406188964843750
1899.8767              271.6268920898437500
1899.9589              272.1719665527343750
1900.0438              272.8114624023437500
1900.1260              272.8598327636718750
1900.2054              272.4192199707031250
1900.2904              271.8790893554687500
1900.3726              271.6187438964843750
1900.4575              271.5953369140625000
1900.5397              271.5138854980468750
1900.6246              271.5043029785156250
1900.7096              271.5117492675781250
1900.7917              271.5217285156250000
1900.8767              271.5787353515625000
1900.9589              272.0208740234375000
1901.0438              272.6578369140625000
1901.1260              272.8066406250000000
1901.2054              272.5893554687500000
1901.2904              271.8923950195312500
1901.3726              271.5533447265625000
1901.4575              271.5141906738281250
1901.5397              271.4517517089843750
1901.6246              271.4424133300781250
1901.7096              271.4505920410156250
1901.7917              271.4826660156250000
1901.8767              271.6266479492187500
1901.9589              272.2624206542968750
1902.0438              273.0046386718750000
1902.1260              273.1046447753906250
1902.2054              272.7247619628906250
1902.2904              272.0476074218750000
1902.3726              271.6477966308593750
1902.4575              271.6285400390625000
1902.5397              271.5985717773437500
1902.6246              271.6004333496093750
1902.7096              271.5609130859375000
1902.7917              271.5711975097656250
1902.8767              271.6795349121093750
1902.9589              272.2965698242187500
1903.0438              272.9162597656250000
1903.1260              273.0682067871093750
1903.2054              272.6296691894531250
1903.2904              271.8304443359375000
1903.3726              271.5908813476562500
1903.4575              271.5556335449218750
1903.5397              271.4969482421875000
1903.6246              271.4731445312500000
1903.7096              271.4206848144531250
1903.7917              271.4557495117187500
1903.8767              271.5353088378906250
1903.9589              271.9678955078125000
1904.0437              272.7096252441406250
1904.1257              272.9854431152343750
1904.2076              272.6180114746093750
1904.2924              272.0221557617187500
1904.3743              271.5159912109375000
1904.4590              271.4558715820312500
1904.5410              271.4335937500000000
1904.6257              271.4014587402343750
1904.7103              271.4326477050781250
1904.7924              271.4825439453125000
1904.8771              271.5838012695312500
1904.9590              272.1339416503906250
1905.0438              272.9617309570312500
1905.1260              273.2799072265625000
1905.2054              272.8663330078125000
1905.2904              272.1355285644531250
1905.3726              271.6049194335937500
1905.4575              271.5819702148437500
1905.5397              271.5535888671875000
1905.6246              271.5180664062500000
1905.7096              271.5244750976562500
1905.7917              271.5509643554687500
1905.8767              271.6604309082031250
1905.9589              272.0357360839843750
1906.0438              272.7344970703125000
1906.1260              272.9873352050781250
1906.2054              272.5580749511718750
1906.2904              271.8760986328125000
1906.3726              271.5799560546875000
1906.4575              271.5476989746093750
1906.5397              271.4931640625000000
1906.6246              271.4680175781250000
1906.7096              271.4574279785156250
1906.7917              271.4685363769531250
1906.8767              271.4916992187500000
1906.9589              271.8756408691406250
1907.0438              272.6583557128906250
1907.1260              273.0486145019531250
1907.2054              272.7576904296875000
1907.2904              272.1498107910156250
1907.3726              271.6482543945312500
1907.4575              271.5998535156250000
1907.5397              271.5928955078125000
1907.6246              271.6038818359375000
1907.7096              271.6073303222656250
1907.7917              271.5996398925781250
1907.8767              271.6561889648437500
1907.9589              271.9246826171875000
1908.0437              272.4673156738281250
1908.1257              272.8544006347656250
1908.2076              272.6416320800781250
1908.2924              272.1380004882812500
1908.3743              271.6719665527343750
1908.4590              271.6703491210937500
1908.5410              271.6290588378906250
1908.6257              271.5509643554687500
1908.7103              271.5053710937500000
1908.7924              271.5530700683593750
1908.8771              271.5824890136718750
1908.9590              271.8708190917968750
1909.0438              272.6131896972656250
1909.1260              273.0333251953125000
1909.2054              272.8573303222656250
1909.2904              272.3247070312500000
1909.3726              271.7055664062500000
1909.4575              271.6278076171875000
1909.5397              271.5271606445312500
1909.6246              271.4919738769531250
1909.7096              271.5193481445312500
1909.7917              271.5347595214843750
1909.8767              271.6009216308593750
1909.9589              272.0216979980468750
1910.0438              272.6081237792968750
1910.1260              272.8672485351562500
1910.2054              272.6325378417968750
1910.2904              272.0734558105468750
1910.3726              271.6279296875000000
1910.4575              271.6413269042968750
1910.5397              271.6111145019531250
1910.6246              271.5638427734375000
1910.7096              271.5822753906250000
1910.7917              271.6000976562500000
1910.8767              271.7284851074218750
1910.9589              272.2343750000000000
1911.0438              273.0195007324218750
1911.1260              273.3514709472656250
1911.2054              273.0312194824218750
1911.2904              272.2100524902343750
1911.3726              271.6702575683593750
1911.4575              271.6208190917968750
1911.5397              271.5490417480468750
1911.6246              271.4906921386718750
1911.7096              271.4891357421875000
1911.7917              271.5474853515625000
1911.8767              271.7105407714843750
1911.9589              272.3148193359375000
1912.0437              273.0367431640625000
1912.1257              273.2148132324218750
1912.2076              272.8512878417968750
1912.2924              272.2182006835937500
1912.3743              271.6799621582031250
1912.4590              271.6655578613281250
1912.5410              271.6122131347656250
1912.6257              271.5940551757812500
1912.7103              271.6177368164062500
1912.7924              271.6603698730468750
1912.8771              271.7866210937500000
1912.9590              272.4039916992187500
1913.0438              273.0307312011718750
1913.1260              273.1099548339843750
1913.2054              272.8166198730468750
1913.2904              272.1740112304687500
1913.3726              271.7322692871093750
1913.4575              271.6834716796875000
1913.5397              271.6252136230468750
1913.6246              271.5819091796875000
1913.7096              271.5758972167968750
1913.7917              271.5762634277343750
1913.8767              271.6229248046875000
1913.9589              272.1261291503906250
1914.0438              272.8523559570312500
1914.1260              273.1405944824218750
1914.2054              272.9658508300781250
1914.2904              272.3397216796875000
1914.3726              271.7527160644531250
1914.4575              271.6592712402343750
1914.5397              271.6170654296875000
1914.6246              271.5998840332031250
1914.7096              271.6023559570312500
1914.7917              271.6195068359375000
1914.8767              271.7148437500000000
1914.9589              272.2906188964843750
1915.0438              272.9911499023437500
1915.1260              273.1137390136718750
1915.2054              272.9491271972656250
1915.2904              272.3523559570312500
1915.3726              271.8219909667968750
1915.4575              271.7662658691406250
1915.5397              271.7415466308593750
1915.6246              271.6857910156250000
1915.7096              271.6357421875000000
1915.7917              271.6286926269531250
1915.8767              271.5841979980468750
1915.9589              272.1303405761718750
1916.0437              272.7217407226562500
1916.1257              272.9616394042968750
1916.2076              272.7030944824218750
1916.2924              272.0807189941406250
1916.3743              271.6483459472656250
1916.4590              271.5586547851562500
1916.5410              271.5010375976562500
1916.6257              271.5091247558593750
1916.7103              271.4876403808593750
1916.7924              271.5137023925781250
1916.8771              271.5935974121093750
1916.9590              272.1215515136718750
1917.0438              272.8236083984375000
1917.1260              272.8977661132812500
1917.2054              272.6069946289062500
1917.2904              271.9490661621093750
1917.3726              271.5028686523437500
1917.4575              271.4380493164062500
1917.5397              271.3596191406250000
1917.6246              271.3373413085937500
1917.7096              271.3735656738281250
1917.7917              271.4093322753906250
1917.8767              271.5486755371093750
1917.9589              272.1774597167968750
1918.0438              272.9765014648437500
1918.1260              273.1699829101562500
1918.2054              272.8861694335937500
1918.2904              272.3171997070312500
1918.3726              271.6414489746093750
1918.4575              271.4694519042968750
1918.5397              271.4266052246093750
1918.6246              271.3909912109375000
1918.7096              271.3862609863281250
1918.7917              271.4409484863281250
1918.8767              271.4799194335937500
1918.9589              271.9549255371093750
1919.0438              272.5783081054687500
1919.1260              272.7185974121093750
1919.2054              272.3875427246093750
1919.2904              271.8466491699218750
1919.3726              271.5429992675781250
1919.4575              271.5083618164062500
1919.5397              271.4901733398437500
1919.6246              271.4352111816406250
1919.7096              271.4086608886718750
1919.7917              271.4512329101562500
1919.8767              271.5606994628906250
1919.9589              271.8487854003906250
1920.0437              272.3520507812500000
1920.1257              272.6602172851562500
1920.2076              272.4499206542968750
1920.2924              271.8585815429687500
1920.3743              271.4834594726562500
1920.4590              271.4505004882812500
1920.5410              271.3927917480468750
1920.6257              271.3714294433593750
1920.7103              271.4122924804687500
1920.7924              271.4559631347656250
1920.8771              271.5580749511718750
1920.9590              272.1087036132812500
1921.0438              272.7017822265625000
1921.1260              272.8497619628906250
1921.2054              272.5420837402343750
1921.2904              271.8186950683593750
1921.3726              271.4362182617187500
1921.4575              271.3868713378906250
1921.5397              271.3695373535156250
1921.6246              271.4328918457031250
1921.7096              271.5049743652343750
1921.7917              271.5404968261718750
1921.8767              271.5727233886718750
1921.9589              271.9277648925781250
1922.0438              272.4006347656250000
1922.1260              272.6738281250000000
1922.2054              272.4726257324218750
1922.2904              271.9319152832031250
1922.3726              271.6231079101562500
1922.4575              271.6086425781250000
1922.5397              271.5911254882812500
1922.6246              271.6295166015625000
1922.7096              271.6213073730468750
1922.7917              271.5987243652343750
1922.8767              271.7097473144531250
1922.9589              272.2702636718750000
1923.0438              272.7749633789062500
1923.1260              272.8855895996093750
1923.2054              272.6752319335937500
1923.2904              272.1698608398437500
1923.3726              271.6342773437500000
1923.4575              271.6445312500000000
1923.5397              271.6323852539062500
1923.6246              271.6674194335937500
1923.7096              271.6588439941406250
1923.7917              271.7354431152343750
1923.8767              271.8723754882812500
1923.9589              272.4355163574218750
1924.0437              273.0503540039062500
1924.1257              273.3021545410156250
1924.2076              272.8649597167968750
1924.2924              272.0617980957031250
1924.3743              271.7982788085937500
1924.4590              271.7733154296875000
1924.5410              271.7693176269531250
1924.6257              271.7174987792968750
1924.7103              271.7260742187500000
1924.7924              271.7773132324218750
1924.8771              271.8491516113281250
1924.9590              272.4091491699218750
1925.0438              273.1774597167968750
1925.1260              273.3173522949218750
1925.2054              272.9681396484375000
1925.2904              272.3400878906250000
1925.3726              271.8365783691406250
1925.4575              271.7976684570312500
1925.5397              271.7241516113281250
1925.6246              271.7257995605468750
1925.7096              271.6992492675781250
1925.7917              271.7130126953125000
1925.8767              271.7910461425781250
1925.9589              272.2610778808593750
1926.0438              272.9251403808593750
1926.1260              273.1505126953125000
1926.2054              272.7980346679687500
1926.2904              271.9716186523437500
1926.3726              271.6932373046875000
1926.4575              271.6553344726562500
1926.5397              271.6520080566406250
1926.6246              271.6430053710937500
1926.7096              271.6694641113281250
1926.7917              271.6669616699218750
1926.8767              271.6745300292968750
1926.9589              272.1031188964843750
1927.0438              272.6737670898437500
1927.1260              272.6462402343750000
1927.2054              272.3258972167968750
1927.2904              271.7846069335937500
1927.3726              271.6806030273437500
1927.4575              271.6722412109375000
1927.5397              271.6789245605468750
1927.6246              271.6813964843750000
1927.7096              271.6506958007812500
1927.7917              271.6962890625000000
1927.8767              271.7314758300781250
1927.9589              272.0916137695312500
1928.0437              272.6775512695312500
1928.1257              272.9427490234375000
1928.2076              272.6825866699218750
1928.2924              272.0962524414062500
1928.3743              271.7261657714843750
1928.4590              271.7069702148437500
1928.5410              271.7182922363281250
1928.6257              271.6465759277343750
1928.7103              271.6200866699218750
1928.7924              271.6105041503906250
1928.8771              271.8012695312500000
1928.9590              272.2423095703125000
1929.0438              272.8047180175781250
1929.1260              272.9898071289062500
1929.2054              272.6806030273437500
1929.2904              272.1463317871093750
1929.3726              271.7223510742187500
1929.4575              271.6988220214843750
1929.5397              271.6535339355468750
1929.6246              271.6465759277343750
1929.7096              271.6212158203125000
1929.7917              271.6439819335937500
1929.8767              271.7878112792968750
1929.9589              272.2014770507812500
1930.0438              272.7207946777343750
1930.1260              272.9711303710937500
1930.2054              272.8717346191406250
1930.2904              272.2598876953125000
1930.3726              271.6225585937500000
1930.4575              271.5622558593750000
1930.5397              271.5291137695312500
1930.6246              271.4891052246093750
1930.7096              271.4588012695312500
1930.7917              271.5077209472656250
1930.8767              271.6384887695312500
1930.9589              272.1153259277343750
1931.0438              272.7916870117187500
1931.1260              273.0415344238281250
1931.2054              273.0307312011718750
1931.2904              272.4467468261718750
1931.3726              271.6561279296875000
1931.4575              271.5982971191406250
1931.5397              271.5218505859375000
1931.6246              271.5355224609375000
1931.7096              271.5607299804687500
1931.7917              271.5492858886718750
1931.8767              271.6813659667968750
1931.9589              272.1112976074218750
1932.0437              272.6565246582031250
1932.1257              272.7791137695312500
1932.2076              272.5729370117187500
1932.2924              271.8477172851562500
1932.3743              271.5663146972656250
1932.4590              271.5021362304687500
1932.5410              271.4628601074218750
1932.6257              271.4406127929687500
1932.7103              271.4948730468750000
1932.7924              271.5308837890625000
1932.8771              271.6511840820312500
1932.9590              272.1717224121093750
1933.0438              272.8945617675781250
1933.1260              272.9944763183593750
1933.2054              272.6320190429687500
1933.2904              272.0071105957031250
1933.3726              271.6029052734375000
1933.4575              271.5906677246093750
1933.5397              271.5000915527343750
1933.6246              271.5245666503906250
1933.7096              271.5411376953125000
1933.7917              271.5458068847656250
1933.8767              271.6470031738281250
1933.9589              272.2187500000000000
1934.0438              272.9052124023437500
1934.1260              273.0393981933593750
1934.2054              272.7260742187500000
1934.2904              272.2659301757812500
1934.3726              271.6906433105468750
1934.4575              271.6463012695312500
1934.5397              271.5675354003906250
1934.6246              271.5338439941406250
1934.7096              271.5341491699218750
1934.7917              271.5707397460937500
1934.8767              271.7035827636718750
1934.9589              272.1190185546875000
1935.0438              272.7474975585937500
1935.1260              273.0321350097656250
1935.2054              272.7656860351562500
1935.2904              272.0998535156250000
1935.3726              271.6694946289062500
1935.4575              271.6400756835937500
1935.5397              271.5931091308593750
1935.6246              271.5678100585937500
1935.7096              271.5382385253906250
1935.7917              271.5710754394531250
1935.8767              271.6792297363281250
1935.9589              272.1003417968750000
1936.0437              272.6459960937500000
1936.1257              272.8386535644531250
1936.2076              272.4363098144531250
1936.2924              271.8720703125000000
1936.3743              271.6472778320312500
1936.4590              271.5945129394531250
1936.5410              271.5226135253906250
1936.6257              271.5090332031250000
1936.7103              271.5259094238281250
1936.7924              271.5463562011718750
1936.8771              271.6671142578125000
1936.9590              272.1442871093750000
1937.0438              272.6818542480468750
1937.1260              272.9199829101562500
1937.2054              272.6704101562500000
1937.2904              272.1525268554687500
1937.3726              271.6336059570312500
1937.4575              271.5933227539062500
1937.5397              271.5556640625000000
1937.6246              271.5292663574218750
1937.7096              271.5508117675781250
1937.7917              271.6075439453125000
1937.8767              271.7525329589843750
1937.9589              272.2758178710937500
1938.0438              272.9073486328125000
1938.1260              272.9908142089843750
1938.2054              272.7806396484375000
1938.2904              272.0607910156250000
1938.3726              271.6964416503906250
1938.4575              271.6409301757812500
1938.5397              271.5934143066406250
1938.6246              271.6130981445312500
1938.7096              271.6039123535156250
1938.7917              271.6464843750000000
1938.8767              271.7433471679687500
1938.9589              272.2970581054687500
1939.0438              273.0283203125000000
1939.1260              273.0578918457031250
1939.2054              272.7421264648437500
1939.2904              272.2702941894531250
1939.3726              271.7312011718750000
1939.4575              271.6440124511718750
1939.5397              271.5444946289062500
1939.6246              271.5422363281250000
1939.7096              271.5142517089843750
1939.7917              271.5081787109375000
1939.8767              271.6761169433593750
1939.9589              272.2022399902343750
1940.0437              272.8931274414062500
1940.1257              273.0255737304687500
1940.2076              272.6409606933593750
1940.2924              271.8883666992187500
1940.3743              271.6054077148437500
1940.4590              271.6073608398437500
1940.5410              271.6084594726562500
1940.6257              271.5826721191406250
1940.7103              271.6137390136718750
1940.7924              271.6511840820312500
1940.8771              271.8129577636718750
1940.9590              272.2933654785156250
1941.0438              272.8820800781250000
1941.1260              273.0591430664062500
1941.2054              272.6599731445312500
1941.2904              271.9888305664062500
1941.3726              271.6369628906250000
1941.4575              271.5762939453125000
1941.5397              271.5412902832031250
1941.6246              271.5211791992187500
1941.7096              271.4859619140625000
1941.7917              271.4839172363281250
1941.8767              271.6244812011718750
1941.9589              272.3601989746093750
1942.0438              272.7151794433593750
1942.1260              272.9154663085937500
1942.2054              272.6252441406250000
1942.2904              272.0874023437500000
1942.3726              271.6929321289062500
1942.4575              271.7042541503906250
1942.5397              271.6957092285156250
1942.6246              271.6394042968750000
1942.7096              271.6831970214843750
1942.7917              271.6616516113281250
1942.8767              271.6766662597656250
1942.9589              272.0868225097656250
1943.0438              272.6183776855468750
1943.1260              272.9133300781250000
1943.2054              272.7467041015625000
1943.2904              272.0288085937500000
1943.3726              271.6979370117187500
1943.4575              271.6919860839843750
1943.5397              271.6858520507812500
1943.6246              271.6521301269531250
1943.7096              271.6190490722656250
1943.7917              271.6076660156250000
1943.8767              271.7027893066406250
1943.9589              271.9825439453125000
1944.0437              272.8314514160156250
1944.1257              273.1598815917968750
1944.2076              272.9301757812500000
1944.2924              272.2091979980468750
1944.3743              271.7298889160156250
1944.4590              271.6735229492187500
1944.5410              271.7157287597656250
1944.6257              271.6597900390625000
1944.7103              271.6735839843750000
1944.7924              271.6505126953125000
1944.8771              271.7774353027343750
1944.9590              272.2211914062500000
1945.0438              272.8951721191406250
1945.1260              273.1164855957031250
1945.2054              272.9084777832031250
1945.2904              272.1723327636718750
1945.3726              271.7449340820312500
1945.4575              271.7028503417968750
1945.5397              271.6019592285156250
1945.6246              271.6375427246093750
1945.7096              271.6147460937500000
1945.7917              271.6126708984375000
1945.8767              271.7231750488281250
1945.9589              272.1605224609375000
1946.0438              272.9612426757812500
1946.1260              273.1434326171875000
1946.2054              272.8375549316406250
1946.2904              272.2053527832031250
1946.3726              271.7612915039062500
1946.4575              271.7668762207031250
1946.5397              271.6997985839843750
1946.6246              271.6911621093750000
1946.7096              271.6363525390625000
1946.7917              271.6387634277343750
1946.8767              271.7275695800781250
1946.9589              272.1765747070312500
1947.0438              272.7561950683593750
1947.1260              272.9465637207031250
1947.2054              272.7988586425781250
1947.2904              272.2217102050781250
1947.3726              271.6767883300781250
1947.4575              271.6781311035156250
1947.5397              271.6500549316406250
1947.6246              271.5950622558593750
1947.7096              271.6324462890625000
1947.7917              271.6236267089843750
1947.8767              271.7680969238281250
1947.9589              272.3798828125000000
1948.0437              272.9608459472656250
1948.1257              273.2414550781250000
1948.2076              272.9083557128906250
1948.2924              272.2850036621093750
1948.3743              271.6954650878906250
1948.4590              271.7069091796875000
1948.5410              271.6752014160156250
1948.6257              271.6260986328125000
1948.7103              271.6421203613281250
1948.7924              271.6628112792968750
1948.8771              271.7213134765625000
1948.9590              272.2024841308593750
1949.0438              272.8031311035156250
1949.1260              273.1578979492187500
1949.2054              272.8652954101562500
1949.2904              272.1684875488281250
1949.3726              271.7162475585937500
1949.4575              271.7615966796875000
1949.5397              271.7496643066406250
1949.6246              271.7505493164062500
1949.7096              271.7372741699218750
1949.7917              271.7455444335937500
1949.8767              271.9486999511718750
1949.9589              272.4817199707031250
1950.0438              273.0953674316406250
1950.1260              273.2874755859375000
1950.2054              273.0267639160156250
1950.2904              272.4006042480468750
1950.3726              271.7773437500000000
1950.4575              271.7220764160156250
1950.5397              271.6828002929687500
1950.6246              271.6357727050781250
1950.7096              271.6469116210937500
1950.7917              271.6505737304687500
1950.8767              271.8208618164062500
1950.9589              272.5293884277343750
1951.0438              273.3450317382812500
1951.1260              273.4396667480468750
1951.2054              272.9718017578125000
1951.2904              272.4063110351562500
1951.3726              271.6859436035156250
1951.4575              271.6222839355468750
1951.5397              271.5628967285156250
1951.6246              271.5773620605468750
1951.7096              271.5388183593750000
1951.7917              271.5379638671875000
1951.8767              271.6517333984375000
1951.9589              272.3131103515625000
1952.0437              272.7654418945312500
1952.1257              272.9282531738281250
1952.2076              272.5173034667968750
1952.2924              271.8433837890625000
1952.3743              271.6259155273437500
1952.4590              271.6525878906250000
1952.5410              271.6123657226562500
1952.6257              271.6166992187500000
1952.7103              271.5961303710937500
1952.7924              271.5632629394531250
1952.8771              271.6323547363281250
1952.9590              272.0132751464843750
1953.0438              272.6286926269531250
1953.1260              272.8723754882812500
1953.2054              272.6161804199218750
1953.2904              272.0703125000000000
1953.3726              271.5903930664062500
1953.4575              271.5671691894531250
1953.5397              271.5072326660156250
1953.6246              271.4704589843750000
1953.7096              271.5170288085937500
1953.7917              271.5768432617187500
1953.8767              271.6863098144531250
1953.9589              272.2549438476562500
1954.0438              272.8010864257812500
1954.1260              272.9283447265625000
1954.2054              272.7184753417968750
1954.2904              272.1997070312500000
1954.3726              271.5722961425781250
1954.4575              271.5358581542968750
1954.5397              271.5305786132812500
1954.6246              271.4911499023437500
1954.7096              271.5067749023437500
1954.7917              271.5297851562500000
1954.8767              271.5804138183593750
1954.9589              271.8655395507812500
1955.0438              272.6686096191406250
1955.1260              273.0446777343750000
1955.2054              272.7314453125000000
1955.2904              272.1575012207031250
1955.3726              271.5956115722656250
1955.4575              271.5313720703125000
1955.5397              271.5262451171875000
1955.6246              271.5232849121093750
1955.7096              271.5388183593750000
1955.7917              271.5567321777343750
1955.8767              271.6229553222656250
1955.9589              272.0341491699218750
1956.0437              272.7141113281250000
1956.1257              272.8579101562500000
1956.2076              272.4156188964843750
1956.2924              271.9847412109375000
1956.3743              271.6413574218750000
1956.4590              271.6315917968750000
1956.5410              271.5997314453125000
1956.6257              271.5853576660156250
1956.7103              271.5964355468750000
1956.7924              271.6780395507812500
1956.8771              271.7168273925781250
1956.9590              272.2755737304687500
1957.0438              273.1218872070312500
1957.1260              273.5001831054687500
1957.2054              273.2099304199218750
1957.2904              272.5600280761718750
1957.3726              271.9146118164062500
1957.4575              271.8058166503906250
1957.5397              271.7475585937500000
1957.6246              271.7492065429687500
1957.7096              271.7469482421875000
1957.7917              271.7092590332031250
1957.8767              271.8055725097656250
1957.9589              272.2780761718750000
1958.0438              273.1239013671875000
1958.1260              273.3556518554687500
1958.2054              273.0460205078125000
1958.2904              272.3624877929687500
1958.3726              271.8482055664062500
1958.4575              271.8457641601562500
1958.5397              271.8027648925781250
1958.6246              271.7181396484375000
1958.7096              271.6373901367187500
1958.7917              271.6551818847656250
1958.8767              271.7597656250000000
1958.9589              272.1931457519531250
1959.0438              272.8190612792968750
1959.1260              273.1083068847656250
1959.2054              272.9104003906250000
1959.2904              272.1796875000000000
1959.3726              271.7429199218750000
1959.4575              271.7646179199218750
1959.5397              271.7415161132812500
1959.6246              271.6669006347656250
1959.7096              271.6646728515625000
1959.7917              271.6555175781250000
1959.8767              271.7028503417968750
1959.9589              272.4102783203125000
1960.0437              272.7947998046875000
1960.1257              273.0694274902343750
1960.2076              272.7279663085937500
1960.2924              272.2476196289062500
1960.3743              271.7467956542968750
1960.4590              271.7367553710937500
1960.5410              271.7379760742187500
1960.6257              271.7074890136718750
1960.7103              271.6204528808593750
1960.7924              271.6205444335937500
1960.8771              271.8089294433593750
1960.9590              272.4151916503906250
1961.0438              272.9963073730468750
1961.1260              273.1985473632812500
1961.2054              273.0246276855468750
1961.2904              272.4367065429687500
1961.3726              271.8231811523437500
1961.4575              271.7146911621093750
1961.5397              271.6563415527343750
1961.6246              271.6242370605468750
1961.7096              271.6043395996093750
1961.7917              271.6128234863281250
1961.8767              271.7196655273437500
1961.9589              272.3550720214843750
1962.0438              272.8717041015625000
1962.1260              273.0441589355468750
1962.2054              272.7707214355468750
1962.2904              272.2355041503906250
1962.3726              271.8261718750000000
1962.4575              271.7908935546875000
1962.5397              271.7116088867187500
1962.6246              271.6734313964843750
1962.7096              271.6747741699218750
1962.7917              271.6491699218750000
1962.8767              271.6599121093750000
1962.9589              271.9939575195312500
1963.0438              272.7144775390625000
1963.1260              273.1318359375000000
1963.2054              272.8792419433593750
1963.2904              272.2901916503906250
1963.3726              271.7834777832031250
1963.4575              271.7484436035156250
1963.5397              271.6821899414062500
1963.6246              271.6488037109375000
1963.7096              271.6695861816406250
1963.7917              271.6791381835937500
1963.8767              271.8306579589843750
1963.9589              272.3431701660156250
1964.0437              273.0589599609375000
1964.1257              273.2612304687500000
1964.2076              272.9514770507812500
1964.2924              272.2609252929687500
1964.3743              271.7377319335937500
1964.4590              271.6703186035156250
1964.5410              271.5796203613281250
1964.6257              271.6099853515625000
1964.7103              271.6136169433593750
1964.7924              271.7176208496093750
1964.8771              271.8148803710937500
1964.9590              272.2123413085937500
1965.0438              272.8157348632812500
1965.1260              273.2261047363281250
1965.2054              273.0915527343750000
1965.2904              272.5594482421875000
1965.3726              271.9885864257812500
1965.4575              271.8098144531250000
1965.5397              271.7591552734375000
1965.6246              271.7553100585937500
1965.7096              271.7631530761718750
1965.7917              271.8128356933593750
1965.8767              272.0190734863281250
1965.9589              272.6114196777343750
1966.0438              273.1110534667968750
1966.1260              273.3429870605468750
1966.2054              273.2319335937500000
1966.2904              272.3126831054687500
1966.3726              271.7257995605468750
1966.4575              271.6835632324218750
1966.5397              271.6704711914062500
1966.6246              271.6821899414062500
1966.7096              271.7086486816406250
1966.7917              271.7201538085937500
1966.8767              271.7518310546875000
1966.9589              272.4075317382812500
1967.0438              273.2873229980468750
1967.1260              273.3348388671875000
1967.2054              273.0317993164062500
1967.2904              272.4692993164062500
1967.3726              271.8907470703125000
1967.4575              271.8023376464843750
1967.5397              271.7572631835937500
1967.6246              271.7141723632812500
1967.7096              271.6686096191406250
1967.7917              271.6535644531250000
1967.8767              271.7557373046875000
1967.9589              272.2423400878906250
1968.0437              272.7463989257812500
1968.1257              272.9803161621093750
1968.2076              272.6582031250000000
1968.2924              272.1222229003906250
1968.3743              271.6841430664062500
1968.4590              271.6113586425781250
1968.5410              271.6273803710937500
1968.6257              271.5751037597656250
1968.7103              271.6337280273437500
1968.7924              271.6849670410156250
1968.8771              271.8895874023437500
1968.9590              272.4380798339843750
1969.0438              273.0216979980468750
1969.1260              273.3369750976562500
1969.2054              273.2109680175781250
1969.2904              272.7590026855468750
1969.3726              271.8888549804687500
1969.4575              271.7420349121093750
1969.5397              271.7350158691406250
1969.6246              271.6933898925781250
1969.7096              271.6672363281250000
1969.7917              271.6732177734375000
1969.8767              271.8071594238281250
1969.9589              272.4203491210937500
1970.0438              273.2066650390625000
1970.1260              273.4746398925781250
1970.2054              273.1260986328125000
1970.2904              272.5603942871093750
1970.3726              271.8127441406250000
1970.4575              271.6228942871093750
1970.5397              271.6301879882812500
1970.6246              271.6199951171875000
1970.7096              271.6434020996093750
1970.7917              271.6679992675781250
1970.8767              271.7893066406250000
1970.9589              272.1983642578125000
1971.0438              273.0281982421875000
1971.1260              273.3910827636718750
1971.2054              272.9559326171875000
1971.2904              272.3407287597656250
1971.3726              271.7228698730468750
1971.4575              271.7262878417968750
1971.5397              271.6857910156250000
1971.6246              271.7131347656250000
1971.7096              271.7182617187500000
1971.7917              271.6763916015625000
1971.8767              271.8074340820312500
1971.9589              272.3684997558593750
1972.0437              273.0703125000000000
1972.1257              273.2191162109375000
1972.2076              272.8576354980468750
1972.2924              272.2745666503906250
1972.3743              271.7973632812500000
1972.4590              271.7412414550781250
1972.5410              271.6600341796875000
1972.6257              271.6437988281250000
1972.7103              271.5794677734375000
1972.7924              271.6246032714843750
1972.8771              271.7530822753906250
1972.9590              272.2435607910156250
1973.0438              272.7243957519531250
1973.1260              272.9052124023437500
1973.2054              272.7753295898437500
1973.2904              272.3316955566406250
1973.3726              271.6870727539062500
1973.4575              271.5346374511718750
1973.5397              271.4912109375000000
1973.6246              271.4975585937500000
1973.7096              271.4525451660156250
1973.7917              271.4929504394531250
1973.8767              271.6321411132812500
1973.9589              272.1215820312500000
1974.0438              272.9124755859375000
1974.1260              273.2163696289062500
1974.2054              272.8622131347656250
1974.2904              272.0712890625000000
1974.3726              271.5601196289062500
1974.4575              271.5248413085937500
1974.5397              271.4371337890625000
1974.6246              271.4017028808593750
1974.7096              271.4297180175781250
1974.7917              271.4541015625000000
1974.8767              271.4800415039062500
1974.9589              271.7973937988281250
1975.0438              272.5511474609375000
1975.1260              272.8456726074218750
1975.2054              272.5713195800781250
1975.2904              271.7900390625000000
1975.3726              271.5331115722656250
1975.4575              271.5218505859375000
1975.5397              271.5274963378906250
1975.6246              271.5606079101562500
1975.7096              271.5847167968750000
1975.7917              271.5797729492187500
1975.8767              271.6255493164062500
1975.9589              272.1423339843750000
1976.0437              272.8494873046875000
1976.1257              273.1057739257812500
1976.2076              272.7120971679687500
1976.2924              272.2092590332031250
1976.3743              271.6364440917968750
1976.4590              271.5641174316406250
1976.5410              271.4662170410156250
1976.6257              271.4028320312500000
1976.7103              271.4413146972656250
1976.7924              271.4804687500000000
1976.8771              271.5625000000000000
1976.9590              271.9606018066406250
1977.0438              272.7964477539062500
1977.1260              273.1904907226562500
1977.2054              272.9724731445312500
1977.2904              272.2602844238281250
1977.3726              271.6411437988281250
1977.4575              271.5301513671875000
1977.5397              271.4759521484375000
1977.6246              271.4642944335937500
1977.7096              271.4587707519531250
1977.7917              271.4727783203125000
1977.8767              271.7000122070312500
1977.9589              272.3430786132812500
1978.0438              273.0283203125000000
1978.1260              273.0787048339843750
1978.2054              272.7413635253906250
1978.2904              272.0889282226562500
1978.3726              271.6755371093750000
1978.4575              271.7214355468750000
1978.5397              271.6940307617187500
1978.6246              271.6090087890625000
1978.7096              271.6872863769531250
1978.7917              271.7461242675781250
1978.8767              271.8244323730468750
1978.9589              272.3230895996093750
1979.0438              272.9742431640625000
1979.1260              273.1672668457031250
1979.2054              272.8924255371093750
1979.2904              272.1277770996093750
1979.3726              271.7862243652343750
1979.4575              271.7509765625000000
1979.5397              271.7659606933593750
1979.6246              271.7626647949218750
1979.7096              271.7602233886718750
1979.7917              271.7708740234375000
1979.8767              271.8545532226562500
1979.9589              272.4581604003906250
1980.0437              273.1239624023437500
1980.1257              273.2121276855468750
1980.2076              272.9671936035156250
1980.2924              272.4427795410156250
1980.3743              271.9064941406250000
1980.4590              271.9083251953125000
1980.5410              271.8746643066406250
1980.6257              271.8550109863281250
1980.7103              271.8281555175781250
1980.7924              271.8327941894531250
1980.8771              271.9381103515625000
1980.9590              272.4608154296875000
1981.0438              273.0897827148437500
1981.1260              273.4878234863281250
1981.2054              273.1547851562500000
1981.2904              272.5137023925781250
1981.3726              271.7806091308593750
1981.4575              271.7542419433593750
1981.5397              271.7153625488281250
1981.6246              271.6541748046875000
1981.7096              271.6781311035156250
1981.7917              271.6824951171875000
1981.8767              271.9402770996093750
1981.9589              272.3818664550781250
1982.0438              273.0193176269531250
1982.1260              273.4049072265625000
1982.2054              273.0668640136718750
1982.2904              272.2876586914062500
1982.3726              271.8516845703125000
1982.4575              271.8105468750000000
1982.5397              271.7853088378906250
1982.6246              271.7666931152343750
1982.7096              271.7193298339843750
1982.7917              271.7603454589843750
1982.8767              271.8640441894531250
1982.9589              272.2327575683593750
1983.0438              273.0783386230468750
1983.1260              273.4002685546875000
1983.2054              272.9709777832031250
1983.2904              272.3628540039062500
1983.3726              271.7771606445312500
1983.4575              271.7501220703125000
1983.5397              271.7196044921875000
1983.6246              271.7532043457031250
1983.7096              271.7573242187500000
1983.7917              271.7375488281250000
1983.8767              271.8617553710937500
1983.9589              272.5226745605468750
1984.0437              273.2244262695312500
1984.1257              273.6878662109375000
1984.2076              273.2625122070312500
1984.2924              272.6750183105468750
1984.3743              271.9567260742187500
1984.4590              271.8396606445312500
1984.5410              271.8492736816406250
1984.6257              271.8125610351562500
1984.7103              271.8266906738281250
1984.7924              271.8527221679687500
1984.8771              272.1000061035156250
1984.9590              272.7698059082031250
1985.0438              273.3985290527343750
1985.1260              273.5718078613281250
1985.2054              273.1380920410156250
1985.2904              272.6223144531250000
1985.3726              272.0139465332031250
1985.4575              271.9663085937500000
1985.5397              271.9111938476562500
1985.6246              271.8367004394531250
1985.7096              271.8557128906250000
1985.7917              271.8305664062500000
1985.8767              271.9219665527343750
1985.9589              272.4630126953125000
1986.0438              273.0722656250000000
1986.1260              273.2647705078125000
1986.2054              273.1096191406250000
1986.2904              272.6321411132812500
1986.3726              271.9298706054687500
1986.4575              271.8092041015625000
1986.5397              271.7979125976562500
1986.6246              271.7690429687500000
1986.7096              271.7290649414062500
1986.7917              271.7344665527343750
1986.8767              271.8033142089843750
1986.9589              272.2498168945312500
1987.0438              272.8943176269531250
1987.1260              273.1464538574218750
1987.2054              272.9464416503906250
1987.2904              272.3783874511718750
1987.3726              271.7990417480468750
1987.4575              271.7066650390625000
1987.5397              271.6811523437500000
1987.6246              271.6444091796875000
1987.7096              271.6273193359375000
1987.7917              271.6400146484375000
1987.8767              271.7226562500000000
1987.9589              272.3125915527343750
1988.0437              273.0725708007812500
1988.1257              273.3495483398437500
1988.2076              273.3526611328125000
1988.2924              272.7913208007812500
1988.3743              271.8840637207031250
1988.4590              271.7597351074218750
1988.5410              271.7294616699218750
1988.6257              271.7187500000000000
1988.7103              271.6838989257812500
1988.7924              271.6872558593750000
1988.8771              271.9273071289062500
1988.9590              272.5059204101562500
1989.0438              273.0622558593750000
1989.1260              273.3472595214843750
1989.2054              272.8979492187500000
1989.2904              272.3691101074218750
1989.3726              271.7551879882812500
1989.4575              271.7522583007812500
1989.5397              271.7183532714843750
1989.6246              271.7440185546875000
1989.7096              271.7349548339843750
1989.7917              271.7629699707031250
1989.8767              271.9504699707031250
1989.9589              272.4074707031250000
1990.0438              272.8872680664062500
1990.1260              273.1780090332031250
1990.2054              272.9471130371093750
1990.2904              272.3428955078125000
1990.3726              271.8577575683593750
1990.4575              271.7017517089843750
1990.5397              271.6672668457031250
1990.6246              271.6193847656250000
1990.7096              271.6479492187500000
1990.7917              271.6755676269531250
1990.8767              271.7976074218750000
1990.9589              272.2475891113281250
1991.0438              273.0158996582031250
1991.1260              273.2139282226562500
1991.2054              272.9509887695312500
1991.2904              272.2502441406250000
1991.3726              271.7139587402343750
1991.4575              271.6750488281250000
1991.5397              271.6780395507812500
1991.6246              271.6866455078125000
1991.7096              271.6715393066406250
1991.7917              271.7059326171875000
1991.8767              272.0061035156250000
1991.9589              272.6111145019531250
1992.0437              273.2966308593750000
1992.1257              273.6230468750000000
1992.2076              273.1569824218750000
1992.2924              272.4704589843750000
1992.3743              271.8148193359375000
1992.4590              271.7032775878906250
1992.5410              271.6379089355468750
1992.6257              271.6122741699218750
1992.7103              271.6193847656250000
1992.7924              271.6228332519531250
1992.8771              271.6636657714843750
1992.9590              272.3626098632812500
1993.0438              272.9852600097656250
1993.1260              273.2611999511718750
1993.2054              272.9383239746093750
1993.2904              272.2875976562500000
1993.3726              271.7396545410156250
1993.4575              271.7053527832031250
1993.5397              271.6756896972656250
1993.6246              271.6961059570312500
1993.7096              271.7161865234375000
1993.7917              271.7109069824218750
1993.8767              271.7377319335937500
1993.9589              272.1708374023437500
1994.0438              272.7749633789062500
1994.1260              273.0232543945312500
1994.2054              272.9473571777343750
1994.2904              272.2840270996093750
1994.3726              271.7911987304687500
1994.4575              271.7465209960937500
1994.5397              271.7000122070312500
1994.6246              271.7124023437500000
1994.7096              271.7846984863281250
1994.7917              271.7978820800781250
1994.8767              271.8453674316406250
1994.9589              272.4372863769531250
1995.0438              273.1494140625000000
1995.1260              273.2858276367187500
1995.2054              272.9603576660156250
1995.2904              272.3464965820312500
1995.3726              271.8077697753906250
1995.4575              271.8008728027343750
1995.5397              271.7283325195312500
1995.6246              271.6704101562500000
1995.7096              271.7001647949218750
1995.7917              271.7174682617187500
1995.8767              271.8352661132812500
1995.9589              272.4418029785156250
1996.0437              272.9795837402343750
1996.1257              273.0989379882812500
1996.2076              272.7694091796875000
1996.2924              272.1498413085937500
1996.3743              271.7363891601562500
1996.4590              271.7365112304687500
1996.5410              271.7140808105468750
1996.6257              271.7205200195312500
1996.7103              271.6853637695312500
1996.7924              271.7366638183593750
1996.8771              271.7521972656250000
1996.9590              272.2856140136718750
1997.0438              272.9369506835937500
1997.1260              273.1443176269531250
1997.2054              272.8337402343750000
1997.2904              272.1728515625000000
1997.3726              271.7764892578125000
1997.4575              271.7512512207031250
1997.5397              271.7446899414062500
1997.6246              271.7335815429687500
1997.7096              271.7489318847656250
1997.7917              271.6946716308593750
1997.8767              271.8205566406250000
1997.9589              272.3106079101562500
1998.0438              272.9862365722656250
1998.1260              273.3219909667968750
1998.2054              273.0566406250000000
1998.2904              272.2402648925781250
1998.3726              271.8130187988281250
1998.4575              271.8061523437500000
1998.5397              271.7333984375000000
1998.6246              271.7131042480468750
1998.7096              271.7232971191406250
1998.7917              271.7691650390625000
1998.8767              271.9721679687500000
1998.9589              272.5238037109375000
1999.0438              273.1698913574218750
1999.1260              273.4474487304687500
1999.2054              273.0937805175781250
1999.2904              272.5080261230468750
1999.3726              271.8887329101562500
1999.4575              271.7779541015625000
1999.5397              271.7192687988281250
1999.6246              271.7272644042968750
1999.7096              271.7333068847656250
1999.7917              271.7640686035156250
1999.8767              271.8942871093750000
1999.9589              272.4255981445312500
