1870.0438              271.8579101562500000
1870.1260              272.2753295898437500
1870.2054              272.2560424804687500
1870.2904              271.7762451171875000
1870.3726              271.4482727050781250
1870.4575              271.4209899902343750
1870.5397              271.3859863281250000
1870.6246              271.3893127441406250
1870.7096              271.3728637695312500
1870.7917              271.3803100585937500
1870.8767              271.4165344238281250
1870.9589              271.4944458007812500
1871.0438              271.7130737304687500
1871.1260              272.1046447753906250
1871.2054              272.1070251464843750
1871.2904              271.6573486328125000
1871.3726              271.5436401367187500
1871.4575              271.4749755859375000
1871.5397              271.4184265136718750
1871.6246              271.3622436523437500
1871.7096              271.4175720214843750
1871.7917              271.3993835449218750
1871.8767              271.4335632324218750
1871.9589              271.5304260253906250
1872.0437              271.7462463378906250
1872.1257              272.0906372070312500
1872.2076              272.0455932617187500
1872.2924              271.6687622070312500
1872.3743              271.5152587890625000
1872.4590              271.4919433593750000
1872.5410              271.3962707519531250
1872.6257              271.3761291503906250
1872.7103              271.4334411621093750
1872.7924              271.4143066406250000
1872.8771              271.4290466308593750
1872.9590              271.4859008789062500
1873.0438              271.6643676757812500
1873.1260              272.0850830078125000
1873.2054              272.1382446289062500
1873.2904              271.6959228515625000
1873.3726              271.4134826660156250
1873.4575              271.3800048828125000
1873.5397              271.3544006347656250
1873.6246              271.3765869140625000
1873.7096              271.3659057617187500
1873.7917              271.3891296386718750
1873.8767              271.4385375976562500
1873.9589              271.5131225585937500
1874.0438              271.8734741210937500
1874.1260              272.2789916992187500
1874.2054              272.2480163574218750
1874.2904              271.8158264160156250
1874.3726              271.4544982910156250
1874.4575              271.3854980468750000
1874.5397              271.3624877929687500
1874.6246              271.3945922851562500
1874.7096              271.3730468750000000
1874.7917              271.4173278808593750
1874.8767              271.4309387207031250
1874.9589              271.5203247070312500
1875.0438              271.7003479003906250
1875.1260              271.9346313476562500
1875.2054              271.9735107421875000
1875.2904              271.6154479980468750
1875.3726              271.5385131835937500
1875.4575              271.4800415039062500
1875.5397              271.4170837402343750
1875.6246              271.4103393554687500
1875.7096              271.4591979980468750
1875.7917              271.4281311035156250
1875.8767              271.4554443359375000
1875.9589              271.5043334960937500
1876.0437              271.6860046386718750
1876.1257              272.0408630371093750
1876.2076              271.9863586425781250
1876.2924              271.5795593261718750
1876.3743              271.5141296386718750
1876.4590              271.4170837402343750
1876.5410              271.3513183593750000
1876.6257              271.3600463867187500
1876.7103              271.3955688476562500
1876.7924              271.3985290527343750
1876.8771              271.4176025390625000
1876.9590              271.5010070800781250
1877.0438              271.6543884277343750
1877.1260              272.0590209960937500
1877.2054              272.0177001953125000
1877.2904              271.6146545410156250
1877.3726              271.5206298828125000
1877.4575              271.4563903808593750
1877.5397              271.3917541503906250
1877.6246              271.3746337890625000
1877.7096              271.4027404785156250
1877.7917              271.3855285644531250
1877.8767              271.4315795898437500
1877.9589              271.5083312988281250
1878.0438              271.8295898437500000
1878.1260              272.3164672851562500
1878.2054              272.3067016601562500
1878.2904              271.8850708007812500
1878.3726              271.4967651367187500
1878.4575              271.3862609863281250
1878.5397              271.3937377929687500
1878.6246              271.3646545410156250
1878.7096              271.3762207031250000
1878.7917              271.3840026855468750
1878.8767              271.4361267089843750
1878.9589              271.5317687988281250
1879.0438              271.7011413574218750
1879.1260              272.0445556640625000
1879.2054              272.0503845214843750
1879.2904              271.6935424804687500
1879.3726              271.4237365722656250
1879.4575              271.3684387207031250
1879.5397              271.3854370117187500
1879.6246              271.3656005859375000
1879.7096              271.3871765136718750
1879.7917              271.4218444824218750
1879.8767              271.4390258789062500
1879.9589              271.5228576660156250
1880.0437              271.7656250000000000
1880.1257              272.1100463867187500
1880.2076              272.0565185546875000
1880.2924              271.7770385742187500
1880.3743              271.4602050781250000
1880.4590              271.4013061523437500
1880.5410              271.3857116699218750
1880.6257              271.3659362792968750
1880.7103              271.4050292968750000
1880.7924              271.4522399902343750
1880.8771              271.4447021484375000
1880.9590              271.5266723632812500
1881.0438              271.6463012695312500
1881.1260              271.9925231933593750
1881.2054              272.0457763671875000
1881.2904              271.6154479980468750
1881.3726              271.5360717773437500
1881.4575              271.4687805175781250
1881.5397              271.3988647460937500
1881.6246              271.3872680664062500
1881.7096              271.3972473144531250
1881.7917              271.4289855957031250
1881.8767              271.4937133789062500
1881.9589              271.5792541503906250
1882.0438              271.8143310546875000
1882.1260              272.1890258789062500
1882.2054              272.1839599609375000
1882.2904              271.8796081542968750
1882.3726              271.4946899414062500
1882.4575              271.4009094238281250
1882.5397              271.3664855957031250
1882.6246              271.4392700195312500
1882.7096              271.3994445800781250
1882.7917              271.4095153808593750
1882.8767              271.4316101074218750
1882.9589              271.4973144531250000
1883.0438              271.6194152832031250
1883.1260              271.9562988281250000
1883.2054              272.0802307128906250
1883.2904              271.7762451171875000
1883.3726              271.4614868164062500
1883.4575              271.4202270507812500
1883.5397              271.3762512207031250
1883.6246              271.3686828613281250
1883.7096              271.4005432128906250
1883.7917              271.4473266601562500
1883.8767              271.4624023437500000
1883.9589              271.5675659179687500
1884.0437              271.9332885742187500
1884.1257              272.3502502441406250
1884.2076              272.4754638671875000
1884.2924              272.1136474609375000
1884.3743              271.5465698242187500
1884.4590              271.4533996582031250
1884.5410              271.4017944335937500
1884.6257              271.3980407714843750
1884.7103              271.3926696777343750
1884.7924              271.4405822753906250
1884.8771              271.4393920898437500
1884.9590              271.5226135253906250
