2000.0437              275.0693359375000000
2000.1257              275.5390014648437500
2000.2076              275.3523559570312500
2000.2924              274.7008361816406250
2000.3743              273.6247863769531250
2000.4590              272.9967956542968750
2000.5410              272.6901245117187500
2000.6257              272.4751586914062500
2000.7103              272.3017578125000000
2000.7924              272.1935119628906250
2000.8771              272.8357543945312500
2000.9590              273.8401184082031250
2001.0438              274.5943298339843750
2001.1260              274.9561462402343750
2001.2054              274.9641418457031250
2001.2904              274.7914733886718750
2001.3726              274.4530029296875000
2001.4575              273.8948059082031250
2001.5397              273.0521240234375000
2001.6246              272.7496337890625000
2001.7096              272.6296997070312500
2001.7917              272.7125549316406250
2001.8767              273.2698364257812500
2001.9589              274.5106811523437500
2002.0438              275.1634826660156250
2002.1260              275.5556640625000000
2002.2054              275.3884887695312500
2002.2904              274.8422851562500000
2002.3726              274.0041503906250000
2002.4575              273.4851684570312500
2002.5397              273.2009887695312500
2002.6246              272.9543457031250000
2002.7096              272.7890319824218750
2002.7917              272.6784973144531250
2002.8767              273.5212707519531250
2002.9589              274.3873291015625000
2003.0438              275.2772827148437500
2003.1260              275.8729858398437500
2003.2054              275.8164672851562500
2003.2904              275.2140502929687500
2003.3726              274.4084167480468750
2003.4575              273.8606872558593750
2003.5397              273.4819030761718750
2003.6246              273.2237243652343750
2003.7096              273.0422058105468750
2003.7917              273.0667419433593750
2003.8767              273.6495056152343750
2003.9589              274.7134399414062500
2004.0437              275.4474487304687500
2004.1257              275.9675598144531250
2004.2076              276.0929870605468750
2004.2924              275.7580261230468750
2004.3743              275.0751037597656250
2004.4590              274.1394653320312500
2004.5410              273.6434936523437500
2004.6257              273.3712463378906250
2004.7103              273.2900390625000000
2004.7924              273.3459777832031250
2004.8771              274.0192260742187500
2004.9590              274.9413146972656250
2005.0438              275.6246032714843750
2005.1260              276.0572509765625000
2005.2054              275.9975585937500000
2005.2904              275.5064697265625000
2005.3726              274.5360717773437500
2005.4575              273.7434387207031250
2005.5397              273.4499511718750000
2005.6246              273.2614746093750000
2005.7096              273.0994262695312500
2005.7917              273.0587463378906250
2005.8767              273.7025146484375000
2005.9589              274.8572387695312500
2006.0438              275.4500122070312500
2006.1260              275.9334716796875000
2006.2054              275.8859863281250000
2006.2904              275.2011718750000000
2006.3726              274.2308654785156250
2006.4575              273.4991455078125000
2006.5397              273.0140686035156250
2006.6246              272.7368774414062500
2006.7096              272.5858459472656250
2006.7917              272.5543823242187500
2006.8767              273.4140625000000000
2006.9589              274.1431884765625000
2007.0438              274.7608642578125000
2007.1260              275.0559997558593750
2007.2054              274.9470520019531250
2007.2904              274.4639587402343750
2007.3726              273.8189697265625000
2007.4575              273.2159729003906250
2007.5397              272.5285949707031250
2007.6246              272.1856384277343750
2007.7096              272.0269165039062500
2007.7917              271.9126586914062500
2007.8767              272.5115661621093750
2007.9589              273.4210815429687500
2008.0437              274.2718811035156250
2008.1257              274.8005371093750000
2008.2076              274.8500061035156250
2008.2924              274.4497375488281250
2008.3743              273.7850036621093750
2008.4590              272.9082641601562500
2008.5410              272.3335266113281250
2008.6257              272.0722351074218750
2008.7103              271.8792114257812500
2008.7924              271.8135681152343750
2008.8771              272.0529174804687500
2008.9590              273.1820678710937500
2009.0438              274.1432189941406250
2009.1260              274.7131958007812500
2009.2054              274.6529846191406250
2009.2904              274.2346191406250000
2009.3726              273.6107482910156250
2009.4575              272.9786071777343750
2009.5397              272.6654968261718750
2009.6246              272.4393005371093750
2009.7096              272.2530517578125000
2009.7917              272.2122497558593750
2009.8767              272.7632446289062500
2009.9589              273.9833068847656250
2010.0438              274.6441040039062500
2010.1260              275.1194152832031250
2010.2054              275.2478637695312500
2010.2904              274.5538940429687500
2010.3726              273.9841308593750000
2010.4575              273.2012939453125000
2010.5397              272.7878723144531250
2010.6246              272.6478576660156250
2010.7096              272.5421447753906250
2010.7917              272.5990905761718750
2010.8767              273.1896057128906250
2010.9589              274.1455078125000000
2011.0438              275.0027770996093750
2011.1260              275.5021362304687500
2011.2054              275.4722290039062500
2011.2904              275.0159912109375000
2011.3726              274.4672851562500000
2011.4575              273.6442871093750000
2011.5397              272.9861755371093750
2011.6246              272.5617675781250000
2011.7096              272.3969116210937500
2011.7917              272.3775634765625000
2011.8767              273.1088256835937500
2011.9589              274.0689392089843750
2012.0437              274.9410095214843750
2012.1257              275.4648132324218750
2012.2076              275.5878295898437500
2012.2924              275.1598815917968750
2012.3743              274.1120910644531250
2012.4590              273.5477905273437500
2012.5410              273.0171813964843750
2012.6257              272.8098449707031250
2012.7103              272.7903442382812500
2012.7924              272.8471679687500000
2012.8771              273.6849365234375000
2012.9590              274.4802246093750000
2013.0438              275.2861938476562500
2013.1260              275.6959533691406250
2013.2054              275.6423034667968750
2013.2904              275.2477111816406250
2013.3726              274.7749023437500000
2013.4575              273.7844238281250000
2013.5397              273.2045593261718750
2013.6246              272.9309997558593750
2013.7096              272.8382568359375000
2013.7917              272.8680725097656250
2013.8767              273.7931518554687500
2013.9589              274.4007568359375000
2014.0438              275.1130676269531250
2014.1260              275.5127868652343750
2014.2054              275.2938232421875000
2014.2904              274.6028747558593750
2014.3726              274.0216369628906250
2014.4575              273.4517211914062500
2014.5397              273.0501403808593750
2014.6246              272.8706970214843750
2014.7096              272.7323913574218750
2014.7917              272.6364135742187500
2014.8767              273.0854797363281250
2014.9589              274.3086547851562500
2015.0438              275.1199340820312500
2015.1260              275.4690246582031250
2015.2054              275.2443542480468750
2015.2904              274.7835693359375000
2015.3726              274.2797241210937500
2015.4575              273.7632446289062500
2015.5397              272.9501647949218750
2015.6246              272.5228576660156250
2015.7096              272.3751831054687500
2015.7917              272.5555419921875000
2015.8767              273.3247070312500000
2015.9589              274.1401977539062500
2016.0437              274.8726196289062500
2016.1257              275.4404907226562500
2016.2076              275.4035339355468750
2016.2924              274.7270507812500000
2016.3743              274.0934448242187500
2016.4590              273.3336181640625000
2016.5410              272.7922973632812500
2016.6257              272.5797424316406250
2016.7103              272.5329589843750000
2016.7924              272.6455993652343750
2016.8771              273.4542846679687500
2016.9590              274.3205261230468750
2017.0438              275.1844787597656250
2017.1260              275.6883850097656250
2017.2054              275.7730712890625000
2017.2904              275.2297363281250000
2017.3726              274.3568725585937500
2017.4575              273.6159362792968750
2017.5397              273.1636047363281250
2017.6246              273.0235290527343750
2017.7096              272.9224243164062500
2017.7917              272.9570922851562500
2017.8767              273.6379699707031250
2017.9589              274.2550048828125000
2018.0438              274.8894653320312500
2018.1260              275.3265686035156250
2018.2054              275.2919921875000000
2018.2904              274.7948608398437500
2018.3726              274.0134582519531250
2018.4575              273.1492919921875000
2018.5397              272.7543029785156250
2018.6246              272.4424743652343750
2018.7096              272.2522888183593750
2018.7917              272.2517089843750000
2018.8767              273.0739440917968750
2018.9589              274.0305786132812500
2019.0438              274.9344787597656250
2019.1260              275.2863159179687500
2019.2054              275.3367004394531250
2019.2904              274.9440002441406250
2019.3726              273.8943176269531250
2019.4575              273.1443176269531250
2019.5397              272.7240905761718750
2019.6246              272.5070495605468750
2019.7096              272.3623962402343750
2019.7917              272.3892517089843750
2019.8767              272.8013000488281250
2019.9589              273.8661804199218750
2020.0437              274.6907958984375000
2020.1257              275.1939086914062500
2020.2076              275.2087097167968750
2020.2924              274.6402282714843750
2020.3743              273.7894897460937500
2020.4590              273.1862487792968750
2020.5410              272.8478698730468750
2020.6257              272.5725402832031250
2020.7103              272.4094848632812500
2020.7924              272.3557739257812500
2020.8771              272.9992370605468750
2020.9590              273.8990783691406250
2021.0438              274.7419128417968750
2021.1260              275.1613464355468750
2021.2054              275.0861206054687500
2021.2904              274.7330017089843750
2021.3726              274.1123962402343750
2021.4575              273.5061645507812500
2021.5397              272.9511108398437500
2021.6246              272.6343994140625000
2021.7096              272.4295349121093750
2021.7917              272.4613342285156250
2021.8767              272.8777465820312500
2021.9589              273.9865722656250000
2022.0438              274.8697204589843750
2022.1260              275.2889709472656250
2022.2054              275.1481323242187500
2022.2904              274.6370239257812500
2022.3726              274.0116577148437500
2022.4575              273.4975280761718750
2022.5397              272.9777832031250000
2022.6246              272.5769042968750000
2022.7096              272.3814697265625000
2022.7917              272.2850952148437500
2022.8767              272.7582702636718750
2022.9589              274.0748291015625000
2023.0438              274.8633422851562500
2023.1260              275.3819274902343750
2023.2054              275.4871520996093750
2023.2904              275.0442810058593750
2023.3726              274.3385009765625000
2023.4575              273.8042602539062500
2023.5397              273.2830200195312500
2023.6246              272.8854980468750000
2023.7096              272.7228698730468750
2023.7917              272.7110290527343750
2023.8767              273.5079040527343750
2023.9589              274.4546508789062500
2024.0437              275.1991882324218750
2024.1257              275.6124877929687500
2024.2076              275.5521545410156250
2024.2924              274.8713073730468750
2024.3743              274.1914672851562500
2024.4590              273.5790710449218750
2024.5410              272.9474182128906250
2024.6257              272.6640014648437500
2024.7103              272.5903930664062500
2024.7924              272.6154479980468750
2024.8771              273.3853149414062500
2024.9590              274.3820190429687500
2025.0438              275.1056213378906250
2025.1260              275.4891357421875000
2025.2054              275.4364624023437500
2025.2904              275.0291137695312500
2025.3726              274.3229064941406250
2025.4575              273.3672790527343750
2025.5397              272.8020935058593750
2025.6246              272.4723815917968750
2025.7096              272.4443969726562500
2025.7917              272.5227966308593750
2025.8767              273.5182189941406250
2025.9589              274.2537536621093750
2026.0438              275.1585083007812500
2026.1260              275.7607421875000000
2026.2054              275.9179077148437500
2026.2904              275.3736572265625000
2026.3726              274.5342407226562500
2026.4575              273.8972778320312500
2026.5397              273.1200866699218750
2026.6246              272.6275939941406250
2026.7096              272.5194091796875000
2026.7917              272.5522766113281250
2026.8767              273.1195068359375000
2026.9589              274.0363159179687500
2027.0438              274.8089294433593750
2027.1260              275.4293212890625000
2027.2054              275.5245361328125000
2027.2904              275.1697692871093750
2027.3726              274.2498779296875000
2027.4575              273.3793334960937500
2027.5397              272.8723144531250000
2027.6246              272.5749511718750000
2027.7096              272.4077148437500000
2027.7917              272.4125061035156250
2027.8767              273.1772460937500000
2027.9589              274.0664062500000000
2028.0437              275.0137939453125000
2028.1257              275.6220397949218750
2028.2076              275.5439453125000000
2028.2924              275.0881958007812500
2028.3743              274.1510009765625000
2028.4590              273.4768066406250000
2028.5410              272.9835815429687500
2028.6257              272.8539428710937500
2028.7103              272.7683105468750000
2028.7924              272.7998046875000000
2028.8771              273.6183166503906250
2028.9590              274.2716064453125000
2029.0438              275.1763305664062500
2029.1260              275.7386169433593750
2029.2054              275.7325439453125000
2029.2904              275.1191406250000000
2029.3726              274.2917175292968750
2029.4575              273.6237182617187500
2029.5397              273.1643371582031250
2029.6246              272.8752136230468750
2029.7096              272.7869873046875000
2029.7917              272.9617919921875000
2029.8767              273.8382263183593750
2029.9589              274.5058898925781250
2030.0438              275.4026184082031250
2030.1260              275.7845458984375000
2030.2054              275.7634887695312500
2030.2904              275.2333984375000000
2030.3726              274.3902282714843750
2030.4575              273.9074096679687500
2030.5397              273.3501586914062500
2030.6246              273.0540161132812500
2030.7096              272.9691467285156250
2030.7917              273.0785827636718750
2030.8767              273.8040771484375000
2030.9589              274.6661071777343750
2031.0438              275.4989624023437500
2031.1260              275.9931945800781250
2031.2054              275.9884338378906250
2031.2904              275.2522583007812500
2031.3726              274.5744934082031250
2031.4575              274.0477600097656250
2031.5397              273.6673583984375000
2031.6246              273.2061462402343750
2031.7096              273.0781555175781250
2031.7917              273.1252136230468750
2031.8767              273.8620605468750000
2031.9589              274.6822509765625000
2032.0437              275.4022521972656250
2032.1257              275.8553466796875000
2032.2076              275.7095031738281250
2032.2924              275.3167724609375000
2032.3743              274.4617309570312500
2032.4590              273.6532592773437500
2032.5410              273.3742370605468750
2032.6257              273.0489501953125000
2032.7103              272.9254455566406250
2032.7924              272.9207763671875000
2032.8771              273.7552795410156250
2032.9590              274.7637023925781250
2033.0438              275.6466674804687500
2033.1260              276.0343322753906250
2033.2054              275.9854431152343750
2033.2904              275.4040222167968750
2033.3726              274.3913269042968750
2033.4575              273.6587829589843750
2033.5397              273.4448547363281250
2033.6246              273.2932739257812500
2033.7096              273.1483154296875000
2033.7917              273.1465454101562500
2033.8767              273.8404846191406250
2033.9589              274.7378540039062500
2034.0438              275.5299682617187500
2034.1260              275.9645080566406250
2034.2054              276.1059570312500000
2034.2904              275.6473388671875000
2034.3726              274.7117919921875000
2034.4575              273.8811035156250000
2034.5397              273.4741210937500000
2034.6246              273.3311767578125000
2034.7096              273.2105712890625000
2034.7917              273.1019897460937500
2034.8767              273.8058166503906250
2034.9589              274.7997436523437500
2035.0438              275.4694519042968750
2035.1260              275.8219909667968750
2035.2054              275.7304077148437500
2035.2904              275.3199768066406250
2035.3726              274.4926452636718750
2035.4575              273.6735839843750000
2035.5397              273.1347045898437500
2035.6246              272.9358520507812500
2035.7096              272.8344421386718750
2035.7917              272.8658752441406250
2035.8767              273.6509399414062500
2035.9589              274.4269409179687500
2036.0437              275.0408630371093750
2036.1257              275.4119567871093750
2036.2076              275.3771972656250000
2036.2924              274.8350524902343750
2036.3743              273.9971923828125000
2036.4590              273.4180908203125000
2036.5410              272.9060363769531250
2036.6257              272.7527770996093750
2036.7103              272.6403808593750000
2036.7924              272.5620117187500000
2036.8771              273.1945495605468750
2036.9590              274.1484680175781250
2037.0438              274.9222717285156250
2037.1260              275.3550109863281250
2037.2054              275.1704406738281250
2037.2904              274.7669372558593750
2037.3726              274.1954345703125000
2037.4575              273.5412292480468750
2037.5397              273.0187683105468750
2037.6246              272.9441223144531250
2037.7096              272.9369812011718750
2037.7917              272.9641723632812500
2037.8767              273.6285705566406250
2037.9589              274.8042602539062500
2038.0438              275.7100830078125000
2038.1260              276.0625610351562500
2038.2054              275.8155822753906250
2038.2904              275.2418518066406250
2038.3726              274.2855224609375000
2038.4575              273.7752685546875000
2038.5397              273.4648742675781250
2038.6246              273.2391052246093750
2038.7096              273.0444946289062500
2038.7917              272.9946289062500000
2038.8767              273.8488464355468750
2038.9589              274.8205566406250000
2039.0438              275.5738525390625000
2039.1260              276.1050720214843750
2039.2054              276.0386047363281250
2039.2904              275.4899597167968750
2039.3726              274.6392517089843750
2039.4575              274.1136169433593750
2039.5397              273.7644042968750000
2039.6246              273.4668273925781250
2039.7096              273.2186279296875000
2039.7917              273.2119445800781250
2039.8767              273.6989135742187500
2039.9589              274.7131652832031250
2040.0437              275.5054016113281250
2040.1257              275.8846130371093750
2040.2076              275.8528747558593750
2040.2924              275.4644165039062500
2040.3743              274.6748046875000000
2040.4590              274.0301513671875000
2040.5410              273.6539001464843750
2040.6257              273.4533996582031250
2040.7103              273.3066711425781250
2040.7924              273.2399902343750000
2040.8771              273.7909545898437500
2040.9590              274.8520812988281250
2041.0438              275.6213378906250000
2041.1260              275.9978637695312500
2041.2054              275.8573913574218750
2041.2904              275.3642272949218750
2041.3726              274.7873535156250000
2041.4575              274.0748291015625000
2041.5397              273.5152282714843750
2041.6246              273.2432250976562500
2041.7096              273.0882568359375000
2041.7917              273.0048217773437500
2041.8767              273.7601013183593750
2041.9589              274.7334594726562500
2042.0438              275.3808593750000000
2042.1260              275.7601928710937500
2042.2054              275.7169799804687500
2042.2904              274.8462524414062500
2042.3726              274.0067749023437500
2042.4575              273.4123840332031250
2042.5397              273.1839599609375000
2042.6246              272.9514770507812500
2042.7096              272.7460632324218750
2042.7917              272.7107238769531250
2042.8767              273.2381591796875000
2042.9589              274.4226074218750000
2043.0438              275.1485595703125000
2043.1260              275.6382446289062500
2043.2054              275.6153259277343750
2043.2904              275.1090087890625000
2043.3726              274.4897155761718750
2043.4575              273.8144531250000000
2043.5397              273.0306091308593750
2043.6246              272.8226928710937500
2043.7096              272.7256774902343750
2043.7917              272.7025146484375000
2043.8767              273.4935913085937500
2043.9589              274.2832641601562500
2044.0437              275.1553955078125000
2044.1257              275.6935424804687500
2044.2076              275.7241516113281250
2044.2924              275.2921142578125000
2044.3743              274.3539428710937500
2044.4590              273.6694030761718750
2044.5410              273.1616821289062500
2044.6257              272.8142395019531250
2044.7103              272.7291259765625000
2044.7924              272.7639465332031250
2044.8771              273.4093017578125000
2044.9590              274.6402587890625000
2045.0438              275.3612976074218750
2045.1260              275.7700500488281250
2045.2054              275.8850402832031250
2045.2904              275.5792236328125000
2045.3726              274.8752136230468750
2045.4575              273.8461608886718750
2045.5397              273.1569824218750000
2045.6246              272.9447937011718750
2045.7096              272.7723083496093750
2045.7917              272.7674560546875000
2045.8767              273.6299133300781250
2045.9589              274.3641967773437500
2046.0438              275.0288085937500000
2046.1260              275.3723449707031250
2046.2054              275.2379455566406250
2046.2904              274.5838928222656250
2046.3726              273.9472351074218750
2046.4575              273.2178039550781250
2046.5397              272.7288208007812500
2046.6246              272.5291748046875000
2046.7096              272.3864440917968750
2046.7917              272.5178527832031250
2046.8767              273.2294006347656250
2046.9589              274.1347351074218750
2047.0438              274.9766540527343750
2047.1260              275.4280090332031250
2047.2054              275.4053039550781250
2047.2904              275.0201721191406250
2047.3726              274.3428039550781250
2047.4575              273.6166381835937500
2047.5397              273.1711425781250000
2047.6246              273.0048217773437500
2047.7096              272.9165954589843750
2047.7917              272.9461669921875000
2047.8767              273.7345886230468750
2047.9589              274.4880065917968750
2048.0437              275.2201232910156250
2048.1257              275.6295471191406250
2048.2078              275.4730834960937500
2048.2922              275.0472412109375000
2048.3743              274.3954772949218750
2048.4590              273.9301147460937500
2048.5410              273.5331726074218750
2048.6257              273.2910766601562500
2048.7104              273.1423645019531250
2048.7922              273.2929382324218750
2048.8770              274.1770629882812500
2048.9590              275.2908325195312500
2049.0439              276.1399841308593750
2049.1260              276.7272338867187500
2049.2056              276.7711791992187500
2049.2905              276.3460388183593750
2049.3726              275.2581176757812500
2049.4575              274.4453125000000000
2049.5398              274.0165100097656250
2049.6248              273.7869262695312500
2049.7095              273.5761718750000000
2049.7917              273.5374145507812500
2049.8767              274.2911682128906250
2049.9590              275.2775573730468750
2050.0439              276.0713195800781250
2050.1260              276.4501953125000000
2050.2056              276.3762817382812500
2050.2905              275.9085083007812500
2050.3726              275.0701904296875000
2050.4575              274.3825683593750000
2050.5398              273.9459533691406250
2050.6248              273.6886901855468750
2050.7095              273.5404052734375000
2050.7917              273.4727478027343750
2050.8767              274.1777343750000000
2050.9590              275.2030639648437500
2051.0439              275.8660888671875000
2051.1260              276.2942810058593750
2051.2056              276.2849426269531250
2051.2905              275.7261657714843750
2051.3726              274.7441406250000000
2051.4575              274.1070861816406250
2051.5398              273.8707580566406250
2051.6248              273.6691894531250000
2051.7095              273.4621582031250000
2051.7917              273.5438537597656250
2051.8767              274.2068176269531250
2051.9590              275.2728881835937500
2052.0437              276.0519714355468750
2052.1257              276.4182434082031250
2052.2078              276.3115539550781250
2052.2922              275.6706542968750000
2052.3743              275.1187438964843750
2052.4590              274.4103393554687500
2052.5410              273.7628784179687500
2052.6257              273.5580139160156250
2052.7104              273.4179992675781250
2052.7922              273.4433288574218750
2052.8770              274.2238464355468750
2052.9590              274.8692321777343750
2053.0439              275.5327148437500000
2053.1260              276.0033874511718750
2053.2056              275.9895935058593750
2053.2905              275.6696472167968750
2053.3726              275.0509948730468750
2053.4575              274.2601623535156250
2053.5398              273.7899780273437500
2053.6248              273.5522155761718750
2053.7095              273.3275756835937500
2053.7917              273.3181457519531250
2053.8767              274.2599487304687500
2053.9590              274.9476013183593750
2054.0439              275.7690734863281250
2054.1260              276.1702880859375000
2054.2056              276.1716308593750000
2054.2905              275.8257141113281250
2054.3726              274.9312438964843750
2054.4575              274.0411682128906250
2054.5398              273.5791931152343750
2054.6248              273.2465209960937500
2054.7095              273.0236511230468750
2054.7917              272.9638977050781250
2054.8767              273.6367187500000000
2054.9590              274.6513366699218750
2055.0439              275.5505371093750000
2055.1260              276.1017150878906250
2055.2056              275.9920043945312500
2055.2905              275.5198669433593750
2055.3726              274.6412048339843750
2055.4575              273.8742065429687500
2055.5398              273.4224548339843750
2055.6248              273.2154541015625000
2055.7095              273.0768432617187500
2055.7917              273.1805419921875000
2055.8767              273.9681091308593750
2055.9590              274.8435058593750000
2056.0437              275.7405700683593750
2056.1257              276.1952819824218750
2056.2078              276.2200012207031250
2056.2922              275.6626586914062500
2056.3743              274.7167968750000000
2056.4590              273.8612060546875000
2056.5410              273.4866943359375000
2056.6257              273.3080749511718750
2056.7104              273.2093200683593750
2056.7922              273.2346191406250000
2056.8770              273.9192199707031250
2056.9590              274.5586242675781250
2057.0439              275.3833312988281250
2057.1260              275.9144592285156250
2057.2056              275.8479919433593750
2057.2905              275.4131164550781250
2057.3726              274.6971740722656250
2057.4575              273.9023437500000000
2057.5398              273.6152954101562500
2057.6248              273.4403076171875000
2057.7095              273.2613525390625000
2057.7917              273.4520568847656250
2057.8767              274.2531738281250000
2057.9590              274.9501647949218750
2058.0439              275.8532714843750000
2058.1260              276.3692016601562500
2058.2056              276.4143676757812500
2058.2905              275.9463500976562500
2058.3726              275.3573913574218750
2058.4575              274.6872863769531250
2058.5398              274.1474914550781250
2058.6248              273.6914978027343750
2058.7095              273.3966369628906250
2058.7917              273.3113098144531250
2058.8767              273.9043579101562500
2058.9590              274.7243652343750000
2059.0439              275.4987182617187500
2059.1260              275.8435058593750000
2059.2056              275.7172241210937500
2059.2905              275.0543212890625000
2059.3726              274.2785034179687500
2059.4575              273.8911132812500000
2059.5398              273.5521240234375000
2059.6248              273.3968505859375000
2059.7095              273.2556762695312500
2059.7917              273.3356628417968750
2059.8767              273.9650268554687500
2059.9590              274.9046325683593750
2060.0437              275.8768310546875000
2060.1257              276.3683166503906250
2060.2078              276.1458129882812500
2060.2922              275.3467102050781250
2060.3743              274.6849060058593750
2060.4590              273.9353027343750000
2060.5410              273.3950500488281250
2060.6257              273.1161499023437500
2060.7104              272.9128112792968750
2060.7922              272.8994445800781250
2060.8770              273.7500915527343750
2060.9590              274.7083740234375000
2061.0439              275.4525451660156250
2061.1260              275.9289855957031250
2061.2056              275.9492492675781250
2061.2905              275.2502136230468750
2061.3726              274.3240356445312500
2061.4575              273.7748718261718750
2061.5398              273.4884948730468750
2061.6248              273.2224121093750000
2061.7095              273.0149536132812500
2061.7917              273.0921020507812500
2061.8767              273.9904785156250000
2061.9590              274.7011108398437500
2062.0439              275.3544921875000000
2062.1260              275.7704772949218750
2062.2056              275.8257141113281250
2062.2905              275.4663391113281250
2062.3726              274.6092529296875000
2062.4575              273.5782165527343750
2062.5398              273.2464904785156250
2062.6248              273.0811462402343750
2062.7095              272.9488220214843750
2062.7917              272.9666137695312500
2062.8767              273.7443237304687500
2062.9590              274.7215576171875000
2063.0439              275.6756591796875000
2063.1260              276.2269287109375000
2063.2056              276.2625122070312500
2063.2905              275.5327148437500000
2063.3726              274.3022155761718750
2063.4575              273.6768493652343750
2063.5398              273.3101806640625000
2063.6248              273.1474914550781250
2063.7095              273.0617065429687500
2063.7917              273.0363769531250000
2063.8767              273.8003540039062500
2063.9590              274.7347717285156250
2064.0437              275.5856933593750000
2064.1257              275.9616394042968750
2064.2078              275.8966979980468750
2064.2922              275.3677673339843750
2064.3743              274.5000915527343750
2064.4590              273.8220520019531250
2064.5410              273.4295349121093750
2064.6257              273.2390747070312500
2064.7104              273.1435546875000000
2064.7922              273.2367858886718750
2064.8770              273.8822631835937500
2064.9590              275.0492248535156250
2065.0439              276.2346191406250000
2065.1260              276.8163452148437500
2065.2056              276.9983520507812500
2065.2905              276.6768493652343750
2065.3726              275.8770751953125000
2065.4575              275.0805053710937500
2065.5398              274.4724426269531250
2065.6248              274.0090942382812500
2065.7095              273.8301391601562500
2065.7917              273.8342895507812500
2065.8767              274.4903564453125000
2065.9590              275.6254272460937500
2066.0439              276.5479736328125000
2066.1260              277.0209655761718750
2066.2056              277.0314636230468750
2066.2905              276.5765075683593750
2066.3726              275.6880798339843750
2066.4575              274.8250427246093750
2066.5398              274.3131713867187500
2066.6248              273.9467468261718750
2066.7095              273.7176513671875000
2066.7917              273.6839904785156250
2066.8767              274.4573669433593750
2066.9590              275.3659057617187500
2067.0439              276.2900085449218750
2067.1260              276.6993713378906250
2067.2056              276.6397094726562500
2067.2905              276.0023803710937500
2067.3726              274.9808044433593750
2067.4575              274.3903503417968750
2067.5398              274.0093994140625000
2067.6248              273.6413879394531250
2067.7095              273.5036621093750000
2067.7917              273.6426696777343750
2067.8767              274.4388427734375000
2067.9590              275.2655029296875000
2068.0437              276.1295776367187500
2068.1257              276.3272705078125000
2068.2078              276.1244201660156250
2068.2922              275.5022888183593750
2068.3743              274.6076354980468750
2068.4590              273.9515991210937500
2068.5410              273.4231567382812500
2068.6257              273.0929565429687500
2068.7104              272.9963989257812500
2068.7922              273.0063476562500000
2068.8770              273.8800659179687500
2068.9590              274.6587219238281250
2069.0439              275.3811645507812500
2069.1260              275.8746032714843750
2069.2056              275.8724060058593750
2069.2905              275.2431640625000000
2069.3726              274.4147338867187500
2069.4575              273.7799377441406250
2069.5398              273.4435424804687500
2069.6248              273.2338562011718750
2069.7095              273.1409606933593750
2069.7917              273.1679382324218750
2069.8767              273.9259338378906250
2069.9590              274.6693115234375000
2070.0439              275.4275207519531250
2070.1260              275.8820190429687500
2070.2056              275.8258972167968750
2070.2905              275.4420776367187500
2070.3726              274.6994018554687500
2070.4575              274.3158874511718750
2070.5398              273.8873291015625000
2070.6248              273.5343933105468750
2070.7095              273.2361450195312500
2070.7917              273.1762695312500000
2070.8767              273.8030700683593750
2070.9590              274.7904052734375000
2071.0439              275.8517761230468750
2071.1260              276.3853759765625000
2071.2056              276.4990844726562500
2071.2905              276.1838378906250000
2071.3726              275.3575134277343750
2071.4575              274.4868164062500000
2071.5398              273.8864746093750000
2071.6248              273.5385742187500000
2071.7095              273.4929809570312500
2071.7917              273.6506652832031250
2071.8767              274.3440551757812500
2071.9590              275.4401855468750000
2072.0437              276.1683654785156250
2072.1257              276.5967712402343750
2072.2078              276.5314331054687500
2072.2922              276.0292968750000000
2072.3743              275.3163146972656250
2072.4590              274.3881835937500000
2072.5410              273.8038635253906250
2072.6257              273.5071105957031250
2072.7104              273.3144226074218750
2072.7922              273.2685241699218750
2072.8770              274.0300598144531250
2072.9590              275.0942077636718750
2073.0439              276.1063232421875000
2073.1260              276.6797485351562500
2073.2056              276.5411376953125000
2073.2905              275.8291015625000000
2073.3726              274.9168395996093750
2073.4575              274.3681945800781250
2073.5398              273.9576721191406250
2073.6248              273.7140197753906250
2073.7095              273.5575866699218750
2073.7917              273.6492004394531250
2073.8767              274.4630737304687500
2073.9590              275.4819030761718750
2074.0439              276.3105468750000000
2074.1260              276.7552185058593750
2074.2056              276.6978149414062500
2074.2905              275.7158813476562500
2074.3726              274.5565185546875000
2074.4575              274.1825866699218750
2074.5398              273.9552001953125000
2074.6248              273.7615356445312500
2074.7095              273.5781250000000000
2074.7917              273.5225830078125000
2074.8767              274.3209838867187500
2074.9590              275.1932373046875000
2075.0439              276.0805969238281250
2075.1260              276.5925292968750000
2075.2056              276.5240478515625000
2075.2905              275.9322204589843750
2075.3726              275.1483154296875000
2075.4575              274.5008239746093750
2075.5398              273.6261901855468750
2075.6248              273.1267395019531250
2075.7095              272.8894958496093750
2075.7917              272.8823852539062500
2075.8767              273.5745849609375000
2075.9590              274.6043090820312500
2076.0437              275.6927490234375000
2076.1257              276.2957763671875000
2076.2078              276.3350830078125000
2076.2922              275.5559692382812500
2076.3743              274.8197631835937500
2076.4590              274.2876281738281250
2076.5410              273.8397827148437500
2076.6257              273.6672058105468750
2076.7104              273.5541992187500000
2076.7922              273.6466064453125000
2076.8770              274.3327331542968750
2076.9590              274.9656982421875000
2077.0439              275.7171936035156250
2077.1260              276.2318420410156250
2077.2056              276.1159667968750000
2077.2905              275.5318603515625000
2077.3726              274.5064086914062500
2077.4575              273.8246765136718750
2077.5398              273.4551391601562500
2077.6248              273.2792358398437500
2077.7095              273.1191406250000000
2077.7917              273.2063293457031250
2077.8767              274.0251159667968750
2077.9590              274.7915649414062500
2078.0439              275.5395202636718750
2078.1260              275.9592895507812500
2078.2056              275.9126281738281250
2078.2905              275.2963562011718750
2078.3726              274.4682312011718750
2078.4575              273.7884826660156250
2078.5398              273.5183410644531250
2078.6248              273.2124633789062500
2078.7095              272.9927368164062500
2078.7917              272.8920288085937500
2078.8767              273.6306762695312500
2078.9590              274.3005371093750000
2079.0439              274.8769836425781250
2079.1260              275.1862487792968750
2079.2056              275.2266845703125000
2079.2905              274.9563903808593750
2079.3726              274.4085083007812500
2079.4575              273.7030029296875000
2079.5398              273.2129211425781250
2079.6248              272.8678894042968750
2079.7095              272.6330566406250000
2079.7917              272.5884094238281250
2079.8767              273.3389282226562500
2079.9590              274.1311645507812500
2080.0437              274.7326354980468750
2080.1257              275.0242309570312500
2080.2078              275.0170898437500000
2080.2922              274.7252502441406250
2080.3743              274.0688171386718750
2080.4590              273.2475891113281250
2080.5410              272.9437255859375000
2080.6257              272.7933044433593750
2080.7104              272.5769653320312500
2080.7922              272.6388854980468750
2080.8770              273.4058227539062500
2080.9590              274.4342346191406250
2081.0439              275.5148620605468750
2081.1260              276.1649169921875000
2081.2056              276.2924194335937500
2081.2905              275.8176879882812500
2081.3726              275.1499328613281250
2081.4575              274.4173278808593750
2081.5398              273.7594604492187500
2081.6248              273.2964477539062500
2081.7095              273.0509033203125000
2081.7917              273.0834350585937500
2081.8767              273.7563476562500000
2081.9590              274.5910644531250000
2082.0439              275.5588989257812500
2082.1260              276.0338134765625000
2082.2056              275.9718933105468750
2082.2905              275.5685424804687500
2082.3726              274.7474060058593750
2082.4575              274.1709289550781250
2082.5398              273.7092590332031250
2082.6248              273.5514831542968750
2082.7095              273.4284362792968750
2082.7917              273.4553222656250000
2082.8767              274.1637573242187500
2082.9590              275.0415954589843750
2083.0439              275.9502868652343750
2083.1260              276.4757690429687500
2083.2056              276.3922729492187500
2083.2905              275.8692932128906250
2083.3726              274.8666687011718750
2083.4575              274.1695251464843750
2083.5398              273.6637573242187500
2083.6248              273.5151367187500000
2083.7095              273.3781433105468750
2083.7917              273.4325866699218750
2083.8767              274.1894836425781250
2083.9590              275.1850891113281250
2084.0437              276.1249694824218750
2084.1257              276.6471862792968750
2084.2078              276.6103820800781250
2084.2922              276.1176147460937500
2084.3743              275.0982971191406250
2084.4590              274.1882324218750000
2084.5410              273.6877136230468750
2084.6257              273.4873657226562500
2084.7104              273.3014221191406250
2084.7922              273.3045654296875000
2084.8770              274.0696716308593750
2084.9590              274.7213134765625000
2085.0439              275.4788513183593750
2085.1260              276.0190734863281250
2085.2056              276.0709838867187500
2085.2905              275.6435546875000000
2085.3726              274.7751159667968750
2085.4575              274.1934509277343750
2085.5398              273.7393493652343750
2085.6248              273.4421081542968750
2085.7095              273.3138427734375000
2085.7917              273.3472290039062500
2085.8767              274.0933837890625000
2085.9590              274.9447937011718750
2086.0439              275.7890014648437500
2086.1260              276.2153320312500000
2086.2056              276.1352233886718750
2086.2905              275.3946533203125000
2086.3726              274.6546325683593750
2086.4575              273.8670043945312500
2086.5398              273.5960083007812500
2086.6248              273.3562622070312500
2086.7095              273.1829833984375000
2086.7917              273.2819824218750000
2086.8767              274.1954956054687500
2086.9590              274.8772583007812500
2087.0439              275.7570800781250000
2087.1260              276.2784423828125000
2087.2056              276.1414489746093750
2087.2905              275.6694946289062500
2087.3726              275.1599731445312500
2087.4575              274.3585205078125000
2087.5398              273.8491210937500000
2087.6248              273.4854125976562500
2087.7095              273.2888183593750000
2087.7917              273.3351440429687500
2087.8767              273.9609069824218750
2087.9590              274.8042602539062500
2088.0437              275.7103576660156250
2088.1257              276.1535034179687500
2088.2078              276.2073364257812500
2088.2922              275.7501831054687500
2088.3743              274.8268432617187500
2088.4590              274.0423278808593750
2088.5410              273.6434936523437500
2088.6257              273.4369812011718750
2088.7104              273.3377685546875000
2088.7922              273.4627380371093750
2088.8770              274.1498107910156250
2088.9590              274.8809814453125000
2089.0439              275.7136535644531250
2089.1260              276.1310119628906250
2089.2056              276.1507568359375000
2089.2905              275.6542968750000000
2089.3726              274.8151855468750000
2089.4575              273.9653930664062500
2089.5398              273.6242980957031250
2089.6248              273.4357604980468750
2089.7095              273.3126525878906250
2089.7917              273.3266296386718750
2089.8767              273.9970092773437500
2089.9590              274.8614807128906250
2090.0439              275.8988037109375000
2090.1260              276.4391784667968750
2090.2056              276.3553771972656250
2090.2905              276.0445861816406250
2090.3726              275.4306335449218750
2090.4575              274.7652282714843750
2090.5398              274.0731201171875000
2090.6248              273.7656860351562500
2090.7095              273.6328125000000000
2090.7917              273.8051147460937500
2090.8767              274.5318908691406250
2090.9590              275.3345642089843750
2091.0439              276.2138366699218750
2091.1260              276.8147277832031250
2091.2056              276.8393859863281250
2091.2905              276.4077453613281250
2091.3726              275.2350463867187500
2091.4575              274.5547790527343750
2091.5398              273.8109741210937500
2091.6248              273.5514831542968750
2091.7095              273.5079956054687500
2091.7917              273.7095947265625000
2091.8767              274.4596557617187500
2091.9590              275.1974487304687500
2092.0437              276.0878295898437500
2092.1257              276.7140502929687500
2092.2078              276.6486816406250000
2092.2922              276.1585998535156250
2092.3743              275.6483154296875000
2092.4590              274.9606628417968750
2092.5410              274.4618225097656250
2092.6257              274.1365356445312500
2092.7104              273.9213256835937500
2092.7922              273.8846130371093750
2092.8770              274.7381286621093750
2092.9590              275.6317749023437500
2093.0439              276.2955322265625000
2093.1260              276.7316284179687500
2093.2056              276.7692565917968750
2093.2905              276.3008422851562500
2093.3726              275.4305114746093750
2093.4575              274.6174926757812500
2093.5398              273.9590454101562500
2093.6248              273.5861206054687500
2093.7095              273.3742675781250000
2093.7917              273.4643859863281250
2093.8767              274.1672668457031250
2093.9590              274.7150573730468750
2094.0439              275.4918823242187500
2094.1260              275.9710083007812500
2094.2056              276.1452331542968750
2094.2905              275.8161315917968750
2094.3726              275.0255126953125000
2094.4575              274.4427490234375000
2094.5398              274.1092224121093750
2094.6248              273.8176879882812500
2094.7095              273.6466979980468750
2094.7917              273.5899658203125000
2094.8767              274.4129333496093750
2094.9590              275.2558898925781250
2095.0439              276.0783996582031250
2095.1260              276.5473022460937500
2095.2056              276.6920166015625000
2095.2905              276.2428283691406250
2095.3726              275.5435485839843750
2095.4575              274.5573425292968750
2095.5398              273.9883728027343750
2095.6248              273.7605895996093750
2095.7095              273.5634765625000000
2095.7917              273.5658569335937500
2095.8767              274.3880310058593750
2095.9590              275.2576904296875000
2096.0437              276.0667114257812500
2096.1257              276.4926147460937500
2096.2078              276.4148864746093750
2096.2922              275.9824218750000000
2096.3743              275.1584167480468750
2096.4590              274.5893554687500000
2096.5410              274.0804748535156250
2096.6257              273.8299865722656250
2096.7104              273.7145080566406250
2096.7922              273.8677062988281250
2096.8770              274.6123352050781250
2096.9590              275.3179321289062500
2097.0439              276.0460510253906250
2097.1260              276.4947509765625000
2097.2056              276.5422668457031250
2097.2905              275.9660644531250000
2097.3726              275.1570129394531250
2097.4575              274.5687561035156250
2097.5398              274.2547912597656250
2097.6248              273.9021301269531250
2097.7095              273.6203613281250000
2097.7917              273.5197143554687500
2097.8767              274.1786804199218750
2097.9590              275.0256958007812500
2098.0439              275.9165649414062500
2098.1260              276.4150390625000000
2098.2056              276.5041503906250000
2098.2905              276.0853271484375000
2098.3726              275.2061767578125000
2098.4575              274.4532775878906250
2098.5398              273.9632263183593750
2098.6248              273.8037109375000000
2098.7095              273.6742553710937500
2098.7917              273.8985595703125000
2098.8767              274.7449645996093750
2098.9590              275.4618225097656250
2099.0439              276.3844299316406250
2099.1260              276.8570251464843750
2099.2056              276.7541503906250000
2099.2905              276.2932434082031250
2099.3726              275.5354003906250000
2099.4575              274.7989501953125000
2099.5398              274.3284606933593750
2099.6248              273.9389038085937500
2099.7095              273.6201782226562500
2099.7917              273.7415466308593750
2099.8767              274.6187133789062500
2099.9590              275.3215026855468750
