2001.0438              272.3194885253906250
2001.1260              272.2901000976562500
2001.2054              272.3043823242187500
2001.2904              272.2745056152343750
2001.3726              272.3067016601562500
2001.4575              272.3378906250000000
2001.5397              272.4650573730468750
2001.6246              272.5787963867187500
2001.7096              272.5984497070312500
2001.7917              272.5989685058593750
2001.8767              272.5451660156250000
2001.9589              272.4766540527343750
2002.0438              272.4606933593750000
2002.1260              272.8412475585937500
2002.2054              272.9783020019531250
2002.2904              272.7124023437500000
2002.3726              272.1783142089843750
2002.4575              271.6995849609375000
2002.5397              271.6723632812500000
2002.6246              271.8737182617187500
2002.7096              271.9575500488281250
2002.7917              272.0803222656250000
2002.8767              272.1371459960937500
2002.9589              272.1401367187500000
2003.0438              272.1352844238281250
2003.1260              272.2045288085937500
2003.2054              272.3038330078125000
2003.2904              272.2397460937500000
2003.3726              271.8831787109375000
2003.4575              271.7185058593750000
2003.5397              271.8654785156250000
2003.6246              272.0463562011718750
2003.7096              272.2276611328125000
2003.7917              272.2859497070312500
2003.8767              272.3092346191406250
2003.9589              272.2970886230468750
2004.0437              272.2626037597656250
2004.1257              272.2312622070312500
2004.2076              272.1873474121093750
2004.2924              272.1752014160156250
2004.3743              272.1959533691406250
2004.4590              272.2947692871093750
2004.5410              272.3954162597656250
2004.6257              272.5046997070312500
2004.7103              272.6281433105468750
2004.7924              272.6615295410156250
2004.8771              272.6075134277343750
2004.9590              272.5307617187500000
2005.0438              272.4985046386718750
2005.1260              272.8241882324218750
2005.2054              272.8063964843750000
2005.2904              272.4984741210937500
2005.3726              272.1145935058593750
2005.4575              271.6694946289062500
2005.5397              272.0588989257812500
2005.6246              272.4093017578125000
2005.7096              272.5378417968750000
2005.7917              272.6121520996093750
2005.8767              272.5917053222656250
2005.9589              272.5196228027343750
2006.0438              272.6199645996093750
2006.1260              273.0657653808593750
2006.2054              273.0544433593750000
2006.2904              272.6585083007812500
2006.3726              272.0665893554687500
2006.4575              271.5397033691406250
2006.5397              271.6563415527343750
2006.6246              271.9671630859375000
2006.7096              272.2076721191406250
2006.7917              272.3071899414062500
2006.8767              272.2883605957031250
2006.9589              272.2435607910156250
2007.0438              272.2091979980468750
2007.1260              272.4209594726562500
2007.2054              272.5172424316406250
2007.2904              272.1940917968750000
2007.3726              271.8434448242187500
2007.4575              271.7724914550781250
2007.5397              271.8960266113281250
2007.6246              271.9592895507812500
2007.7096              272.0419006347656250
2007.7917              272.1290283203125000
2007.8767              272.1424865722656250
2007.9589              272.1196899414062500
2008.0437              272.0961914062500000
2008.1257              272.3516540527343750
2008.2076              272.4343566894531250
2008.2924              272.1161499023437500
2008.3743              271.5749206542968750
2008.4590              271.7730102539062500
2008.5410              271.9658508300781250
2008.6257              272.0935668945312500
2008.7103              272.1773986816406250
2008.7924              272.1722106933593750
2008.8771              272.1472778320312500
2008.9590              272.1086730957031250
2009.0438              272.0641174316406250
2009.1260              272.0879211425781250
2009.2054              272.2360839843750000
2009.2904              272.0455322265625000
2009.3726              271.7165222167968750
2009.4575              271.6174926757812500
2009.5397              271.7899780273437500
2009.6246              271.9400024414062500
2009.7096              272.0780639648437500
2009.7917              272.1634216308593750
2009.8767              272.1921386718750000
2009.9589              272.1719360351562500
2010.0438              272.1405639648437500
2010.1260              272.3386840820312500
2010.2054              272.4392700195312500
2010.2904              272.1090087890625000
2010.3726              271.7048950195312500
2010.4575              271.6921997070312500
2010.5397              271.8349304199218750
2010.6246              271.9888305664062500
2010.7096              272.0687255859375000
2010.7917              272.1543579101562500
2010.8767              272.1698303222656250
2010.9589              272.1567382812500000
2011.0438              272.1704101562500000
2011.1260              272.5516357421875000
2011.2054              272.6581115722656250
2011.2904              272.3622741699218750
2011.3726              271.8836669921875000
2011.4575              271.5782165527343750
2011.5397              271.7867126464843750
2011.6246              271.9928588867187500
2011.7096              272.1353454589843750
2011.7917              272.2188110351562500
2011.8767              272.2600708007812500
2011.9589              272.2508544921875000
2012.0437              272.2325744628906250
2012.1257              272.3638305664062500
2012.2076              272.4778137207031250
2012.2924              272.2807922363281250
2012.3743              271.7624511718750000
2012.4590              271.6559753417968750
2012.5410              272.0136413574218750
2012.6257              272.2283020019531250
2012.7103              272.3752136230468750
2012.7924              272.4491882324218750
2012.8771              272.4474792480468750
2012.9590              272.3973693847656250
2013.0438              272.3718872070312500
2013.1260              272.7594909667968750
2013.2054              272.8703308105468750
2013.2904              272.5044250488281250
2013.3726              272.0832824707031250
2013.4575              271.5800781250000000
2013.5397              271.7622070312500000
2013.6246              272.0745849609375000
2013.7096              272.2094116210937500
2013.7917              272.3056030273437500
2013.8767              272.3036804199218750
2013.9589              272.2571411132812500
2014.0438              272.2633972167968750
2014.1260              272.5747985839843750
2014.2054              272.5406188964843750
2014.2904              272.1630554199218750
2014.3726              271.7055969238281250
2014.4575              271.6255493164062500
2014.5397              271.7444152832031250
2014.6246              271.9476623535156250
2014.7096              272.1133728027343750
2014.7917              272.2044982910156250
2014.8767              272.2155456542968750
2014.9589              272.1971435546875000
2015.0438              272.1690673828125000
2015.1260              272.3549499511718750
2015.2054              272.4276428222656250
2015.2904              272.1179809570312500
2015.3726              271.6386413574218750
2015.4575              271.5965270996093750
2015.5397              271.7839355468750000
2015.6246              272.0746765136718750
2015.7096              272.1700134277343750
2015.7917              272.2550048828125000
2015.8767              272.2501831054687500
2015.9589              272.2109680175781250
2016.0437              272.1702575683593750
2016.1257              272.1595458984375000
2016.2076              272.2040405273437500
2016.2924              272.1759338378906250
2016.3743              272.1452026367187500
2016.4590              272.1801452636718750
2016.5410              272.2160339355468750
2016.6257              272.2384948730468750
2016.7103              272.3518676757812500
2016.7924              272.4086608886718750
2016.8771              272.3624572753906250
2016.9590              272.2964172363281250
2017.0438              272.2298889160156250
2017.1260              272.4135437011718750
2017.2054              272.5626831054687500
2017.2904              272.3118591308593750
2017.3726              271.6794433593750000
2017.4575              271.5896301269531250
2017.5397              271.7526245117187500
2017.6246              271.9530334472656250
2017.7096              272.0903015136718750
2017.7917              272.1900024414062500
2017.8767              272.2178649902343750
2017.9589              272.1952209472656250
2018.0438              272.1748962402343750
2018.1260              272.4020080566406250
2018.2054              272.5823669433593750
2018.2904              272.2757568359375000
2018.3726              271.6543884277343750
2018.4575              271.7592163085937500
2018.5397              271.9954528808593750
2018.6246              272.1471862792968750
2018.7096              272.2641906738281250
2018.7917              272.3655700683593750
2018.8767              272.3695983886718750
2018.9589              272.3262329101562500
2019.0438              272.2847595214843750
2019.1260              272.2603759765625000
2019.2054              272.3638305664062500
2019.2904              272.1938476562500000
2019.3726              271.7218627929687500
2019.4575              271.6894531250000000
2019.5397              271.8294677734375000
2019.6246              272.0198059082031250
2019.7096              272.1231384277343750
2019.7917              272.1973266601562500
2019.8767              272.2053222656250000
2019.9589              272.1787719726562500
2020.0437              272.1578979492187500
2020.1257              272.2647705078125000
2020.2076              272.4192504882812500
2020.2924              272.0878601074218750
2020.3743              271.6958007812500000
2020.4590              271.8646240234375000
2020.5410              272.0635070800781250
2020.6257              272.1093750000000000
2020.7103              272.1849060058593750
2020.7924              272.2455749511718750
2020.8771              272.2487182617187500
2020.9590              272.2314147949218750
2021.0438              272.3246459960937500
2021.1260              272.6962280273437500
2021.2054              272.8268432617187500
2021.2904              272.5462646484375000
2021.3726              272.0585937500000000
2021.4575              271.5183410644531250
2021.5397              271.6696472167968750
2021.6246              271.8781433105468750
2021.7096              272.1213073730468750
2021.7917              272.1983642578125000
2021.8767              272.2456054687500000
2021.9589              272.2270812988281250
2022.0438              272.2466735839843750
2022.1260              272.5646057128906250
2022.2054              272.6064758300781250
2022.2904              272.2700195312500000
2022.3726              271.8467712402343750
2022.4575              271.4967041015625000
2022.5397              271.6621093750000000
2022.6246              272.0409545898437500
2022.7096              272.3132934570312500
2022.7917              272.3518371582031250
2022.8767              272.3428649902343750
2022.9589              272.3086242675781250
2023.0438              272.2863464355468750
2023.1260              272.5497741699218750
2023.2054              272.5803222656250000
2023.2904              272.3309631347656250
2023.3726              271.9628906250000000
2023.4575              271.6333618164062500
2023.5397              271.7821044921875000
2023.6246              271.9315490722656250
2023.7096              272.0131225585937500
2023.7917              272.1063842773437500
2023.8767              272.0845336914062500
2023.9589              272.0534362792968750
2024.0437              272.0684814453125000
2024.1257              272.4154968261718750
2024.2076              272.3807067871093750
2024.2924              272.1406250000000000
2024.3743              271.8042602539062500
2024.4590              271.5212402343750000
2024.5410              271.6140747070312500
2024.6257              271.9186401367187500
2024.7103              272.2195434570312500
2024.7924              272.3717651367187500
2024.8771              272.3925170898437500
2024.9590              272.3526916503906250
2025.0438              272.3207092285156250
2025.1260              272.5961608886718750
2025.2054              272.6828613281250000
2025.2904              272.4329528808593750
2025.3726              271.9631347656250000
2025.4575              271.5964660644531250
2025.5397              271.7256774902343750
2025.6246              271.9117126464843750
2025.7096              271.9683227539062500
2025.7917              272.0208129882812500
2025.8767              272.0631103515625000
2025.9589              272.0697631835937500
2026.0438              272.0580444335937500
2026.1260              272.2036437988281250
2026.2054              272.3472595214843750
2026.2904              272.1210632324218750
2026.3726              271.7415466308593750
2026.4575              271.6180419921875000
2026.5397              271.8526000976562500
2026.6246              271.9480590820312500
2026.7096              271.9799194335937500
2026.7917              272.0143737792968750
2026.8767              272.0606689453125000
2026.9589              272.0213317871093750
2027.0438              272.0088806152343750
2027.1260              272.3747558593750000
2027.2054              272.4971313476562500
2027.2904              272.1770629882812500
2027.3726              271.6534423828125000
2027.4575              271.5419311523437500
2027.5397              271.6925659179687500
2027.6246              271.8263854980468750
2027.7096              271.9050292968750000
2027.7917              271.9781494140625000
2027.8767              272.0038146972656250
2027.9589              272.0008544921875000
2028.0437              271.9968566894531250
2028.1257              272.0690002441406250
2028.2076              272.3239135742187500
2028.2924              272.1736145019531250
2028.3743              271.7400817871093750
2028.4590              271.5802001953125000
2028.5410              271.7822875976562500
2028.6257              271.9991455078125000
2028.7103              272.1407775878906250
2028.7924              272.2674255371093750
2028.8771              272.2908630371093750
2028.9590              272.2726440429687500
2029.0438              272.2704467773437500
2029.1260              272.5614013671875000
2029.2054              272.6823425292968750
2029.2904              272.3654785156250000
2029.3726              271.9196777343750000
2029.4575              271.5549621582031250
2029.5397              271.8243408203125000
2029.6246              272.0196228027343750
2029.7096              272.1151123046875000
2029.7917              272.2113037109375000
2029.8767              272.2672729492187500
2029.9589              272.2839965820312500
2030.0438              272.2796936035156250
2030.1260              272.4212341308593750
2030.2054              272.4652099609375000
2030.2904              272.2077026367187500
2030.3726              271.8381652832031250
2030.4575              271.9595642089843750
2030.5397              272.1394958496093750
2030.6246              272.2025756835937500
2030.7096              272.3458251953125000
2030.7917              272.4546203613281250
2030.8767              272.4595947265625000
2030.9589              272.4313659667968750
2031.0438              272.5164184570312500
2031.1260              272.8392028808593750
2031.2054              272.8616638183593750
2031.2904              272.4947204589843750
2031.3726              271.9779663085937500
2031.4575              271.6125488281250000
2031.5397              271.9578247070312500
2031.6246              272.1556396484375000
2031.7096              272.2709350585937500
2031.7917              272.3083496093750000
2031.8767              272.3059082031250000
2031.9589              272.2886047363281250
2032.0437              272.2667846679687500
2032.1257              272.4556579589843750
2032.2076              272.4790039062500000
2032.2924              272.1516113281250000
2032.3743              271.7375488281250000
2032.4590              271.6601257324218750
2032.5410              271.9357604980468750
2032.6257              272.1262207031250000
2032.7103              272.2509460449218750
2032.7924              272.3274841308593750
2032.8771              272.3254699707031250
2032.9590              272.2956237792968750
2033.0438              272.2740173339843750
2033.1260              272.4442138671875000
2033.2054              272.5386352539062500
2033.2904              272.2995605468750000
2033.3726              271.9545593261718750
2033.4575              271.5827026367187500
2033.5397              271.7959899902343750
2033.6246              272.0447692871093750
2033.7096              272.1642150878906250
2033.7917              272.2891235351562500
2033.8767              272.3222656250000000
2033.9589              272.3253784179687500
2034.0438              272.3183898925781250
2034.1260              272.5201416015625000
2034.2054              272.5419921875000000
2034.2904              272.2883300781250000
2034.3726              271.8507385253906250
2034.4575              271.8005371093750000
2034.5397              272.1025085449218750
2034.6246              272.3368530273437500
2034.7096              272.4600524902343750
2034.7917              272.5587158203125000
2034.8767              272.5497436523437500
2034.9589              272.4922485351562500
2035.0438              272.4899902343750000
2035.1260              272.8700256347656250
2035.2054              272.9460449218750000
2035.2904              272.5863647460937500
2035.3726              272.0241394042968750
2035.4575              271.5764770507812500
2035.5397              271.7482604980468750
2035.6246              272.0407409667968750
2035.7096              272.1991271972656250
2035.7917              272.2617492675781250
2035.8767              272.2584838867187500
2035.9589              272.2241821289062500
2036.0437              272.2272949218750000
2036.1257              272.5375366210937500
2036.2076              272.6125488281250000
2036.2924              272.3651733398437500
2036.3743              271.9582214355468750
2036.4590              271.5997619628906250
2036.5410              271.7957153320312500
2036.6257              271.9776611328125000
2036.7103              272.1103210449218750
2036.7924              272.1848144531250000
2036.8771              272.2692871093750000
2036.9590              272.2268981933593750
2037.0438              272.1906738281250000
2037.1260              272.3880920410156250
2037.2054              272.3954772949218750
2037.2904              272.0592956542968750
2037.3726              271.5485534667968750
2037.4575              271.6842651367187500
2037.5397              271.7451171875000000
2037.6246              271.9256896972656250
2037.7096              272.0077209472656250
2037.7917              272.0527038574218750
2037.8767              272.0634765625000000
2037.9589              272.0358276367187500
2038.0438              272.0211181640625000
2038.1260              272.0691223144531250
2038.2054              272.1597595214843750
2038.2904              271.8321533203125000
2038.3726              271.5859375000000000
2038.4575              271.7382202148437500
2038.5397              271.8417663574218750
2038.6246              271.9848632812500000
2038.7096              272.0660705566406250
2038.7917              272.1250610351562500
2038.8767              272.1448974609375000
2038.9589              272.1211853027343750
2039.0438              272.0990295410156250
2039.1260              272.2826843261718750
2039.2054              272.4370727539062500
2039.2904              272.2624206542968750
2039.3726              271.8750000000000000
2039.4575              271.7108764648437500
2039.5397              271.9641418457031250
2039.6246              272.3314208984375000
2039.7096              272.4923400878906250
2039.7917              272.5537109375000000
2039.8767              272.5403137207031250
2039.9589              272.4841918945312500
2040.0437              272.6865234375000000
2040.1257              273.0618896484375000
2040.2076              273.1252136230468750
2040.2924              272.7727050781250000
2040.3743              271.9626770019531250
2040.4590              271.6265563964843750
2040.5410              271.8675537109375000
2040.6257              272.0480957031250000
2040.7103              272.1995239257812500
2040.7924              272.3312988281250000
2040.8771              272.3366088867187500
2040.9590              272.3110351562500000
2041.0438              272.4193725585937500
2041.1260              272.9229431152343750
2041.2054              273.0473327636718750
2041.2904              272.7739257812500000
2041.3726              272.2233276367187500
2041.4575              271.7122802734375000
2041.5397              271.7961730957031250
2041.6246              271.9949035644531250
2041.7096              272.0771484375000000
2041.7917              272.1543273925781250
2041.8767              272.1404418945312500
2041.9589              272.0973205566406250
2042.0438              272.0780029296875000
2042.1260              272.3799133300781250
2042.2054              272.4851379394531250
2042.2904              272.2780761718750000
2042.3726              271.9444580078125000
2042.4575              271.5881042480468750
2042.5397              271.7196655273437500
2042.6246              271.8793029785156250
2042.7096              272.0202026367187500
2042.7917              272.0767517089843750
2042.8767              272.0798645019531250
2042.9589              272.0679931640625000
2043.0438              272.1000061035156250
2043.1260              272.4849243164062500
2043.2054              272.6542358398437500
2043.2904              272.4331054687500000
2043.3726              271.9964904785156250
2043.4575              271.5078430175781250
2043.5397              271.6898193359375000
2043.6246              271.9093017578125000
2043.7096              272.0306396484375000
2043.7917              272.1205139160156250
2043.8767              272.1430664062500000
2043.9589              272.1263427734375000
2044.0437              272.1663818359375000
2044.1257              272.5673217773437500
2044.2076              272.6843872070312500
2044.2924              272.4435424804687500
2044.3743              271.8640747070312500
2044.4590              271.5686950683593750
2044.5410              271.7705688476562500
2044.6257              272.0166625976562500
2044.7103              272.1205139160156250
2044.7924              272.1987304687500000
2044.8771              272.2215576171875000
2044.9590              272.2089233398437500
2045.0438              272.1938171386718750
2045.1260              272.2842407226562500
2045.2054              272.4381103515625000
2045.2904              272.3157043457031250
2045.3726              271.9823913574218750
2045.4575              271.6454772949218750
2045.5397              271.8811035156250000
2045.6246              272.1094360351562500
2045.7096              272.2621459960937500
2045.7917              272.3158569335937500
2045.8767              272.3125610351562500
2045.9589              272.2829284667968750
2046.0438              272.2461547851562500
2046.1260              272.5054931640625000
2046.2054              272.6369934082031250
2046.2904              272.5003356933593750
2046.3726              272.1089782714843750
2046.4575              271.6556701660156250
2046.5397              271.6081542968750000
2046.6246              271.8283386230468750
2046.7096              272.0805358886718750
2046.7917              272.1464233398437500
2046.8767              272.1575317382812500
2046.9589              272.1562500000000000
2047.0438              272.2350769042968750
2047.1260              272.6482543945312500
2047.2054              272.7696228027343750
2047.2904              272.4406738281250000
2047.3726              272.0273437500000000
2047.4575              271.5088500976562500
2047.5397              271.7095947265625000
2047.6246              271.8575439453125000
2047.7096              272.0110778808593750
2047.7917              272.0256652832031250
2047.8767              272.0300292968750000
2047.9589              272.0099182128906250
2048.0437              271.9820861816406250
2048.1257              272.2805786132812500
2048.2078              272.5373535156250000
2048.2922              272.4295654296875000
2048.3743              271.9276733398437500
2048.4590              271.5934143066406250
2048.5410              271.8035888671875000
2048.6257              272.0024414062500000
2048.7104              272.1249694824218750
2048.7922              272.1841430664062500
2048.8770              272.1626586914062500
2048.9590              272.1167602539062500
2049.0439              272.2590942382812500
2049.1260              272.6425476074218750
2049.2056              272.7300415039062500
2049.2905              272.4466552734375000
2049.3726              271.9785461425781250
2049.4575              271.5908203125000000
2049.5398              271.6622924804687500
2049.6248              271.7722167968750000
2049.7095              271.9222717285156250
2049.7917              272.0320434570312500
2049.8767              272.0602722167968750
2049.9590              272.0332031250000000
2050.0439              272.0895996093750000
2050.1260              272.5002441406250000
2050.2056              272.6811523437500000
2050.2905              272.3995666503906250
2050.3726              272.0184326171875000
2050.4575              271.6167907714843750
2050.5398              271.8888854980468750
2050.6248              272.2098999023437500
2050.7095              272.3742675781250000
2050.7917              272.4678955078125000
2050.8767              272.4774169921875000
2050.9590              272.4096069335937500
2051.0439              272.3317260742187500
2051.1260              272.3943176269531250
2051.2056              272.4974975585937500
2051.2905              272.2955017089843750
2051.3726              271.9218444824218750
2051.4575              271.6753234863281250
2051.5398              271.9035034179687500
2051.6248              272.0602416992187500
2051.7095              272.1914978027343750
2051.7917              272.3238830566406250
2051.8767              272.3317565917968750
2051.9590              272.2749633789062500
2052.0437              272.3561706542968750
2052.1257              272.8270874023437500
2052.2078              272.9628295898437500
2052.2922              272.7139587402343750
2052.3743              272.2672729492187500
2052.4590              271.8172302246093750
2052.5410              271.4963378906250000
2052.6257              271.7579956054687500
2052.7104              271.9976501464843750
2052.7922              272.0344848632812500
2052.8770              272.0180969238281250
2052.9590              271.9870605468750000
2053.0439              272.1346435546875000
2053.1260              272.5783386230468750
2053.2056              272.6617126464843750
2053.2905              272.3926696777343750
2053.3726              271.9596862792968750
2053.4575              271.5996093750000000
2053.5398              271.7296447753906250
2053.6248              271.9707336425781250
2053.7095              272.1198120117187500
2053.7917              272.1710205078125000
2053.8767              272.1643981933593750
2053.9590              272.1485900878906250
2054.0439              272.2565002441406250
2054.1260              272.6823730468750000
2054.2056              272.7263793945312500
2054.2905              272.4526977539062500
2054.3726              271.8649902343750000
2054.4575              271.6372680664062500
2054.5398              271.8287048339843750
2054.6248              272.0335998535156250
2054.7095              272.2183837890625000
2054.7917              272.2409667968750000
2054.8767              272.2280883789062500
2054.9590              272.2031250000000000
2055.0439              272.1740417480468750
2055.1260              272.2733459472656250
2055.2056              272.4259643554687500
2055.2905              272.3346557617187500
2055.3726              272.0155334472656250
2055.4575              271.6372680664062500
2055.5398              271.8397216796875000
2055.6248              272.0370788574218750
2055.7095              272.2512207031250000
2055.7917              272.3336791992187500
2055.8767              272.3152160644531250
2055.9590              272.2665100097656250
2056.0437              272.2536621093750000
2056.1257              272.5954589843750000
2056.2078              272.7283020019531250
2056.2922              272.6152648925781250
2056.3743              272.1566162109375000
2056.4590              271.6210632324218750
2056.5410              271.6769104003906250
2056.6257              272.0335998535156250
2056.7104              272.1906433105468750
2056.7922              272.2995910644531250
2056.8770              272.3154602050781250
2056.9590              272.2901306152343750
2057.0439              272.2494201660156250
2057.1260              272.3801879882812500
2057.2056              272.5480651855468750
2057.2905              272.2836914062500000
2057.3726              271.8527832031250000
2057.4575              271.6007690429687500
2057.5398              271.8479309082031250
2057.6248              272.1145935058593750
2057.7095              272.2574768066406250
2057.7917              272.3436584472656250
2057.8767              272.3435058593750000
2057.9590              272.3096923828125000
2058.0439              272.2949218750000000
2058.1260              272.6011962890625000
2058.2056              272.7031555175781250
2058.2905              272.5121154785156250
2058.3726              272.0639953613281250
2058.4575              271.5898132324218750
2058.5398              271.8087768554687500
2058.6248              272.1097412109375000
2058.7095              272.2823486328125000
2058.7917              272.4112548828125000
2058.8767              272.4161987304687500
2058.9590              272.3816223144531250
2059.0439              272.3970642089843750
2059.1260              272.7801208496093750
2059.2056              272.9324340820312500
2059.2905              272.6054992675781250
2059.3726              272.1117553710937500
2059.4575              271.6614990234375000
2059.5398              271.9346008300781250
2059.6248              272.2565307617187500
2059.7095              272.3442077636718750
2059.7917              272.4134826660156250
2059.8767              272.4383544921875000
2059.9590              272.4147338867187500
2060.0437              272.4295654296875000
2060.1257              272.8155517578125000
2060.2078              272.8546447753906250
2060.2922              272.6434326171875000
2060.3743              272.1827087402343750
2060.4590              271.6781005859375000
2060.5410              271.8606567382812500
2060.6257              271.9335632324218750
2060.7104              272.1297912597656250
2060.7922              272.2087707519531250
2060.8770              272.2875976562500000
2060.9590              272.2857971191406250
2061.0439              272.2830200195312500
2061.1260              272.6438903808593750
2061.2056              272.9070739746093750
2061.2905              272.6561584472656250
2061.3726              272.0768432617187500
2061.4575              271.6458740234375000
2061.5398              271.9528503417968750
2061.6248              272.2775573730468750
2061.7095              272.4118957519531250
2061.7917              272.5068664550781250
2061.8767              272.5240478515625000
2061.9590              272.4945983886718750
2062.0439              272.4533691406250000
2062.1260              272.7295532226562500
2062.2056              272.9278869628906250
2062.2905              272.6923217773437500
2062.3726              272.2596435546875000
2062.4575              271.6772766113281250
2062.5398              271.7630004882812500
2062.6248              272.0039062500000000
2062.7095              272.2056884765625000
2062.7917              272.3079833984375000
2062.8767              272.3486633300781250
2062.9590              272.3532409667968750
2063.0439              272.3412780761718750
2063.1260              272.5930175781250000
2063.2056              272.7279663085937500
2063.2905              272.5344848632812500
2063.3726              272.1822509765625000
2063.4575              271.7798156738281250
2063.5398              271.5853576660156250
2063.6248              271.8788452148437500
2063.7095              272.1139831542968750
2063.7917              272.1924133300781250
2063.8767              272.2283020019531250
2063.9590              272.2212219238281250
2064.0437              272.2042541503906250
2064.1257              272.5292053222656250
2064.2078              272.7612915039062500
2064.2922              272.5356750488281250
2064.3743              272.1459960937500000
2064.4590              271.7508544921875000
2064.5410              271.7679443359375000
2064.6257              271.9263610839843750
2064.7104              272.0602416992187500
2064.7922              272.1725769042968750
2064.8770              272.2473449707031250
2064.9590              272.2295532226562500
2065.0439              272.2279663085937500
2065.1260              272.5484313964843750
2065.2056              272.8619384765625000
2065.2905              272.6926879882812500
2065.3726              272.2080078125000000
2065.4575              271.6300354003906250
2065.5398              271.7919921875000000
2065.6248              271.9320983886718750
2065.7095              272.0497131347656250
2065.7917              272.1585998535156250
2065.8767              272.1974487304687500
2065.9590              272.1869506835937500
2066.0439              272.3928833007812500
2066.1260              272.8907165527343750
2066.2056              272.9407958984375000
2066.2905              272.5950927734375000
2066.3726              272.1051025390625000
2066.4575              271.6960449218750000
2066.5398              271.8383178710937500
2066.6248              271.9396972656250000
2066.7095              272.0024108886718750
2066.7917              272.0344543457031250
2066.8767              272.0379943847656250
2066.9590              272.0284423828125000
2067.0439              272.0129394531250000
2067.1260              272.1130981445312500
2067.2056              272.2907714843750000
2067.2905              272.1795043945312500
2067.3726              271.8593444824218750
2067.4575              271.6912231445312500
2067.5398              271.8974609375000000
2067.6248              272.1387634277343750
2067.7095              272.2929077148437500
2067.7917              272.4418640136718750
2067.8767              272.4609069824218750
2067.9590              272.4190063476562500
2068.0437              272.3656311035156250
2068.1257              272.4624023437500000
2068.2078              272.4815673828125000
2068.2922              272.3036804199218750
2068.3743              272.1254272460937500
2068.4590              271.6765441894531250
2068.5410              271.7842712402343750
2068.6257              271.9993591308593750
2068.7104              272.1997985839843750
2068.7922              272.3281555175781250
2068.8770              272.3896484375000000
2068.9590              272.3705444335937500
2069.0439              272.3882141113281250
2069.1260              272.8455200195312500
2069.2056              273.0402832031250000
2069.2905              272.8913574218750000
2069.3726              272.5573120117187500
2069.4575              272.1541137695312500
2069.5398              271.6212768554687500
2069.6248              271.7672119140625000
2069.7095              271.9700012207031250
2069.7917              272.1149597167968750
2069.8767              272.1519775390625000
2069.9590              272.1571044921875000
2070.0439              272.3162841796875000
2070.1260              272.8603820800781250
2070.2056              273.1098632812500000
2070.2905              272.9415893554687500
2070.3726              272.4935607910156250
2070.4575              271.8854064941406250
2070.5398              271.6428833007812500
2070.6248              272.0233459472656250
2070.7095              272.2426757812500000
2070.7917              272.3294982910156250
2070.8767              272.3401489257812500
2070.9590              272.3565063476562500
2071.0439              272.4155883789062500
2071.1260              272.8254394531250000
2071.2056              273.0379943847656250
2071.2905              272.8897705078125000
2071.3726              272.5151977539062500
2071.4575              271.8829345703125000
2071.5398              271.6665344238281250
2071.6248              271.9404907226562500
2071.7095              272.2059936523437500
2071.7917              272.3439636230468750
2071.8767              272.3887023925781250
2071.9590              272.3988952636718750
2072.0437              272.6394958496093750
2072.1257              273.1735839843750000
2072.2078              273.1868286132812500
2072.2922              272.8590698242187500
2072.3743              272.3820495605468750
2072.4590              271.7649230957031250
2072.5410              271.9697570800781250
2072.6257              272.1847534179687500
2072.7104              272.2957458496093750
2072.7922              272.3857421875000000
2072.8770              272.4077453613281250
2072.9590              272.3668518066406250
2073.0439              272.6860351562500000
2073.1260              273.2731323242187500
2073.2056              273.3039550781250000
2073.2905              273.0454711914062500
2073.3726              272.5185546875000000
2073.4575              272.0907592773437500
2073.5398              271.6945495605468750
2073.6248              271.8583679199218750
2073.7095              272.1831359863281250
2073.7917              272.2818908691406250
2073.8767              272.2751159667968750
2073.9590              272.2586059570312500
2074.0439              272.5171203613281250
2074.1260              273.1295776367187500
2074.2056              273.2095642089843750
2074.2905              272.9191894531250000
2074.3726              272.4413146972656250
2074.4575              271.8737182617187500
2074.5398              271.6719055175781250
2074.6248              271.8675842285156250
2074.7095              271.9844665527343750
2074.7917              272.1088256835937500
2074.8767              272.1537780761718750
2074.9590              272.1427001953125000
2075.0439              272.1892700195312500
2075.1260              272.6408691406250000
2075.2056              272.7984008789062500
2075.2905              272.5966796875000000
2075.3726              272.2470092773437500
2075.4575              271.8519287109375000
2075.5398              271.5997619628906250
2075.6248              271.9136962890625000
2075.7095              272.1510925292968750
2075.7917              272.3411865234375000
2075.8767              272.3550109863281250
2075.9590              272.3472900390625000
2076.0437              272.5559692382812500
2076.1257              273.1259765625000000
2076.2078              273.2379150390625000
2076.2922              273.0162353515625000
2076.3743              272.6927490234375000
2076.4590              272.1818542480468750
2076.5410              271.9049682617187500
2076.6257              271.7083435058593750
2076.7104              271.5884704589843750
2076.7922              271.7713623046875000
2076.8770              271.8473205566406250
2076.9590              271.8830261230468750
2077.0439              272.2820129394531250
2077.1260              272.8644714355468750
2077.2056              272.9928283691406250
2077.2905              272.8539123535156250
2077.3726              272.3861999511718750
2077.4575              271.7973022460937500
2077.5398              271.7907714843750000
2077.6248              271.9458923339843750
2077.7095              272.0531616210937500
2077.7917              272.1036376953125000
2077.8767              272.1288146972656250
2077.9590              272.0907287597656250
2078.0439              272.0642395019531250
2078.1260              272.4389953613281250
2078.2056              272.6795959472656250
2078.2905              272.5601196289062500
2078.3726              272.2140808105468750
2078.4575              271.6519470214843750
2078.5398              271.7146606445312500
2078.6248              271.9506835937500000
2078.7095              272.1840515136718750
2078.7917              272.3074951171875000
2078.8767              272.3223571777343750
2078.9590              272.2830505371093750
2079.0439              272.3532104492187500
2079.1260              272.7826232910156250
2079.2056              272.9097595214843750
2079.2905              272.6697387695312500
2079.3726              272.2360534667968750
2079.4575              271.6181335449218750
2079.5398              271.7063293457031250
2079.6248              272.0369567871093750
2079.7095              272.2164306640625000
2079.7917              272.3078918457031250
2079.8767              272.3323974609375000
2079.9590              272.3067321777343750
2080.0437              272.3963317871093750
2080.1257              272.9237365722656250
2080.2078              273.1113891601562500
2080.2922              273.0065917968750000
2080.3743              272.6351623535156250
2080.4590              272.2091979980468750
2080.5410              271.9122314453125000
2080.6257              271.7296447753906250
2080.7104              272.1049194335937500
2080.7922              272.4142150878906250
2080.8770              272.3970336914062500
2080.9590              272.3408813476562500
2081.0439              272.5351562500000000
2081.1260              273.0996704101562500
2081.2056              273.1792297363281250
2081.2905              272.9309997558593750
2081.3726              272.4286193847656250
2081.4575              271.8181152343750000
2081.5398              271.7601318359375000
2081.6248              272.1674804687500000
2081.7095              272.3258666992187500
2081.7917              272.3638305664062500
2081.8767              272.3793334960937500
2081.9590              272.3408203125000000
2082.0439              272.4178466796875000
2082.1260              273.0040588378906250
2082.2056              273.1622314453125000
2082.2905              273.0030517578125000
2082.3726              272.4956665039062500
2082.4575              271.9875183105468750
2082.5398              271.5917053222656250
2082.6248              271.6395874023437500
2082.7095              271.8098144531250000
2082.7917              272.0164489746093750
2082.8767              272.1006164550781250
2082.9590              272.1167297363281250
2083.0439              272.4698791503906250
2083.1260              273.1767883300781250
2083.2056              273.3541259765625000
2083.2905              273.1318054199218750
2083.3726              272.8289184570312500
2083.4575              272.2814941406250000
2083.5398              271.7583923339843750
2083.6248              271.5910644531250000
2083.7095              271.7685852050781250
2083.7917              271.9204406738281250
2083.8767              272.0353698730468750
2083.9590              272.0500488281250000
2084.0437              272.1600952148437500
2084.1257              272.7750549316406250
2084.2078              273.0428161621093750
2084.2922              272.9046020507812500
2084.3743              272.4786987304687500
2084.4590              271.9328002929687500
2084.5410              271.6369934082031250
2084.6257              271.6275634765625000
2084.7104              271.9996337890625000
2084.7922              272.2909851074218750
2084.8770              272.3734130859375000
2084.9590              272.3588562011718750
2085.0439              272.3695678710937500
2085.1260              272.8387451171875000
2085.2056              273.0593872070312500
2085.2905              272.8161621093750000
2085.3726              272.2810363769531250
2085.4575              271.8073730468750000
2085.5398              271.5564880371093750
2085.6248              271.8485412597656250
2085.7095              272.1408691406250000
2085.7917              272.2473449707031250
2085.8767              272.2794494628906250
2085.9590              272.2923278808593750
2086.0439              272.3960571289062500
2086.1260              272.8265075683593750
2086.2056              272.9866943359375000
2086.2905              272.8103942871093750
2086.3726              272.4520874023437500
2086.4575              272.1909484863281250
2086.5398              271.7134704589843750
2086.6248              271.7344665527343750
2086.7095              272.0557556152343750
2086.7917              272.2341003417968750
2086.8767              272.2670898437500000
2086.9590              272.2460632324218750
2087.0439              272.3128356933593750
2087.1260              272.8848571777343750
2087.2056              273.1128234863281250
2087.2905              272.8847351074218750
2087.3726              272.4605407714843750
2087.4575              271.9734802246093750
2087.5398              271.6328125000000000
2087.6248              271.9855041503906250
2087.7095              272.2409667968750000
2087.7917              272.3236389160156250
2087.8767              272.3026123046875000
2087.9590              272.2586364746093750
2088.0437              272.2357177734375000
2088.1257              272.5769348144531250
2088.2078              272.8281555175781250
2088.2922              272.7655334472656250
2088.3743              272.2628173828125000
2088.4590              271.7817687988281250
2088.5410              271.6069335937500000
2088.6257              271.7967834472656250
2088.7104              271.9521484375000000
2088.7922              272.0658569335937500
2088.8770              272.1149291992187500
2088.9590              272.1015625000000000
2089.0439              272.4489746093750000
2089.1260              273.0534057617187500
2089.2056              273.2339172363281250
2089.2905              273.0353088378906250
2089.3726              272.4872741699218750
2089.4575              271.9769287109375000
2089.5398              271.6967773437500000
2089.6248              272.0887756347656250
2089.7095              272.3112487792968750
2089.7917              272.3933410644531250
2089.8767              272.3587341308593750
2089.9590              272.3045959472656250
2090.0439              272.3875732421875000
2090.1260              272.9204406738281250
2090.2056              273.1716613769531250
2090.2905              273.0634765625000000
2090.3726              272.6421203613281250
2090.4575              272.0641479492187500
2090.5398              271.6043090820312500
2090.6248              271.7286682128906250
2090.7095              271.9732055664062500
2090.7917              272.1166687011718750
2090.8767              272.1683654785156250
2090.9590              272.2228088378906250
2091.0439              272.4548034667968750
2091.1260              272.9926147460937500
2091.2056              273.1504211425781250
2091.2905              273.0188903808593750
2091.3726              272.7260131835937500
2091.4575              272.3555908203125000
2091.5398              271.7916259765625000
2091.6248              271.7890319824218750
2091.7095              272.0183105468750000
2091.7917              272.1112365722656250
2091.8767              272.1413879394531250
2091.9590              272.1273193359375000
2092.0437              272.2144775390625000
2092.1257              272.7261047363281250
2092.2078              272.9514160156250000
2092.2922              272.7710266113281250
2092.3743              272.4826049804687500
2092.4590              272.0415039062500000
2092.5410              271.5769653320312500
2092.6257              271.8304748535156250
2092.7104              271.9926452636718750
2092.7922              272.0557556152343750
2092.8770              272.0779113769531250
2092.9590              272.0723266601562500
2093.0439              272.2693176269531250
2093.1260              272.7973632812500000
2093.2056              272.9306335449218750
2093.2905              272.7872314453125000
2093.3726              272.2386474609375000
2093.4575              271.6873779296875000
2093.5398              271.6201782226562500
2093.6248              271.9019775390625000
2093.7095              272.0586547851562500
2093.7917              272.1470031738281250
2093.8767              272.1744384765625000
2093.9590              272.1596374511718750
2094.0439              272.2928466796875000
2094.1260              272.7268981933593750
2094.2056              272.8204956054687500
2094.2905              272.6539306640625000
2094.3726              272.3399963378906250
2094.4575              271.8958740234375000
2094.5398              271.6475830078125000
2094.6248              271.8551635742187500
2094.7095              272.1220703125000000
2094.7917              272.2424011230468750
2094.8767              272.2652587890625000
2094.9590              272.2747497558593750
2095.0439              272.3917846679687500
2095.1260              272.9104919433593750
2095.2056              273.1380615234375000
2095.2905              273.0093383789062500
2095.3726              272.5715942382812500
2095.4575              272.1763916015625000
2095.5398              271.9126281738281250
2095.6248              271.7823486328125000
2095.7095              272.0726928710937500
2095.7917              272.2276306152343750
2095.8767              272.2690429687500000
2095.9590              272.2558593750000000
2096.0437              272.3461608886718750
2096.1257              272.8345642089843750
2096.2078              273.0235595703125000
2096.2922              272.7903747558593750
2096.3743              272.3927001953125000
2096.4590              271.9600524902343750
2096.5410              271.7637939453125000
2096.6257              271.8889160156250000
2096.7104              271.9385070800781250
2096.7922              271.9972839355468750
2096.8770              271.9956054687500000
2096.9590              271.9792175292968750
2097.0439              271.9649353027343750
2097.1260              272.1086120605468750
2097.2056              272.3069763183593750
2097.2905              272.2380676269531250
2097.3726              272.0028076171875000
2097.4575              271.7463378906250000
2097.5398              271.9840087890625000
2097.6248              272.0773315429687500
2097.7095              272.1655273437500000
2097.7917              272.2191467285156250
2097.8767              272.1965637207031250
2097.9590              272.1559753417968750
2098.0439              272.1943664550781250
2098.1260              272.6880187988281250
2098.2056              272.9035339355468750
2098.2905              272.8097534179687500
2098.3726              272.4346618652343750
2098.4575              272.1508789062500000
2098.5398              271.8282165527343750
2098.6248              271.7782592773437500
2098.7095              271.9760742187500000
2098.7917              272.0162658691406250
2098.8767              272.0338439941406250
2098.9590              272.0808105468750000
2099.0439              272.5675659179687500
2099.1260              273.1225891113281250
2099.2056              273.2530517578125000
2099.2905              272.9970092773437500
2099.3726              272.5622253417968750
2099.4575              272.1032104492187500
2099.5398              271.6806030273437500
2099.6248              271.6630859375000000
2099.7095              272.0309753417968750
2099.7917              272.2569885253906250
2099.8767              272.3566894531250000
2099.9590              272.3988647460937500
2100.0439              272.9597778320312500
2100.1260              273.4838562011718750
2100.2056              273.5732421875000000
2100.2905              273.3644104003906250
2100.3726              272.9334106445312500
2100.4575              272.3253784179687500
2100.5398              271.9261779785156250
2100.6248              271.7534484863281250
2100.7095              272.0915832519531250
2100.7917              272.2207641601562500
2100.8767              272.2396240234375000
2100.9590              272.2291870117187500
