2000.0437              274.1267395019531250
2000.1257              274.4888916015625000
2000.2076              273.9059448242187500
2000.2924              273.1644897460937500
2000.3743              272.3167724609375000
2000.4590              271.6729125976562500
2000.5410              271.6600952148437500
2000.6257              271.7382202148437500
2000.7103              271.7310485839843750
2000.7924              271.7737121582031250
2000.8771              272.5590515136718750
2000.9590              273.4838562011718750
2001.0438              274.1772460937500000
2001.1260              274.2833862304687500
2001.2054              273.7680358886718750
2001.2904              272.9053649902343750
2001.3726              271.9535522460937500
2001.4575              271.4464721679687500
2001.5397              271.3605041503906250
2001.6246              271.7428894042968750
2001.7096              271.7283020019531250
2001.7917              271.7631530761718750
2001.8767              272.5465393066406250
2001.9589              273.3824462890625000
2002.0438              273.7300109863281250
2002.1260              273.9921569824218750
2002.2054              273.6916198730468750
2002.2904              273.0164184570312500
2002.3726              272.2124633789062500
2002.4575              271.6975097656250000
2002.5397              271.4207763671875000
2002.6246              271.6158752441406250
2002.7096              271.7520141601562500
2002.7917              271.7832946777343750
2002.8767              272.3353881835937500
2002.9589              273.4157104492187500
2003.0438              273.9386291503906250
2003.1260              273.9054260253906250
2003.2054              273.5033569335937500
2003.2904              272.6515502929687500
2003.3726              271.9465332031250000
2003.4575              271.4421691894531250
2003.5397              271.6072998046875000
2003.6246              271.7392578125000000
2003.7096              271.7405090332031250
2003.7917              271.8583984375000000
2003.8767              272.5873107910156250
2003.9589              273.7785339355468750
2004.0437              274.3781127929687500
2004.1257              274.5680847167968750
2004.2076              273.8663024902343750
2004.2924              273.0906066894531250
2004.3743              272.3751831054687500
2004.4590              271.5968933105468750
2004.5410              271.6278991699218750
2004.6257              271.7394714355468750
2004.7103              271.7225341796875000
2004.7924              271.8652954101562500
2004.8771              272.4671020507812500
2004.9590              273.5037536621093750
2005.0438              274.3065185546875000
2005.1260              274.4655456542968750
2005.2054              273.7997741699218750
2005.2904              272.8274230957031250
2005.3726              272.0057983398437500
2005.4575              271.5815124511718750
2005.5397              271.6375427246093750
2005.6246              271.6633300781250000
2005.7096              271.7492065429687500
2005.7917              271.8568725585937500
2005.8767              272.4717712402343750
2005.9589              273.5309448242187500
2006.0438              274.0812072753906250
2006.1260              274.0890197753906250
2006.2054              273.5744628906250000
2006.2904              272.8302612304687500
2006.3726              271.9902954101562500
2006.4575              271.5715026855468750
2006.5397              271.6312255859375000
2006.6246              271.7525634765625000
2006.7096              271.7488708496093750
2006.7917              271.8829650878906250
2006.8767              272.6617736816406250
2006.9589              273.6305541992187500
2007.0438              274.3278198242187500
2007.1260              274.6042480468750000
2007.2054              274.1090087890625000
2007.2904              273.1083374023437500
2007.3726              271.9986877441406250
2007.4575              271.4989929199218750
2007.5397              271.6645507812500000
2007.6246              271.7497558593750000
2007.7096              271.7577819824218750
2007.7917              271.7947998046875000
2007.8767              272.6213378906250000
2007.9589              273.6695861816406250
2008.0437              274.3944702148437500
2008.1257              274.4565124511718750
2008.2076              274.1174316406250000
2008.2924              273.2732543945312500
2008.3743              272.0329284667968750
2008.4590              271.5769042968750000
2008.5410              271.7595214843750000
2008.6257              271.7352294921875000
2008.7103              271.7517700195312500
2008.7924              271.9050903320312500
2008.8771              272.6442260742187500
2008.9590              273.4203491210937500
2009.0438              274.0514526367187500
2009.1260              274.0346069335937500
2009.2054              273.6972351074218750
2009.2904              272.8336181640625000
2009.3726              272.0497131347656250
2009.4575              271.4943237304687500
2009.5397              271.6750183105468750
2009.6246              271.7612609863281250
2009.7096              271.7545471191406250
2009.7917              271.9067382812500000
2009.8767              272.6929321289062500
2009.9589              273.7367248535156250
2010.0438              274.3153991699218750
2010.1260              274.4752197265625000
2010.2054              273.9846191406250000
2010.2904              273.2868957519531250
2010.3726              272.5655822753906250
2010.4575              271.9323425292968750
2010.5397              271.6159057617187500
2010.6246              271.3245544433593750
2010.7096              271.6882934570312500
2010.7917              271.9006347656250000
2010.8767              272.7041015625000000
2010.9589              273.7265625000000000
2011.0438              274.3091735839843750
2011.1260              274.2395324707031250
2011.2054              273.8838195800781250
2011.2904              273.1389465332031250
2011.3726              272.0533447265625000
2011.4575              271.6390991210937500
2011.5397              271.6496582031250000
2011.6246              271.7184448242187500
2011.7096              271.7681274414062500
2011.7917              271.9075927734375000
2011.8767              272.5740661621093750
2011.9589              273.6627807617187500
2012.0437              274.4417419433593750
2012.1257              274.5244445800781250
2012.2076              274.0948791503906250
2012.2924              273.2287292480468750
2012.3743              272.0274658203125000
2012.4590              271.6169433593750000
2012.5410              271.6814880371093750
2012.6257              271.7048034667968750
2012.7103              271.7369689941406250
2012.7924              271.9345397949218750
2012.8771              272.6172485351562500
2012.9590              273.7603759765625000
2013.0438              274.4951782226562500
2013.1260              274.4990844726562500
2013.2054              274.0387268066406250
2013.2904              273.2508544921875000
2013.3726              272.6527404785156250
2013.4575              271.7086791992187500
2013.5397              271.4334411621093750
2013.6246              271.6723632812500000
2013.7096              271.6433105468750000
2013.7917              271.8174743652343750
2013.8767              272.5635986328125000
2013.9589              273.4516296386718750
2014.0438              274.2799682617187500
2014.1260              274.2495422363281250
2014.2054              273.8463134765625000
2014.2904              273.1090087890625000
2014.3726              272.2691955566406250
2014.4575              271.7380065917968750
2014.5397              271.7018127441406250
2014.6246              271.8046875000000000
2014.7096              271.8095703125000000
2014.7917              272.0313720703125000
2014.8767              272.7872619628906250
2014.9589              273.6925964355468750
2015.0438              274.2798156738281250
2015.1260              274.3224182128906250
2015.2054              273.7175598144531250
2015.2904              273.0876159667968750
2015.3726              272.3029785156250000
2015.4575              271.7026977539062500
2015.5397              271.5588073730468750
2015.6246              271.7197570800781250
2015.7096              271.8153381347656250
2015.7917              271.8971557617187500
2015.8767              272.7352905273437500
2015.9589              273.6765441894531250
2016.0437              274.3690185546875000
2016.1257              274.6220703125000000
2016.2076              274.2929992675781250
2016.2924              273.6217346191406250
2016.3743              272.6242980957031250
2016.4590              271.7742004394531250
2016.5410              271.5478515625000000
2016.6257              271.4720764160156250
2016.7103              271.5133666992187500
2016.7924              271.7361145019531250
2016.8771              272.4707641601562500
2016.9590              273.5418090820312500
2017.0438              274.0945129394531250
2017.1260              274.0524597167968750
2017.2054              273.4081420898437500
2017.2904              272.8929443359375000
2017.3726              272.2339782714843750
2017.4575              271.6459045410156250
2017.5397              271.4253234863281250
2017.6246              271.6745605468750000
2017.7096              271.7274169921875000
2017.7917              271.8701171875000000
2017.8767              272.5198669433593750
2017.9589              273.4757080078125000
2018.0438              274.1798400878906250
2018.1260              274.5518188476562500
2018.2054              273.8563537597656250
2018.2904              273.0784301757812500
2018.3726              272.1295166015625000
2018.4575              271.6652526855468750
2018.5397              271.7249450683593750
2018.6246              271.8150939941406250
2018.7096              271.8183593750000000
2018.7917              271.9075012207031250
2018.8767              272.5415954589843750
2018.9589              273.3436584472656250
2019.0438              274.0820922851562500
2019.1260              274.2877502441406250
2019.2054              273.8917236328125000
2019.2904              273.1005859375000000
2019.3726              272.1971130371093750
2019.4575              271.7993469238281250
2019.5397              271.7068481445312500
2019.6246              271.8117065429687500
2019.7096              271.8135070800781250
2019.7917              271.9243469238281250
2019.8767              272.5458984375000000
2019.9589              273.2695922851562500
2020.0437              273.9714355468750000
2020.1257              274.2341613769531250
2020.2076              273.5627746582031250
2020.2924              272.7526855468750000
2020.3743              271.9722900390625000
2020.4590              271.5540161132812500
2020.5410              271.7123413085937500
2020.6257              271.7924194335937500
2020.7103              271.7803955078125000
2020.7924              271.8833923339843750
2020.8771              272.6569824218750000
2020.9590              273.7651672363281250
2021.0438              274.5549621582031250
2021.1260              274.4676513671875000
2021.2054              273.9806518554687500
2021.2904              273.1937255859375000
2021.3726              272.3903503417968750
2021.4575              271.7275390625000000
2021.5397              271.5502929687500000
2021.6246              271.7799682617187500
2021.7096              271.7774353027343750
2021.7917              271.8903503417968750
2021.8767              272.5484008789062500
2021.9589              273.4828796386718750
2022.0438              273.9854125976562500
2022.1260              274.2416076660156250
2022.2054              273.9356384277343750
2022.2904              273.0477905273437500
2022.3726              272.0185241699218750
2022.4575              271.5511779785156250
2022.5397              271.8035888671875000
2022.6246              271.7889709472656250
2022.7096              271.7839660644531250
2022.7917              271.9447937011718750
2022.8767              272.8214111328125000
2022.9589              273.5258178710937500
2023.0438              274.2061157226562500
2023.1260              274.4770202636718750
2023.2054              273.8667602539062500
2023.2904              272.9978637695312500
2023.3726              272.3890686035156250
2023.4575              271.6541137695312500
2023.5397              271.6998596191406250
2023.6246              271.7755432128906250
2023.7096              271.7824096679687500
2023.7917              271.8421630859375000
2023.8767              272.4881286621093750
2023.9589              273.4789123535156250
2024.0437              274.2611083984375000
2024.1257              274.4587097167968750
2024.2076              274.0194396972656250
2024.2924              273.1822204589843750
2024.3743              272.2032470703125000
2024.4590              271.6603393554687500
2024.5410              271.7891235351562500
2024.6257              271.7645874023437500
2024.7103              271.7714843750000000
2024.7924              271.9855957031250000
2024.8771              272.7134704589843750
2024.9590              273.7382812500000000
2025.0438              274.3284606933593750
2025.1260              274.2200012207031250
2025.2054              273.7591857910156250
2025.2904              272.8957214355468750
2025.3726              272.0568237304687500
2025.4575              271.5903320312500000
2025.5397              271.7709655761718750
2025.6246              271.7495422363281250
2025.7096              271.7406921386718750
2025.7917              271.8220825195312500
2025.8767              272.5764160156250000
2025.9589              273.4601440429687500
2026.0438              274.2038574218750000
2026.1260              274.2965087890625000
2026.2054              273.8469238281250000
2026.2904              272.9514465332031250
2026.3726              272.0293579101562500
2026.4575              271.6222534179687500
2026.5397              271.6965942382812500
2026.6246              271.7426452636718750
2026.7096              271.7369079589843750
2026.7917              271.8661804199218750
2026.8767              272.6234436035156250
2026.9589              273.5541992187500000
2027.0438              274.2197570800781250
2027.1260              274.0137329101562500
2027.2054              273.5876464843750000
2027.2904              273.0661315917968750
2027.3726              272.4349060058593750
2027.4575              271.6655578613281250
2027.5397              271.3418273925781250
2027.6246              271.7444458007812500
2027.7096              271.7468261718750000
2027.7917              271.8731689453125000
2027.8767              272.5650634765625000
2027.9589              273.4273376464843750
2028.0437              274.0503540039062500
2028.1257              274.3009033203125000
2028.2076              273.8465270996093750
2028.2924              272.9877319335937500
2028.3743              271.8591003417968750
2028.4590              271.4579772949218750
2028.5410              271.7503051757812500
2028.6257              271.7371520996093750
2028.7103              271.7339477539062500
2028.7924              271.9175109863281250
2028.8771              272.7890319824218750
2028.9590              273.7927551269531250
2029.0438              274.4492187500000000
2029.1260              274.3140258789062500
2029.2054              274.1135253906250000
2029.2904              273.1948242187500000
2029.3726              272.4947814941406250
2029.4575              271.6258850097656250
2029.5397              271.3877868652343750
2029.6246              271.7142028808593750
2029.7096              271.7338256835937500
2029.7917              271.9058532714843750
2029.8767              272.4505004882812500
2029.9589              273.5769042968750000
2030.0438              274.2639160156250000
2030.1260              274.2350463867187500
2030.2054              273.7589721679687500
2030.2904              272.9980163574218750
2030.3726              272.2192993164062500
2030.4575              271.5148315429687500
2030.5397              271.6070556640625000
2030.6246              271.6455078125000000
2030.7096              271.7351379394531250
2030.7917              271.7697753906250000
2030.8767              272.4581298828125000
2030.9589              273.3813781738281250
2031.0438              273.8925170898437500
2031.1260              274.1577453613281250
2031.2054              273.8579101562500000
2031.2904              273.1175231933593750
2031.3726              272.3298645019531250
2031.4575              271.7025451660156250
2031.5397              271.3975830078125000
2031.6246              271.6317138671875000
2031.7096              271.6817321777343750
2031.7917              271.9109497070312500
2031.8767              272.5438232421875000
2031.9589              273.5557861328125000
2032.0437              273.9133911132812500
2032.1257              274.1062316894531250
2032.2076              273.7910766601562500
2032.2924              272.7959289550781250
2032.3743              272.0697631835937500
2032.4590              271.4690246582031250
2032.5410              271.3002624511718750
2032.6257              271.6633300781250000
2032.7103              271.7727966308593750
2032.7924              271.8049926757812500
2032.8771              272.4047546386718750
2032.9590              273.7020874023437500
2033.0438              274.3299865722656250
2033.1260              274.3257751464843750
2033.2054              273.9373474121093750
2033.2904              272.9948730468750000
2033.3726              272.2394104003906250
2033.4575              271.6289672851562500
2033.5397              271.3186950683593750
2033.6246              271.6526794433593750
2033.7096              271.6259460449218750
2033.7917              271.7249755859375000
2033.8767              272.4996337890625000
2033.9589              273.4593811035156250
2034.0438              274.2257690429687500
2034.1260              274.3468322753906250
2034.2054              273.7943115234375000
2034.2904              273.2032470703125000
2034.3726              272.2642822265625000
2034.4575              271.5405273437500000
2034.5397              271.3060302734375000
2034.6246              271.6469726562500000
2034.7096              271.6821594238281250
2034.7917              271.7878417968750000
2034.8767              272.4201354980468750
2034.9589              273.2233276367187500
2035.0438              273.9283142089843750
2035.1260              273.9653930664062500
2035.2054              273.5951232910156250
2035.2904              272.9660034179687500
2035.3726              271.9550476074218750
2035.4575              271.5516662597656250
2035.5397              271.2904968261718750
2035.6246              271.6367187500000000
2035.7096              271.7752075195312500
2035.7917              271.8353271484375000
2035.8767              272.5539855957031250
2035.9589              273.2824096679687500
2036.0437              273.9648437500000000
2036.1257              274.1192016601562500
2036.2076              273.7781982421875000
2036.2924              273.0226135253906250
2036.3743              272.1449890136718750
2036.4590              271.4659118652343750
2036.5410              271.3257141113281250
2036.6257              271.6209716796875000
2036.7103              271.5747680664062500
2036.7924              271.7215270996093750
2036.8771              272.3589172363281250
2036.9590              273.2311706542968750
2037.0438              273.8890075683593750
2037.1260              273.9606628417968750
2037.2054              273.6126708984375000
2037.2904              272.9650573730468750
2037.3726              272.0954895019531250
2037.4575              271.5411987304687500
2037.5397              271.2734680175781250
2037.6246              271.6259765625000000
2037.7096              271.7630615234375000
2037.7917              271.7292480468750000
2037.8767              272.5999450683593750
2037.9589              273.5693054199218750
2038.0438              274.3157653808593750
2038.1260              274.2988891601562500
2038.2054              273.7642517089843750
2038.2904              273.0434875488281250
2038.3726              272.3745422363281250
2038.4575              271.3991394042968750
2038.5397              271.2835388183593750
2038.6246              271.6049804687500000
2038.7096              271.6167907714843750
2038.7917              271.6789245605468750
2038.8767              272.3422851562500000
2038.9589              273.3360595703125000
2039.0438              273.9451293945312500
2039.1260              274.1213073730468750
2039.2054              273.6768188476562500
2039.2904              272.9436950683593750
2039.3726              271.9306640625000000
2039.4575              271.4044799804687500
2039.5397              271.2714538574218750
2039.6246              271.6466979980468750
2039.7096              271.7500305175781250
2039.7917              271.8381652832031250
2039.8767              272.4182739257812500
2039.9589              273.3777770996093750
2040.0437              274.0975952148437500
2040.1257              274.2007446289062500
2040.2076              273.6704101562500000
2040.2924              272.8975219726562500
2040.3743              272.0104675292968750
2040.4590              271.4573059082031250
2040.5410              271.2985229492187500
2040.6257              271.6185913085937500
2040.7103              271.6368103027343750
2040.7924              271.8436279296875000
2040.8771              272.5425109863281250
2040.9590              273.5276184082031250
2041.0438              274.1374511718750000
2041.1260              274.2837524414062500
2041.2054              273.7525939941406250
2041.2904              273.0822753906250000
2041.3726              272.1083984375000000
2041.4575              271.5039367675781250
2041.5397              271.6091613769531250
2041.6246              271.7540283203125000
2041.7096              271.7409973144531250
2041.7917              271.8154296875000000
2041.8767              272.6394653320312500
2041.9589              273.6524658203125000
2042.0438              274.1492004394531250
2042.1260              274.2403564453125000
2042.2054              273.8518676757812500
2042.2904              273.0081176757812500
2042.3726              272.1661071777343750
2042.4575              271.6201171875000000
2042.5397              271.3194580078125000
2042.6246              271.3416137695312500
2042.7096              271.6597900390625000
2042.7917              271.7689819335937500
2042.8767              272.5583190917968750
2042.9589              273.3292846679687500
2043.0438              274.1062927246093750
2043.1260              274.1263427734375000
2043.2054              273.5834350585937500
2043.2904              272.7370910644531250
2043.3726              271.9903564453125000
2043.4575              271.5440979003906250
2043.5397              271.3443908691406250
2043.6246              271.6429748535156250
2043.7096              271.5226745605468750
2043.7917              271.8782653808593750
2043.8767              272.7243957519531250
2043.9589              273.7115478515625000
2044.0437              274.1669616699218750
2044.1257              274.0735778808593750
2044.2076              273.7943115234375000
2044.2924              273.0913085937500000
2044.3743              272.0948181152343750
2044.4590              271.5488891601562500
2044.5410              271.3616333007812500
2044.6257              271.6174316406250000
2044.7103              271.6787414550781250
2044.7924              271.7574462890625000
2044.8771              272.6241149902343750
2044.9590              273.2005615234375000
2045.0438              273.9046325683593750
2045.1260              274.0663452148437500
2045.2054              273.6508789062500000
2045.2904              272.6852416992187500
2045.3726              271.9234008789062500
2045.4575              271.4750366210937500
2045.5397              271.6195068359375000
2045.6246              271.7556457519531250
2045.7096              271.7550659179687500
2045.7917              271.9466552734375000
2045.8767              272.6328430175781250
2045.9589              273.6029357910156250
2046.0438              274.0490417480468750
2046.1260              274.0481567382812500
2046.2054              273.7711181640625000
2046.2904              273.0076904296875000
2046.3726              272.3083190917968750
2046.4575              271.5686645507812500
2046.5397              271.3787231445312500
2046.6246              271.6544799804687500
2046.7096              271.6964416503906250
2046.7917              271.8773803710937500
2046.8767              272.6451721191406250
2046.9589              273.6544799804687500
2047.0438              274.3372802734375000
2047.1260              274.4926757812500000
2047.2054              274.0494689941406250
2047.2904              273.2213134765625000
2047.3726              272.4873352050781250
2047.4575              271.7499389648437500
2047.5397              271.3398437500000000
2047.6246              271.7624511718750000
2047.7096              271.7468872070312500
2047.7917              271.8708496093750000
2047.8767              272.7059936523437500
2047.9589              273.7241516113281250
2048.0437              274.2619628906250000
2048.1257              274.3528137207031250
2048.2078              273.9310607910156250
2048.2922              273.1749267578125000
2048.3743              272.3311157226562500
2048.4590              271.6112976074218750
2048.5410              271.4266052246093750
2048.6257              271.7729187011718750
2048.7104              271.7751464843750000
2048.7922              271.8034667968750000
2048.8770              272.4338684082031250
2048.9590              273.3637695312500000
2049.0439              274.0887451171875000
2049.1260              274.0801391601562500
2049.2056              273.7544555664062500
2049.2905              273.0651245117187500
2049.3726              272.5239257812500000
2049.4575              271.6581115722656250
2049.5398              271.4014282226562500
2049.6248              271.6401977539062500
2049.7095              271.7803039550781250
2049.7917              271.8482360839843750
2049.8767              272.5167541503906250
2049.9590              273.6732788085937500
2050.0439              274.1368103027343750
2050.1260              274.0516052246093750
2050.2056              273.5691528320312500
2050.2905              273.0850524902343750
2050.3726              272.0686035156250000
2050.4575              271.4928283691406250
2050.5398              271.3882751464843750
2050.6248              271.6562194824218750
2050.7095              271.7852478027343750
2050.7917              271.9418945312500000
2050.8767              272.6121215820312500
2050.9590              273.6566467285156250
2051.0439              274.2037353515625000
2051.1260              274.1941223144531250
2051.2056              273.9669189453125000
2051.2905              273.0553588867187500
2051.3726              272.1749877929687500
2051.4575              271.6749267578125000
2051.5398              271.4029846191406250
2051.6248              271.4190673828125000
2051.7095              271.6957702636718750
2051.7917              271.8301391601562500
2051.8767              272.6414184570312500
2051.9590              273.5863647460937500
2052.0437              274.1428527832031250
2052.1257              274.1270446777343750
2052.2078              273.6367492675781250
2052.2922              272.8565368652343750
2052.3743              271.9285278320312500
2052.4590              271.5580749511718750
2052.5410              271.6509094238281250
2052.6257              271.7839660644531250
2052.7104              271.7238159179687500
2052.7922              271.9197692871093750
2052.8770              272.5913696289062500
2052.9590              273.5633544921875000
2053.0439              274.2911987304687500
2053.1260              274.4813537597656250
2053.2056              274.0564575195312500
2053.2905              273.2061767578125000
2053.3726              272.5074462890625000
2053.4575              271.6884460449218750
2053.5398              271.4463500976562500
2053.6248              271.3103332519531250
2053.7095              271.6311035156250000
2053.7917              271.7050781250000000
2053.8767              272.3170776367187500
2053.9590              273.2333679199218750
2054.0439              274.0316772460937500
2054.1260              274.1184082031250000
2054.2056              273.6124877929687500
2054.2905              272.7756652832031250
2054.3726              271.8677368164062500
2054.4575              271.4877624511718750
2054.5398              271.3759460449218750
2054.6248              271.6785583496093750
2054.7095              271.7205810546875000
2054.7917              271.9361572265625000
2054.8767              272.7365112304687500
2054.9590              273.8182983398437500
2055.0439              274.5055236816406250
2055.1260              274.6758422851562500
2055.2056              274.1114196777343750
2055.2905              273.4467468261718750
2055.3726              272.5302429199218750
2055.4575              271.7136230468750000
2055.5398              271.4263305664062500
2055.6248              271.6863098144531250
2055.7095              271.7777404785156250
2055.7917              271.8107910156250000
2055.8767              272.5652770996093750
2055.9590              273.4815063476562500
2056.0437              274.2565917968750000
2056.1257              274.3162841796875000
2056.2078              273.8235778808593750
2056.2922              273.0263671875000000
2056.3743              272.3273620605468750
2056.4590              271.8295593261718750
2056.5410              271.5016174316406250
2056.6257              271.4222717285156250
2056.7104              271.4730834960937500
2056.7922              271.6943054199218750
2056.8770              272.3863525390625000
2056.9590              273.3353576660156250
2057.0439              274.0929565429687500
2057.1260              274.0596923828125000
2057.2056              273.5440063476562500
2057.2905              272.9696960449218750
2057.3726              272.0121459960937500
2057.4575              271.6582641601562500
2057.5398              271.4262695312500000
2057.6248              271.3620605468750000
2057.7095              271.4400329589843750
2057.7917              271.6432800292968750
2057.8767              272.4309997558593750
2057.9590              273.4171142578125000
2058.0439              274.0144348144531250
2058.1260              274.1121215820312500
2058.2056              273.5270080566406250
2058.2905              272.8689270019531250
2058.3726              271.9539794921875000
2058.4575              271.5459289550781250
2058.5398              271.4089660644531250
2058.6248              271.3045959472656250
2058.7095              271.5933532714843750
2058.7917              271.8411254882812500
2058.8767              272.5598449707031250
2058.9590              273.3967590332031250
2059.0439              274.0590820312500000
2059.1260              274.0635070800781250
2059.2056              273.5261230468750000
2059.2905              272.6557312011718750
2059.3726              271.8945312500000000
2059.4575              271.4493713378906250
2059.5398              271.6197509765625000
2059.6248              271.7571105957031250
2059.7095              271.7343750000000000
2059.7917              271.7785339355468750
2059.8767              272.3582763671875000
2059.9590              273.3789062500000000
2060.0437              273.8789672851562500
2060.1257              274.0137023925781250
2060.2078              273.5102844238281250
2060.2922              272.8139343261718750
2060.3743              272.0070800781250000
2060.4590              271.5065307617187500
2060.5410              271.3190307617187500
2060.6257              271.3354492187500000
2060.7104              271.5418701171875000
2060.7922              271.6420593261718750
2060.8770              272.3828430175781250
2060.9590              273.2833251953125000
2061.0439              273.7977905273437500
2061.1260              273.7832031250000000
2061.2056              273.5129089355468750
2061.2905              272.8056945800781250
2061.3726              272.0214233398437500
2061.4575              271.4092102050781250
2061.5398              271.2944030761718750
2061.6248              271.5968322753906250
2061.7095              271.5511169433593750
2061.7917              271.7853088378906250
2061.8767              272.6138000488281250
2061.9590              273.4770507812500000
2062.0439              273.9219970703125000
2062.1260              274.1070251464843750
2062.2056              273.5814514160156250
2062.2905              272.9860839843750000
2062.3726              271.8591308593750000
2062.4575              271.4309387207031250
2062.5398              271.3132629394531250
2062.6248              271.5980834960937500
2062.7095              271.6216125488281250
2062.7917              271.7120361328125000
2062.8767              272.3631896972656250
2062.9590              273.3876342773437500
2063.0439              273.7853088378906250
2063.1260              273.9307556152343750
2063.2056              273.3980407714843750
2063.2905              272.5743103027343750
2063.3726              271.8640136718750000
2063.4575              271.3587341308593750
2063.5398              271.5739746093750000
2063.6248              271.5992126464843750
2063.7095              271.6131591796875000
2063.7917              271.6991577148437500
2063.8767              272.3050231933593750
2063.9590              273.2646789550781250
2064.0437              273.6004638671875000
2064.1257              273.6437377929687500
2064.2078              273.4831542968750000
2064.2922              272.6698913574218750
2064.3743              272.0077209472656250
2064.4590              271.3990783691406250
2064.5410              271.2735900878906250
2064.6257              271.5792541503906250
2064.7104              271.6047058105468750
2064.7922              271.6587524414062500
2064.8770              272.3821716308593750
2064.9590              273.2730102539062500
2065.0439              273.9687194824218750
2065.1260              274.0037841796875000
2065.2056              273.5679321289062500
2065.2905              272.9655151367187500
2065.3726              271.9851684570312500
2065.4575              271.4589538574218750
2065.5398              271.2885742187500000
2065.6248              271.4677734375000000
2065.7095              271.6225585937500000
2065.7917              271.7727050781250000
2065.8767              272.4107666015625000
2065.9590              273.2018127441406250
2066.0439              273.8484191894531250
2066.1260              273.9631042480468750
2066.2056              273.4161376953125000
2066.2905              272.6762084960937500
2066.3726              271.8715209960937500
2066.4575              271.3903198242187500
2066.5398              271.2899780273437500
2066.6248              271.2804565429687500
2066.7095              271.6152954101562500
2066.7917              271.6540527343750000
2066.8767              272.5334777832031250
2066.9590              273.2445983886718750
2067.0439              273.9680175781250000
2067.1260              274.0770568847656250
2067.2056              273.8329162597656250
2067.2905              273.1675109863281250
2067.3726              272.2244873046875000
2067.4575              271.6018066406250000
2067.5398              271.3291931152343750
2067.6248              271.2897644042968750
2067.7095              271.6172790527343750
2067.7917              271.7339172363281250
2067.8767              272.4040832519531250
2067.9590              273.3023681640625000
2068.0437              273.9036254882812500
2068.1257              273.9165344238281250
2068.2078              273.4451293945312500
2068.2922              272.7406311035156250
2068.3743              272.0671081542968750
2068.4590              271.4025573730468750
2068.5410              271.2728271484375000
2068.6257              271.3098754882812500
2068.7104              271.5609130859375000
2068.7922              271.7147216796875000
2068.8770              272.6118469238281250
2068.9590              273.4895935058593750
2069.0439              273.9904785156250000
2069.1260              274.2533569335937500
2069.2056              273.8565368652343750
2069.2905              273.0621643066406250
2069.3726              272.2926025390625000
2069.4575              271.5668029785156250
2069.5398              271.2970581054687500
2069.6248              271.2719116210937500
2069.7095              271.4865417480468750
2069.7917              271.7682495117187500
2069.8767              272.4548950195312500
2069.9590              273.4120178222656250
2070.0439              273.8512573242187500
2070.1260              273.9729003906250000
2070.2056              273.5778198242187500
2070.2905              272.8259277343750000
2070.3726              272.2142028808593750
2070.4575              271.4956054687500000
2070.5398              271.2825622558593750
2070.6248              271.2798461914062500
2070.7095              271.4725341796875000
2070.7917              271.6478576660156250
2070.8767              272.5030212402343750
2070.9590              273.3658447265625000
2071.0439              273.9493408203125000
2071.1260              274.0220947265625000
2071.2056              273.5103759765625000
2071.2905              272.7034301757812500
2071.3726              271.9497985839843750
2071.4575              271.4561462402343750
2071.5398              271.2805175781250000
2071.6248              271.6262817382812500
2071.7095              271.5311889648437500
2071.7917              271.7149353027343750
2071.8767              272.3197937011718750
2071.9590              273.0677795410156250
2072.0437              273.7998657226562500
2072.1257              274.0787658691406250
2072.2078              273.7428588867187500
2072.2922              272.8910217285156250
2072.3743              271.9173278808593750
2072.4590              271.4764709472656250
2072.5410              271.2776489257812500
2072.6257              271.6401672363281250
2072.7104              271.5848999023437500
2072.7922              271.6388854980468750
2072.8770              272.3263854980468750
2072.9590              273.0901794433593750
2073.0439              273.7220764160156250
2073.1260              273.9086608886718750
2073.2056              273.5035400390625000
2073.2905              272.7678527832031250
2073.3726              272.1259765625000000
2073.4575              271.3755798339843750
2073.5398              271.6056213378906250
2073.6248              271.6275329589843750
2073.7095              271.7499084472656250
2073.7917              271.7706604003906250
2073.8767              272.3921813964843750
2073.9590              273.2290344238281250
2074.0439              273.7140502929687500
2074.1260              273.7919006347656250
2074.2056              273.2637939453125000
2074.2905              272.4758300781250000
2074.3726              271.7108154296875000
2074.4575              271.3658447265625000
2074.5398              271.6397094726562500
2074.6248              271.7320251464843750
2074.7095              271.6580505371093750
2074.7917              271.8216857910156250
2074.8767              272.3840332031250000
2074.9590              273.3898315429687500
2075.0439              274.0130615234375000
2075.1260              274.1323242187500000
2075.2056              273.6761169433593750
2075.2905              273.0370788574218750
2075.3726              272.1678466796875000
2075.4575              271.5288085937500000
2075.5398              271.6022644042968750
2075.6248              271.7315673828125000
2075.7095              271.6918334960937500
2075.7917              271.8699645996093750
2075.8767              272.5143432617187500
2075.9590              273.3067932128906250
2076.0437              273.9981079101562500
2076.1257              273.9827575683593750
2076.2078              273.5933532714843750
2076.2922              272.9177246093750000
2076.3743              272.1564941406250000
2076.4590              271.5809020996093750
2076.5410              271.3420715332031250
2076.6257              271.5960388183593750
2076.7104              271.6412963867187500
2076.7922              271.7426147460937500
2076.8770              272.5796203613281250
2076.9590              273.5445556640625000
2077.0439              274.0224609375000000
2077.1260              274.0129699707031250
2077.2056              273.5903625488281250
2077.2905              272.8064270019531250
2077.3726              271.8846435546875000
2077.4575              271.4616394042968750
2077.5398              271.6026306152343750
2077.6248              271.7085876464843750
2077.7095              271.6768798828125000
2077.7917              271.7778015136718750
2077.8767              272.5174865722656250
2077.9590              273.3120727539062500
2078.0439              274.0660095214843750
2078.1260              274.2634277343750000
2078.2056              273.9641418457031250
2078.2905              273.4792785644531250
2078.3726              272.8256530761718750
2078.4575              271.8476867675781250
2078.5398              271.3893127441406250
2078.6248              271.2821350097656250
2078.7095              271.4037170410156250
2078.7917              271.6524963378906250
2078.8767              272.4389343261718750
2078.9590              273.2490539550781250
2079.0439              273.8022460937500000
2079.1260              273.9955749511718750
2079.2056              273.5428771972656250
2079.2905              272.9391784667968750
2079.3726              272.2712097167968750
2079.4575              271.5208129882812500
2079.5398              271.3056030273437500
2079.6248              271.6259460449218750
2079.7095              271.7540893554687500
2079.7917              271.7331848144531250
2079.8767              272.4744262695312500
2079.9590              273.5806884765625000
2080.0437              274.1206665039062500
2080.1257              274.2333984375000000
2080.2078              273.8456115722656250
2080.2922              272.9092407226562500
2080.3743              272.2238159179687500
2080.4590              271.7865295410156250
2080.5410              271.5137939453125000
2080.6257              271.3422546386718750
2080.7104              271.4125976562500000
2080.7922              271.7502441406250000
2080.8770              272.6541748046875000
2080.9590              273.8272094726562500
2081.0439              274.5545654296875000
2081.1260              274.5939331054687500
2081.2056              274.0551452636718750
2081.2905              273.4273986816406250
2081.3726              272.4367370605468750
2081.4575              271.6882019042968750
2081.5398              271.4018859863281250
2081.6248              271.3583984375000000
2081.7095              271.4708251953125000
2081.7917              271.7686462402343750
2081.8767              272.5370788574218750
2081.9590              273.4405517578125000
2082.0439              274.1303100585937500
2082.1260              274.3063354492187500
2082.2056              273.8265380859375000
2082.2905              272.9762573242187500
2082.3726              272.1351928710937500
2082.4575              271.5898437500000000
2082.5398              271.3646545410156250
2082.6248              271.6456604003906250
2082.7095              271.7098388671875000
2082.7917              271.8236999511718750
2082.8767              272.5310363769531250
2082.9590              273.6362609863281250
2083.0439              274.1399841308593750
2083.1260              274.2698364257812500
2083.2056              273.7499694824218750
2083.2905              272.9931335449218750
2083.3726              272.0307617187500000
2083.4575              271.6439208984375000
2083.5398              271.3426513671875000
2083.6248              271.6561889648437500
2083.7095              271.7306823730468750
2083.7917              271.8653564453125000
2083.8767              272.6128845214843750
2083.9590              273.3437805175781250
2084.0437              274.0059814453125000
2084.1257              274.1854248046875000
2084.2078              273.7562866210937500
2084.2922              273.0948791503906250
2084.3743              272.2485351562500000
2084.4590              271.7897033691406250
2084.5410              271.4724731445312500
2084.6257              271.3170776367187500
2084.7104              271.6740112304687500
2084.7922              271.7993469238281250
2084.8770              272.5630798339843750
2084.9590              273.4296264648437500
2085.0439              274.0433654785156250
2085.1260              274.0868835449218750
2085.2056              273.5652770996093750
2085.2905              272.7199096679687500
2085.3726              271.9505615234375000
2085.4575              271.5760803222656250
2085.5398              271.3721923828125000
2085.6248              271.6401062011718750
2085.7095              271.7925720214843750
2085.7917              271.9996032714843750
2085.8767              272.6126708984375000
2085.9590              273.4907531738281250
2086.0439              274.1363525390625000
2086.1260              274.0466613769531250
2086.2056              273.5446472167968750
2086.2905              273.0811462402343750
2086.3726              272.4064331054687500
2086.4575              271.6408996582031250
2086.5398              271.4637145996093750
2086.6248              271.4695129394531250
2086.7095              271.6867980957031250
2086.7917              271.8352050781250000
2086.8767              272.5884704589843750
2086.9590              273.4026489257812500
2087.0439              274.0500488281250000
2087.1260              274.1402282714843750
2087.2056              273.7200927734375000
2087.2905              272.8757324218750000
2087.3726              272.3794555664062500
2087.4575              271.7785949707031250
2087.5398              271.4815673828125000
2087.6248              271.3716735839843750
2087.7095              271.7092590332031250
2087.7917              271.9251098632812500
2087.8767              272.6610412597656250
2087.9590              273.5939025878906250
2088.0437              274.3231506347656250
2088.1257              274.4371643066406250
2088.2078              273.9437561035156250
2088.2922              273.1357116699218750
2088.3743              272.3163146972656250
2088.4590              271.6650085449218750
2088.5410              271.3851928710937500
2088.6257              271.6295776367187500
2088.7104              271.5594787597656250
2088.7922              271.6900024414062500
2088.8770              272.5881958007812500
2088.9590              273.2227783203125000
2089.0439              273.8743896484375000
2089.1260              274.0530090332031250
2089.2056              273.6463012695312500
2089.2905              272.8739929199218750
2089.3726              271.9147338867187500
2089.4575              271.5615234375000000
2089.5398              271.3399658203125000
2089.6248              271.3207702636718750
2089.7095              271.3828125000000000
2089.7917              271.6962280273437500
2089.8767              272.6583862304687500
2089.9590              273.5084533691406250
2090.0439              274.0587463378906250
2090.1260              274.1194152832031250
2090.2056              273.7162475585937500
2090.2905              273.1219482421875000
2090.3726              272.2796936035156250
2090.4575              271.5687255859375000
2090.5398              271.4326477050781250
2090.6248              271.2772827148437500
2090.7095              271.3531494140625000
2090.7917              271.6404724121093750
2090.8767              272.3723449707031250
2090.9590              273.2721557617187500
2091.0439              273.8965759277343750
2091.1260              274.0885925292968750
2091.2056              273.6229858398437500
2091.2905              272.9708862304687500
2091.3726              272.2639465332031250
2091.4575              271.6016845703125000
2091.5398              271.3519287109375000
2091.6248              271.2900390625000000
2091.7095              271.3029785156250000
2091.7917              271.5003967285156250
2091.8767              272.1523132324218750
2091.9590              272.9730529785156250
2092.0437              273.5380554199218750
2092.1257              273.6496582031250000
2092.2078              273.4266052246093750
2092.2922              272.7358093261718750
2092.3743              271.9827575683593750
2092.4590              271.6076354980468750
2092.5410              271.3028564453125000
2092.6257              271.2733154296875000
2092.7104              271.2830200195312500
2092.7922              271.5537414550781250
2092.8770              272.1768493652343750
2092.9590              273.0239562988281250
2093.0439              273.5814819335937500
2093.1260              273.6576843261718750
2093.2056              273.2939758300781250
2093.2905              272.7904052734375000
2093.3726              271.8251037597656250
2093.4575              271.3575744628906250
2093.5398              271.6246948242187500
2093.6248              271.6265258789062500
2093.7095              271.6022644042968750
2093.7917              271.7395019531250000
2093.8767              272.5776672363281250
2093.9590              273.5292968750000000
2094.0439              274.1648559570312500
2094.1260              274.1576232910156250
2094.2056              273.7896118164062500
2094.2905              273.1047668457031250
2094.3726              272.2010192871093750
2094.4575              271.6662292480468750
2094.5398              271.3634338378906250
2094.6248              271.3029785156250000
2094.7095              271.4239196777343750
2094.7917              271.8080444335937500
2094.8767              272.7764282226562500
2094.9590              273.6226196289062500
2095.0439              274.1843261718750000
2095.1260              274.5988769531250000
2095.2056              274.1080627441406250
2095.2905              273.5426025390625000
2095.3726              272.6124572753906250
2095.4575              271.7955627441406250
2095.5398              271.5582885742187500
2095.6248              271.3242187500000000
2095.7095              271.5144042968750000
2095.7917              271.7267456054687500
2095.8767              272.5368041992187500
2095.9590              273.2081604003906250
2096.0437              273.8452453613281250
2096.1257              274.0632324218750000
2096.2078              273.7098083496093750
2096.2922              273.1002502441406250
2096.3743              272.1641540527343750
2096.4590              271.6575317382812500
2096.5410              271.4254760742187500
2096.6257              271.6457519531250000
2096.7104              271.7110290527343750
2096.7922              271.8717346191406250
2096.8770              272.6582946777343750
2096.9590              273.6051025390625000
2097.0439              274.2490539550781250
2097.1260              274.2662048339843750
2097.2056              273.6365966796875000
2097.2905              272.9693908691406250
2097.3726              272.0385742187500000
2097.4575              271.6405639648437500
2097.5398              271.4449462890625000
2097.6248              271.4458618164062500
2097.7095              271.6694946289062500
2097.7917              271.9268493652343750
2097.8767              272.6102600097656250
2097.9590              273.5975952148437500
2098.0439              274.1186523437500000
2098.1260              274.0937194824218750
2098.2056              273.7564697265625000
2098.2905              273.0600891113281250
2098.3726              272.2689819335937500
2098.4575              271.6752319335937500
2098.5398              271.3555603027343750
2098.6248              271.3304138183593750
2098.7095              271.4178771972656250
2098.7917              271.8361511230468750
2098.8767              272.8112487792968750
2098.9590              273.7847900390625000
2099.0439              274.3142089843750000
2099.1260              274.3995361328125000
2099.2056              273.6563415527343750
2099.2905              273.2157287597656250
2099.3726              272.2608947753906250
2099.4575              271.6666870117187500
2099.5398              271.4119567871093750
2099.6248              271.3426208496093750
2099.7095              271.6092529296875000
2099.7917              271.7198181152343750
2099.8767              272.3245239257812500
2099.9590              273.1528930664062500
