1850.0438              271.4321594238281250
1850.1260              271.4086914062500000
1850.2054              271.3901367187500000
1850.2904              271.3052978515625000
1850.3726              271.3020324707031250
1850.4575              271.3432617187500000
1850.5397              271.3357543945312500
1850.6246              271.3435363769531250
1850.7096              271.3546447753906250
1850.7917              271.3731689453125000
1850.8767              271.3953857421875000
1850.9589              271.4004821777343750
1851.0438              271.4018249511718750
1851.1260              271.3933410644531250
1851.2054              271.3889160156250000
1851.2904              271.3952941894531250
1851.3726              271.2390747070312500
1851.4575              271.2158813476562500
1851.5397              271.2395629882812500
1851.6246              271.2882690429687500
1851.7096              271.3122253417968750
1851.7917              271.2859497070312500
1851.8767              271.3063659667968750
1851.9589              271.3312377929687500
1852.0437              271.3531799316406250
1852.1257              271.3564147949218750
1852.2076              271.3702697753906250
1852.2924              271.3745727539062500
1852.3743              271.2337036132812500
1852.4590              271.3069458007812500
1852.5410              271.3919067382812500
1852.6257              271.4075927734375000
1852.7103              271.3893432617187500
1852.7924              271.3837890625000000
1852.8771              271.4200744628906250
1852.9590              271.4682922363281250
1853.0438              271.4478149414062500
1853.1260              271.4261169433593750
1853.2054              271.4167175292968750
1853.2904              271.4344482421875000
1853.3726              271.4370117187500000
1853.4575              271.4024353027343750
1853.5397              271.3996276855468750
1853.6246              271.3866271972656250
1853.7096              271.3904418945312500
1853.7917              271.3684082031250000
1853.8767              271.3704528808593750
1853.9589              271.3764038085937500
1854.0438              271.3743591308593750
1854.1260              271.3768615722656250
1854.2054              271.3923034667968750
1854.2904              271.4024658203125000
1854.3726              271.4271240234375000
1854.4575              271.4585571289062500
1854.5397              271.4467468261718750
1854.6246              271.3944091796875000
1854.7096              271.3554077148437500
1854.7917              271.3284301757812500
1854.8767              271.3150634765625000
1854.9589              271.3195495605468750
1855.0438              271.3320922851562500
1855.1260              271.3336181640625000
1855.2054              271.3416748046875000
1855.2904              271.3088378906250000
1855.3726              271.2170104980468750
1855.4575              271.2266540527343750
1855.5397              271.2672424316406250
1855.6246              271.3860778808593750
1855.7096              271.4306335449218750
1855.7917              271.4733276367187500
1855.8767              271.5480041503906250
1855.9589              271.5626525878906250
1856.0437              271.5470275878906250
1856.1257              271.5180358886718750
1856.2076              271.4654235839843750
1856.2924              271.3686218261718750
1856.3743              271.3115539550781250
1856.4590              271.3117675781250000
1856.5410              271.3323059082031250
1856.6257              271.3470764160156250
1856.7103              271.3993225097656250
1856.7924              271.4587402343750000
1856.8771              271.4988708496093750
1856.9590              271.5254516601562500
1857.0438              271.5493164062500000
1857.1260              271.5284423828125000
1857.2054              271.5237426757812500
1857.2904              271.5305480957031250
1857.3726              271.4711608886718750
1857.4575              271.4012451171875000
1857.5397              271.4483337402343750
1857.6246              271.4555053710937500
1857.7096              271.4050292968750000
1857.7917              271.3830566406250000
1857.8767              271.4356689453125000
1857.9589              271.4465637207031250
1858.0438              271.4373474121093750
1858.1260              271.4233703613281250
1858.2054              271.4528503417968750
1858.2904              271.4293823242187500
1858.3726              271.2417907714843750
1858.4575              271.3156433105468750
1858.5397              271.4346313476562500
1858.6246              271.4364318847656250
1858.7096              271.4869995117187500
1858.7917              271.5775146484375000
1858.8767              271.6646728515625000
1858.9589              271.6319274902343750
1859.0438              271.6039123535156250
1859.1260              271.5732421875000000
1859.2054              271.5498657226562500
1859.2904              271.5249938964843750
1859.3726              271.5082092285156250
1859.4575              271.4481201171875000
1859.5397              271.4489746093750000
1859.6246              271.4610900878906250
1859.7096              271.4821166992187500
1859.7917              271.4944152832031250
1859.8767              271.4789123535156250
1859.9589              271.4757385253906250
1860.0437              271.4676818847656250
1860.1257              271.4504699707031250
1860.2076              271.4488525390625000
1860.2924              271.4542541503906250
1860.3743              271.4544372558593750
1860.4590              271.4823913574218750
1860.5410              271.4683837890625000
1860.6257              271.4443969726562500
1860.7103              271.4210205078125000
1860.7924              271.3688049316406250
1860.8771              271.3786926269531250
1860.9590              271.3772888183593750
1861.0438              271.3751831054687500
1861.1260              271.3606872558593750
1861.2054              271.3414001464843750
1861.2904              271.3210754394531250
1861.3726              271.2880554199218750
1861.4575              271.2864074707031250
1861.5397              271.2834167480468750
1861.6246              271.2891845703125000
1861.7096              271.2646484375000000
1861.7917              271.2806396484375000
1861.8767              271.2911987304687500
1861.9589              271.3005981445312500
1862.0438              271.3085021972656250
1862.1260              271.3862609863281250
1862.2054              271.4468383789062500
1862.2904              271.3466796875000000
1862.3726              271.2895202636718750
1862.4575              271.2801513671875000
1862.5397              271.2970581054687500
1862.6246              271.3522338867187500
1862.7096              271.3345947265625000
1862.7917              271.3833923339843750
1862.8767              271.3842773437500000
1862.9589              271.3832702636718750
1863.0438              271.3913269042968750
1863.1260              271.3888549804687500
1863.2054              271.3878479003906250
1863.2904              271.3405151367187500
1863.3726              271.2184448242187500
1863.4575              271.2565917968750000
1863.5397              271.2998657226562500
1863.6246              271.3304138183593750
1863.7096              271.3037414550781250
1863.7917              271.2985534667968750
1863.8767              271.3176269531250000
1863.9589              271.3678894042968750
1864.0437              271.4011840820312500
1864.1257              271.4238891601562500
1864.2076              271.4460754394531250
1864.2924              271.4525146484375000
1864.3743              271.4218444824218750
1864.4590              271.3299255371093750
1864.5410              271.3001403808593750
1864.6257              271.3872680664062500
1864.7103              271.4091796875000000
1864.7924              271.4027404785156250
1864.8771              271.4430541992187500
1864.9590              271.4497375488281250
1865.0438              271.4391784667968750
1865.1260              271.6355285644531250
1865.2054              271.5643920898437500
1865.2904              271.4829711914062500
1865.3726              271.4860229492187500
1865.4575              271.2341613769531250
1865.5397              271.3085937500000000
1865.6246              271.3692626953125000
1865.7096              271.3709411621093750
1865.7917              271.3593139648437500
1865.8767              271.3636474609375000
1865.9589              271.3861389160156250
1866.0438              271.3990478515625000
1866.1260              271.3997192382812500
1866.2054              271.4006958007812500
1866.2904              271.4357299804687500
1866.3726              271.3587951660156250
1866.4575              271.3189086914062500
1866.5397              271.2350769042968750
1866.6246              271.2384643554687500
1866.7096              271.2247009277343750
1866.7917              271.2895812988281250
1866.8767              271.3186340332031250
1866.9589              271.3419799804687500
1867.0438              271.3582458496093750
1867.1260              271.3686828613281250
1867.2054              271.3810424804687500
1867.2904              271.3098449707031250
1867.3726              271.2736816406250000
1867.4575              271.2763366699218750
1867.5397              271.2756958007812500
1867.6246              271.2997741699218750
1867.7096              271.3466186523437500
1867.7917              271.3865966796875000
1867.8767              271.4113464355468750
1867.9589              271.4060363769531250
1868.0437              271.3996887207031250
1868.1257              271.3709106445312500
1868.2076              271.3619384765625000
1868.2924              271.3626708984375000
1868.3743              271.2692871093750000
1868.4590              271.2545471191406250
1868.5410              271.2188720703125000
1868.6257              271.2221679687500000
1868.7103              271.3007812500000000
1868.7924              271.3535766601562500
1868.8771              271.3909912109375000
1868.9590              271.4218750000000000
1869.0438              271.4302062988281250
1869.1260              271.4192199707031250
1869.2054              271.3988037109375000
1869.2904              271.4089660644531250
1869.3726              271.3900146484375000
1869.4575              271.4190979003906250
1869.5397              271.4199523925781250
1869.6246              271.4222412109375000
1869.7096              271.4096984863281250
1869.7917              271.4095458984375000
1869.8767              271.3807373046875000
1869.9589              271.3582458496093750
1870.0438              271.3495178222656250
1870.1260              271.3345031738281250
1870.2054              271.3296813964843750
1870.2904              271.3123474121093750
1870.3726              271.2635498046875000
1870.4575              271.3168029785156250
1870.5397              271.3386840820312500
1870.6246              271.3515014648437500
1870.7096              271.3408813476562500
1870.7917              271.3005065917968750
1870.8767              271.2824096679687500
1870.9589              271.2871093750000000
1871.0438              271.2991333007812500
1871.1260              271.2977905273437500
1871.2054              271.2905578613281250
1871.2904              271.2921142578125000
1871.3726              271.2325134277343750
1871.4575              271.2210083007812500
1871.5397              271.2161865234375000
1871.6246              271.2396240234375000
1871.7096              271.2247619628906250
1871.7917              271.2723999023437500
1871.8767              271.3321533203125000
1871.9589              271.3463134765625000
1872.0437              271.3456420898437500
1872.1257              271.3391723632812500
1872.2076              271.3317871093750000
1872.2924              271.3197021484375000
1872.3743              271.3249206542968750
1872.4590              271.3067932128906250
1872.5410              271.2710266113281250
1872.6257              271.2858581542968750
1872.7103              271.2502136230468750
1872.7924              271.2463073730468750
1872.8771              271.2541503906250000
1872.9590              271.2651672363281250
1873.0438              271.2770385742187500
1873.1260              271.2915649414062500
1873.2054              271.3049011230468750
1873.2904              271.2546081542968750
1873.3726              271.2496337890625000
1873.4575              271.2728881835937500
1873.5397              271.2989196777343750
1873.6246              271.2931213378906250
1873.7096              271.2913208007812500
1873.7917              271.3003845214843750
1873.8767              271.3089904785156250
1873.9589              271.3169555664062500
1874.0438              271.3209228515625000
1874.1260              271.3232421875000000
1874.2054              271.3283996582031250
1874.2904              271.2947998046875000
1874.3726              271.2278442382812500
1874.4575              271.2362670898437500
1874.5397              271.2232971191406250
1874.6246              271.2638549804687500
1874.7096              271.3255004882812500
1874.7917              271.3309326171875000
1874.8767              271.3629455566406250
1874.9589              271.3777770996093750
1875.0438              271.3872985839843750
1875.1260              271.3990783691406250
1875.2054              271.4135742187500000
1875.2904              271.4319152832031250
1875.3726              271.4450073242187500
1875.4575              271.4351806640625000
1875.5397              271.4118041992187500
1875.6246              271.3772888183593750
1875.7096              271.3594360351562500
1875.7917              271.3743591308593750
1875.8767              271.4123840332031250
1875.9589              271.4413757324218750
1876.0437              271.4306335449218750
1876.1257              271.4100952148437500
1876.2076              271.4710083007812500
1876.2924              271.4602661132812500
1876.3743              271.4604187011718750
1876.4590              271.3335571289062500
1876.5410              271.2547302246093750
1876.6257              271.2665405273437500
1876.7103              271.3895568847656250
1876.7924              271.5433654785156250
1876.8771              271.5958251953125000
1876.9590              271.5873413085937500
1877.0438              271.5652160644531250
1877.1260              271.5263671875000000
1877.2054              271.4627990722656250
1877.2904              271.4674987792968750
1877.3726              271.4317626953125000
1877.4575              271.4332580566406250
1877.5397              271.4144287109375000
1877.6246              271.3129272460937500
1877.7096              271.3177490234375000
1877.7917              271.3754882812500000
1877.8767              271.4293518066406250
1877.9589              271.4750671386718750
1878.0438              271.5173645019531250
1878.1260              271.5009460449218750
1878.2054              271.4807434082031250
1878.2904              271.4317626953125000
1878.3726              271.2467956542968750
1878.4575              271.3407592773437500
1878.5397              271.3399047851562500
1878.6246              271.3294677734375000
1878.7096              271.3795776367187500
1878.7917              271.4046325683593750
1878.8767              271.4500122070312500
1878.9589              271.4677734375000000
1879.0438              271.4814453125000000
1879.1260              271.4820556640625000
1879.2054              271.4860839843750000
1879.2904              271.4941101074218750
1879.3726              271.2819519042968750
1879.4575              271.3339233398437500
1879.5397              271.4108276367187500
1879.6246              271.4285888671875000
1879.7096              271.4203186035156250
1879.7917              271.4380493164062500
1879.8767              271.4930419921875000
1879.9589              271.5002746582031250
1880.0437              271.4780578613281250
1880.1257              271.5980529785156250
1880.2076              271.7330627441406250
1880.2924              271.5105590820312500
1880.3743              271.3773193359375000
1880.4590              271.2340698242187500
1880.5410              271.2733459472656250
1880.6257              271.2778930664062500
1880.7103              271.3260803222656250
1880.7924              271.3610534667968750
1880.8771              271.3782958984375000
1880.9590              271.3737487792968750
1881.0438              271.3721923828125000
1881.1260              271.3733215332031250
1881.2054              271.3687133789062500
1881.2904              271.3774719238281250
1881.3726              271.2523193359375000
1881.4575              271.2749328613281250
1881.5397              271.2635803222656250
1881.6246              271.2459716796875000
1881.7096              271.2647705078125000
1881.7917              271.2778625488281250
1881.8767              271.2748107910156250
1881.9589              271.3039855957031250
1882.0438              271.3358154296875000
1882.1260              271.3450927734375000
1882.2054              271.3482666015625000
1882.2904              271.3135681152343750
1882.3726              271.3393554687500000
1882.4575              271.3844604492187500
1882.5397              271.3753051757812500
1882.6246              271.3725585937500000
1882.7096              271.3498840332031250
1882.7917              271.3880004882812500
1882.8767              271.4184570312500000
1882.9589              271.4139404296875000
1883.0438              271.4015197753906250
1883.1260              271.4077758789062500
1883.2054              271.3891906738281250
1883.2904              271.3742980957031250
1883.3726              271.3287048339843750
1883.4575              271.3330688476562500
1883.5397              271.2747497558593750
1883.6246              271.3039245605468750
1883.7096              271.3266906738281250
1883.7917              271.3162841796875000
1883.8767              271.2945251464843750
1883.9589              271.2993469238281250
1884.0437              271.3121337890625000
1884.1257              271.3423461914062500
1884.2076              271.3595581054687500
1884.2924              271.3659973144531250
1884.3743              271.2733154296875000
1884.4590              271.2693176269531250
1884.5410              271.2864990234375000
1884.6257              271.2997741699218750
1884.7103              271.2585449218750000
1884.7924              271.2727050781250000
1884.8771              271.3124084472656250
1884.9590              271.3359680175781250
1885.0438              271.3799133300781250
1885.1260              271.6296997070312500
1885.2054              271.6704406738281250
1885.2904              271.4022521972656250
1885.3726              271.3050537109375000
1885.4575              271.2567749023437500
1885.5397              271.3060302734375000
1885.6246              271.3296203613281250
1885.7096              271.3257751464843750
1885.7917              271.3386840820312500
1885.8767              271.3922119140625000
1885.9589              271.4492492675781250
1886.0438              271.4801025390625000
1886.1260              271.6826477050781250
1886.2054              271.7057800292968750
1886.2904              271.6191711425781250
1886.3726              271.6373901367187500
1886.4575              271.5769042968750000
1886.5397              271.4891357421875000
1886.6246              271.3906250000000000
1886.7096              271.4473571777343750
1886.7917              271.4750366210937500
1886.8767              271.4837341308593750
1886.9589              271.5008239746093750
1887.0438              271.4957580566406250
1887.1260              271.4714660644531250
1887.2054              271.4592285156250000
1887.2904              271.4294738769531250
1887.3726              271.2406616210937500
1887.4575              271.3083801269531250
1887.5397              271.3370971679687500
1887.6246              271.3174438476562500
1887.7096              271.4389038085937500
1887.7917              271.5245666503906250
1887.8767              271.5770874023437500
1887.9589              271.5710754394531250
1888.0437              271.6157226562500000
1888.1257              272.0690612792968750
1888.2076              272.2298583984375000
1888.2924              271.7107238769531250
1888.3743              271.6115112304687500
1888.4590              271.4282226562500000
1888.5410              271.2244873046875000
1888.6257              271.2277526855468750
1888.7103              271.3187561035156250
1888.7924              271.4415283203125000
1888.8771              271.5076293945312500
1888.9590              271.5123596191406250
1889.0438              271.4754638671875000
1889.1260              271.4674987792968750
1889.2054              271.4443969726562500
1889.2904              271.4278259277343750
1889.3726              271.3714599609375000
1889.4575              271.2293090820312500
1889.5397              271.2128295898437500
1889.6246              271.2070007324218750
1889.7096              271.2532653808593750
1889.7917              271.2666625976562500
1889.8767              271.2972106933593750
1889.9589              271.2985839843750000
1890.0438              271.3081970214843750
1890.1260              271.3756408691406250
1890.2054              271.3908691406250000
1890.2904              271.3471069335937500
1890.3726              271.2161865234375000
1890.4575              271.2155456542968750
1890.5397              271.2011718750000000
1890.6246              271.2014160156250000
1890.7096              271.2004394531250000
1890.7917              271.2269592285156250
1890.8767              271.2361755371093750
1890.9589              271.2505493164062500
1891.0438              271.2553405761718750
1891.1260              271.2614440917968750
1891.2054              271.2615051269531250
1891.2904              271.2619628906250000
1891.3726              271.2223510742187500
1891.4575              271.2093200683593750
1891.5397              271.2370605468750000
1891.6246              271.2677917480468750
1891.7096              271.2811279296875000
1891.7917              271.2631530761718750
1891.8767              271.2689208984375000
1891.9589              271.2719116210937500
1892.0437              271.2718811035156250
1892.1257              271.2656250000000000
1892.2076              271.2594299316406250
1892.2924              271.2290954589843750
1892.3743              271.2176208496093750
1892.4590              271.2106628417968750
1892.5410              271.2163085937500000
1892.6257              271.2095336914062500
1892.7103              271.1994018554687500
1892.7924              271.2048645019531250
1892.8771              271.2115173339843750
1892.9590              271.2284240722656250
1893.0438              271.2434692382812500
1893.1260              271.2479248046875000
1893.2054              271.2447814941406250
1893.2904              271.2418212890625000
1893.3726              271.2214050292968750
1893.4575              271.2403259277343750
1893.5397              271.2510375976562500
1893.6246              271.2693176269531250
1893.7096              271.2734680175781250
1893.7917              271.2650146484375000
1893.8767              271.2568054199218750
1893.9589              271.2588806152343750
1894.0438              271.2656555175781250
1894.1260              271.2707824707031250
1894.2054              271.2657165527343750
1894.2904              271.2561340332031250
1894.3726              271.2103576660156250
1894.4575              271.2463378906250000
1894.5397              271.2897033691406250
1894.6246              271.2724914550781250
1894.7096              271.2684631347656250
1894.7917              271.2968444824218750
1894.8767              271.2917785644531250
1894.9589              271.2898864746093750
1895.0438              271.2904663085937500
1895.1260              271.2903137207031250
1895.2054              271.2811279296875000
1895.2904              271.2545776367187500
1895.3726              271.2617797851562500
1895.4575              271.3091735839843750
1895.5397              271.3327636718750000
1895.6246              271.3431701660156250
1895.7096              271.3281250000000000
1895.7917              271.2951965332031250
1895.8767              271.2799682617187500
1895.9589              271.2783508300781250
1896.0437              271.2831115722656250
1896.1257              271.2809143066406250
1896.2076              271.2783508300781250
1896.2924              271.2834472656250000
1896.3743              271.2425231933593750
1896.4590              271.2173461914062500
1896.5410              271.2265014648437500
1896.6257              271.2337951660156250
1896.7103              271.2315063476562500
1896.7924              271.2314147949218750
1896.8771              271.2458190917968750
1896.9590              271.2664794921875000
1897.0438              271.2668457031250000
1897.1260              271.2639465332031250
1897.2054              271.2658996582031250
1897.2904              271.2698974609375000
1897.3726              271.2029418945312500
1897.4575              271.2620239257812500
1897.5397              271.3075256347656250
1897.6246              271.3064270019531250
1897.7096              271.3432617187500000
1897.7917              271.3555908203125000
1897.8767              271.4578247070312500
1897.9589              271.4438171386718750
1898.0438              271.4309387207031250
1898.1260              271.4061584472656250
1898.2054              271.3965759277343750
1898.2904              271.3667602539062500
1898.3726              271.2975769042968750
1898.4575              271.2529907226562500
1898.5397              271.2223510742187500
1898.6246              271.2399902343750000
1898.7096              271.2035217285156250
1898.7917              271.2105712890625000
1898.8767              271.2351379394531250
1898.9589              271.2455139160156250
1899.0438              271.2525634765625000
1899.1260              271.2583007812500000
1899.2054              271.2602844238281250
1899.2904              271.2674255371093750
1899.3726              271.2165527343750000
1899.4575              271.2225341796875000
1899.5397              271.2568664550781250
1899.6246              271.2706298828125000
1899.7096              271.2820434570312500
1899.7917              271.2872314453125000
1899.8767              271.3013916015625000
1899.9589              271.3171386718750000
1900.0438              271.3304138183593750
1900.1260              271.3246154785156250
1900.2054              271.3155517578125000
1900.2904              271.2881774902343750
1900.3726              271.2287902832031250
1900.4575              271.3075256347656250
1900.5397              271.3408813476562500
1900.6246              271.3697509765625000
1900.7096              271.3463134765625000
1900.7917              271.3281555175781250
1900.8767              271.3755798339843750
1900.9589              271.4640197753906250
1901.0438              271.5011901855468750
1901.1260              271.4855041503906250
1901.2054              271.4740600585937500
1901.2904              271.3680419921875000
1901.3726              271.2728271484375000
1901.4575              271.3156127929687500
1901.5397              271.3568420410156250
1901.6246              271.3827209472656250
1901.7096              271.4095764160156250
1901.7917              271.4691772460937500
1901.8767              271.4550170898437500
1901.9589              271.4270324707031250
1902.0438              271.4109191894531250
1902.1260              271.6667175292968750
1902.2054              271.8460083007812500
1902.2904              271.4653625488281250
1902.3726              271.3522949218750000
1902.4575              271.2275695800781250
1902.5397              271.2310791015625000
1902.6246              271.2283935546875000
1902.7096              271.2208557128906250
1902.7917              271.2227172851562500
1902.8767              271.2409667968750000
1902.9589              271.2664794921875000
1903.0438              271.2899169921875000
1903.1260              271.2982177734375000
1903.2054              271.2979431152343750
1903.2904              271.2873535156250000
1903.3726              271.2014465332031250
1903.4575              271.2517395019531250
1903.5397              271.2689208984375000
1903.6246              271.2789306640625000
1903.7096              271.3053588867187500
1903.7917              271.2926025390625000
1903.8767              271.2818298339843750
1903.9589              271.2785339355468750
1904.0437              271.2786560058593750
1904.1257              271.2760620117187500
1904.2076              271.2725219726562500
1904.2924              271.2347106933593750
1904.3743              271.2498779296875000
1904.4590              271.2742004394531250
1904.5410              271.2993469238281250
1904.6257              271.3297424316406250
1904.7103              271.3325195312500000
1904.7924              271.3031005859375000
1904.8771              271.2926025390625000
1904.9590              271.2904663085937500
1905.0438              271.2875366210937500
1905.1260              271.2827453613281250
1905.2054              271.2844238281250000
1905.2904              271.2644042968750000
1905.3726              271.2527465820312500
1905.4575              271.2713928222656250
1905.5397              271.3033447265625000
1905.6246              271.3326110839843750
1905.7096              271.3397216796875000
1905.7917              271.3630981445312500
1905.8767              271.3809814453125000
1905.9589              271.4035644531250000
1906.0438              271.4227600097656250
1906.1260              271.4010620117187500
1906.2054              271.4095458984375000
1906.2904              271.3883056640625000
1906.3726              271.2888183593750000
1906.4575              271.2679138183593750
1906.5397              271.2786865234375000
1906.6246              271.3174133300781250
1906.7096              271.3184509277343750
1906.7917              271.3351745605468750
1906.8767              271.3702697753906250
1906.9589              271.3835144042968750
1907.0438              271.3804016113281250
1907.1260              271.3770751953125000
1907.2054              271.3690185546875000
1907.2904              271.3616943359375000
1907.3726              271.3505554199218750
1907.4575              271.3354492187500000
1907.5397              271.2754821777343750
1907.6246              271.2459411621093750
1907.7096              271.2477416992187500
1907.7917              271.2598266601562500
1907.8767              271.2665405273437500
1907.9589              271.2641601562500000
1908.0437              271.2628479003906250
1908.1257              271.2659606933593750
1908.2076              271.2715759277343750
1908.2924              271.2253417968750000
1908.3743              271.2107238769531250
1908.4590              271.2279357910156250
1908.5410              271.2611999511718750
1908.6257              271.2403564453125000
1908.7103              271.2434692382812500
1908.7924              271.2550048828125000
1908.8771              271.2738037109375000
1908.9590              271.2885437011718750
1909.0438              271.2991333007812500
1909.1260              271.3036804199218750
1909.2054              271.3166809082031250
1909.2904              271.3125305175781250
1909.3726              271.3111572265625000
1909.4575              271.2989196777343750
1909.5397              271.3134460449218750
1909.6246              271.3048400878906250
1909.7096              271.2840576171875000
1909.7917              271.3011169433593750
1909.8767              271.3468627929687500
1909.9589              271.3519287109375000
1910.0438              271.3279418945312500
1910.1260              271.3236389160156250
1910.2054              271.3245849609375000
1910.2904              271.3255920410156250
1910.3726              271.3237915039062500
1910.4575              271.3486938476562500
1910.5397              271.3424682617187500
1910.6246              271.2968444824218750
1910.7096              271.2216491699218750
1910.7917              271.2261962890625000
1910.8767              271.2356262207031250
1910.9589              271.2397460937500000
1911.0438              271.2464294433593750
1911.1260              271.2550659179687500
1911.2054              271.2576599121093750
1911.2904              271.2654113769531250
1911.3726              271.2192077636718750
1911.4575              271.2701416015625000
1911.5397              271.2956848144531250
1911.6246              271.3018188476562500
1911.7096              271.3183898925781250
1911.7917              271.3381347656250000
1911.8767              271.3465881347656250
1911.9589              271.3330383300781250
1912.0437              271.3166809082031250
1912.1257              271.3098144531250000
1912.2076              271.3582763671875000
1912.2924              271.3194885253906250
1912.3743              271.2992248535156250
1912.4590              271.2038879394531250
1912.5410              271.2240295410156250
1912.6257              271.2229614257812500
1912.7103              271.2135009765625000
1912.7924              271.2146606445312500
1912.8771              271.2292785644531250
1912.9590              271.2452392578125000
1913.0438              271.2488708496093750
1913.1260              271.2521667480468750
1913.2054              271.2544250488281250
1913.2904              271.2347717285156250
1913.3726              271.2527160644531250
1913.4575              271.2612304687500000
1913.5397              271.2597961425781250
1913.6246              271.2536621093750000
1913.7096              271.2835693359375000
1913.7917              271.3107299804687500
1913.8767              271.3295898437500000
1913.9589              271.3527526855468750
1914.0438              271.3497924804687500
1914.1260              271.3360290527343750
1914.2054              271.3419494628906250
1914.2904              271.3298950195312500
1914.3726              271.2837219238281250
1914.4575              271.3937377929687500
1914.5397              271.4654235839843750
1914.6246              271.4293518066406250
1914.7096              271.4898681640625000
1914.7917              271.5260925292968750
1914.8767              271.5283813476562500
1914.9589              271.5334167480468750
1915.0438              271.5223388671875000
1915.1260              271.4934387207031250
1915.2054              271.4604187011718750
1915.2904              271.4482116699218750
1915.3726              271.4431762695312500
1915.4575              271.4421386718750000
1915.5397              271.3952941894531250
1915.6246              271.3725891113281250
1915.7096              271.3572998046875000
1915.7917              271.3653564453125000
1915.8767              271.3860168457031250
1915.9589              271.3818664550781250
1916.0437              271.3755493164062500
1916.1257              271.3709716796875000
1916.2076              271.3559265136718750
1916.2924              271.3453369140625000
1916.3743              271.2629699707031250
1916.4590              271.2380065917968750
1916.5410              271.2391357421875000
1916.6257              271.2218017578125000
1916.7103              271.2899780273437500
1916.7924              271.3583374023437500
1916.8771              271.3667297363281250
1916.9590              271.3696594238281250
1917.0438              271.3631896972656250
1917.1260              271.3536071777343750
1917.2054              271.3345947265625000
1917.2904              271.2542419433593750
1917.3726              271.2567749023437500
1917.4575              271.2979125976562500
1917.5397              271.2970581054687500
1917.6246              271.3009948730468750
1917.7096              271.3023376464843750
1917.7917              271.2946166992187500
1917.8767              271.2743225097656250
1917.9589              271.2706909179687500
1918.0438              271.2757568359375000
1918.1260              271.2735595703125000
1918.2054              271.2757873535156250
1918.2904              271.2834777832031250
1918.3726              271.2231750488281250
1918.4575              271.2375793457031250
1918.5397              271.2891540527343750
1918.6246              271.2919616699218750
1918.7096              271.2962646484375000
1918.7917              271.2940673828125000
1918.8767              271.2853393554687500
1918.9589              271.2980957031250000
1919.0438              271.3083496093750000
1919.1260              271.3090515136718750
1919.2054              271.3074035644531250
1919.2904              271.2920532226562500
1919.3726              271.2071533203125000
1919.4575              271.2113952636718750
1919.5397              271.2393493652343750
1919.6246              271.2553100585937500
1919.7096              271.3016052246093750
1919.7917              271.3069458007812500
1919.8767              271.3031616210937500
1919.9589              271.3066101074218750
1920.0437              271.2884826660156250
1920.1257              271.2811279296875000
1920.2076              271.2806091308593750
1920.2924              271.2816772460937500
1920.3743              271.2521057128906250
1920.4590              271.2806396484375000
1920.5410              271.2976684570312500
1920.6257              271.3059692382812500
1920.7103              271.3118896484375000
1920.7924              271.3365783691406250
1920.8771              271.3987121582031250
1920.9590              271.3507385253906250
1921.0438              271.3483276367187500
1921.1260              271.3489074707031250
1921.2054              271.3460083007812500
1921.2904              271.2403259277343750
1921.3726              271.2216796875000000
1921.4575              271.2396545410156250
1921.5397              271.2430419921875000
1921.6246              271.2799377441406250
1921.7096              271.2704162597656250
1921.7917              271.2958679199218750
1921.8767              271.3259277343750000
1921.9589              271.3375244140625000
1922.0438              271.3339843750000000
1922.1260              271.3436279296875000
1922.2054              271.3467712402343750
1922.2904              271.3289489746093750
1922.3726              271.3013916015625000
1922.4575              271.3074645996093750
1922.5397              271.3132934570312500
1922.6246              271.3167114257812500
1922.7096              271.3167114257812500
1922.7917              271.3175048828125000
1922.8767              271.3424072265625000
1922.9589              271.3633117675781250
1923.0438              271.3697204589843750
1923.1260              271.5602416992187500
1923.2054              271.5952148437500000
1923.2904              271.4285278320312500
1923.3726              271.3681640625000000
1923.4575              271.2545166015625000
1923.5397              271.3019104003906250
1923.6246              271.3348693847656250
1923.7096              271.3011169433593750
1923.7917              271.3339538574218750
1923.8767              271.3231811523437500
1923.9589              271.3442077636718750
1924.0437              271.3473205566406250
1924.1257              271.3651428222656250
1924.2076              271.3808898925781250
1924.2924              271.4007873535156250
1924.3743              271.2734985351562500
1924.4590              271.2803955078125000
1924.5410              271.3274841308593750
1924.6257              271.3904418945312500
1924.7103              271.4197387695312500
1924.7924              271.4876708984375000
1924.8771              271.5334777832031250
1924.9590              271.5564270019531250
1925.0438              271.5654296875000000
1925.1260              271.5792236328125000
1925.2054              271.5836181640625000
1925.2904              271.5757141113281250
1925.3726              271.4828186035156250
1925.4575              271.3311462402343750
1925.5397              271.4140625000000000
1925.6246              271.6276855468750000
1925.7096              271.5560913085937500
1925.7917              271.7425842285156250
1925.8767              271.6489257812500000
1925.9589              271.5669555664062500
1926.0438              271.5157470703125000
1926.1260              271.4969482421875000
1926.2054              271.4808044433593750
1926.2904              271.4604492187500000
1926.3726              271.4143066406250000
1926.4575              271.3904418945312500
1926.5397              271.3640136718750000
1926.6246              271.3680114746093750
1926.7096              271.3638305664062500
1926.7917              271.3925476074218750
1926.8767              271.3917541503906250
1926.9589              271.3783874511718750
1927.0438              271.3650512695312500
1927.1260              271.3438415527343750
1927.2054              271.3375549316406250
1927.2904              271.3322753906250000
1927.3726              271.2944946289062500
1927.4575              271.2460632324218750
1927.5397              271.2423400878906250
1927.6246              271.2015075683593750
1927.7096              271.2318115234375000
1927.7917              271.2420043945312500
1927.8767              271.2527160644531250
1927.9589              271.2577819824218750
1928.0437              271.2621765136718750
1928.1257              271.2595825195312500
1928.2076              271.2623291015625000
1928.2924              271.2623596191406250
1928.3743              271.2308349609375000
1928.4590              271.2214355468750000
1928.5410              271.2202148437500000
1928.6257              271.2294921875000000
1928.7103              271.2626342773437500
1928.7924              271.2890625000000000
1928.8771              271.3009643554687500
1928.9590              271.3203735351562500
1929.0438              271.3193054199218750
1929.1260              271.3038635253906250
1929.2054              271.2890014648437500
1929.2904              271.2859191894531250
1929.3726              271.2857971191406250
1929.4575              271.2809143066406250
1929.5397              271.2807922363281250
1929.6246              271.2256469726562500
1929.7096              271.2449340820312500
1929.7917              271.2167663574218750
1929.8767              271.2132568359375000
1929.9589              271.2307434082031250
1930.0438              271.2412109375000000
1930.1260              271.2434387207031250
1930.2054              271.2463684082031250
1930.2904              271.2205810546875000
1930.3726              271.2138061523437500
1930.4575              271.2131652832031250
1930.5397              271.2183837890625000
1930.6246              271.2304382324218750
1930.7096              271.2340698242187500
1930.7917              271.2623901367187500
1930.8767              271.2669677734375000
1930.9589              271.2686767578125000
1931.0438              271.2714233398437500
1931.1260              271.2789001464843750
1931.2054              271.2862854003906250
1931.2904              271.2662353515625000
1931.3726              271.3114624023437500
1931.4575              271.2960205078125000
1931.5397              271.3049316406250000
1931.6246              271.3026123046875000
1931.7096              271.3272399902343750
1931.7917              271.3411254882812500
1931.8767              271.3590393066406250
1931.9589              271.3869934082031250
1932.0437              271.3977966308593750
1932.1257              271.4075012207031250
1932.2076              271.4213256835937500
1932.2924              271.4071960449218750
1932.3743              271.3554382324218750
1932.4590              271.3649291992187500
1932.5410              271.3748779296875000
1932.6257              271.3833618164062500
1932.7103              271.3832397460937500
1932.7924              271.4162292480468750
1932.8771              271.4304809570312500
1932.9590              271.4387817382812500
1933.0438              271.5152282714843750
1933.1260              272.2088623046875000
1933.2054              272.5234985351562500
1933.2904              272.0632629394531250
1933.3726              271.6643066406250000
1933.4575              271.2547302246093750
1933.5397              271.2325744628906250
1933.6246              271.2442932128906250
1933.7096              271.2350158691406250
1933.7917              271.2909851074218750
1933.8767              271.4029235839843750
1933.9589              271.3863525390625000
1934.0438              271.3634948730468750
1934.1260              271.3857727050781250
1934.2054              271.4913940429687500
1934.2904              271.3711547851562500
1934.3726              271.2595825195312500
1934.4575              271.2449951171875000
1934.5397              271.2313232421875000
1934.6246              271.2233581542968750
1934.7096              271.2816162109375000
1934.7917              271.2958679199218750
1934.8767              271.3231201171875000
1934.9589              271.3431091308593750
1935.0438              271.3513183593750000
1935.1260              271.3456726074218750
1935.2054              271.3112487792968750
1935.2904              271.2148437500000000
1935.3726              271.2392272949218750
1935.4575              271.2652587890625000
1935.5397              271.2631530761718750
1935.6246              271.2499084472656250
1935.7096              271.2533569335937500
1935.7917              271.2869873046875000
1935.8767              271.3213195800781250
1935.9589              271.3113098144531250
1936.0437              271.3064880371093750
1936.1257              271.3668518066406250
1936.2076              271.5054931640625000
1936.2924              271.3197326660156250
1936.3743              271.2559204101562500
1936.4590              271.2230529785156250
1936.5410              271.2626953125000000
1936.6257              271.2777709960937500
1936.7103              271.2969970703125000
1936.7924              271.3142089843750000
1936.8771              271.3763427734375000
1936.9590              271.4320678710937500
1937.0438              271.4215393066406250
1937.1260              271.6501464843750000
1937.2054              271.7623901367187500
1937.2904              271.4881591796875000
1937.3726              271.3813476562500000
1937.4575              271.2225341796875000
1937.5397              271.3543395996093750
1937.6246              271.3593750000000000
1937.7096              271.3754272460937500
1937.7917              271.4125671386718750
1937.8767              271.4624938964843750
1937.9589              271.4386291503906250
1938.0438              271.3924865722656250
1938.1260              271.3673095703125000
1938.2054              271.3571472167968750
1938.2904              271.2738952636718750
1938.3726              271.2654113769531250
1938.4575              271.3179321289062500
1938.5397              271.3392028808593750
1938.6246              271.3433532714843750
1938.7096              271.3406982421875000
1938.7917              271.3486633300781250
1938.8767              271.3403625488281250
1938.9589              271.3386230468750000
1939.0438              271.3343811035156250
1939.1260              271.3355102539062500
1939.2054              271.3404541015625000
1939.2904              271.3571166992187500
1939.3726              271.3094482421875000
1939.4575              271.3370971679687500
1939.5397              271.3065795898437500
1939.6246              271.2991333007812500
1939.7096              271.2854919433593750
1939.7917              271.2542419433593750
1939.8767              271.2695617675781250
1939.9589              271.2894897460937500
1940.0437              271.2852783203125000
1940.1257              271.2604064941406250
1940.2076              271.2728271484375000
1940.2924              271.2968139648437500
1940.3743              271.2281494140625000
1940.4590              271.3212585449218750
1940.5410              271.3023071289062500
1940.6257              271.3253173828125000
1940.7103              271.4159851074218750
1940.7924              271.4463195800781250
1940.8771              271.4559936523437500
1940.9590              271.4251098632812500
1941.0438              271.3973693847656250
1941.1260              271.3668212890625000
1941.2054              271.3496704101562500
1941.2904              271.3453063964843750
1941.3726              271.2487182617187500
1941.4575              271.2172851562500000
1941.5397              271.2918701171875000
1941.6246              271.2933959960937500
1941.7096              271.3182067871093750
1941.7917              271.3428955078125000
1941.8767              271.4530334472656250
1941.9589              271.4576110839843750
1942.0438              271.4612426757812500
1942.1260              271.4594726562500000
1942.2054              271.4562683105468750
1942.2904              271.4541320800781250
1942.3726              271.4079589843750000
1942.4575              271.3575439453125000
1942.5397              271.3773498535156250
1942.6246              271.4011230468750000
1942.7096              271.4422912597656250
1942.7917              271.5325317382812500
1942.8767              271.5131530761718750
1942.9589              271.4814147949218750
1943.0438              271.4614868164062500
1943.1260              271.4364318847656250
1943.2054              271.4394226074218750
1943.2904              271.4534912109375000
1943.3726              271.3579711914062500
1943.4575              271.3780822753906250
1943.5397              271.3678894042968750
1943.6246              271.3223266601562500
1943.7096              271.3630065917968750
1943.7917              271.3767089843750000
1943.8767              271.3681335449218750
1943.9589              271.3600463867187500
1944.0437              271.3626403808593750
1944.1257              271.3612365722656250
1944.2076              271.3631591796875000
1944.2924              271.3429565429687500
1944.3743              271.2294311523437500
1944.4590              271.2537231445312500
1944.5410              271.2560119628906250
1944.6257              271.3234558105468750
1944.7103              271.3722534179687500
1944.7924              271.4364929199218750
1944.8771              271.5498352050781250
1944.9590              271.5258483886718750
1945.0438              271.4832153320312500
1945.1260              271.4548950195312500
1945.2054              271.4468994140625000
1945.2904              271.3955383300781250
1945.3726              271.2340393066406250
1945.4575              271.3243713378906250
1945.5397              271.4039916992187500
1945.6246              271.4316101074218750
1945.7096              271.5136718750000000
1945.7917              271.5279235839843750
1945.8767              271.5364685058593750
1945.9589              271.5257263183593750
1946.0438              271.4888916015625000
1946.1260              271.4481201171875000
1946.2054              271.4320678710937500
1946.2904              271.4320373535156250
1946.3726              271.3006896972656250
1946.4575              271.3045043945312500
1946.5397              271.3178100585937500
1946.6246              271.2849426269531250
1946.7096              271.3118286132812500
1946.7917              271.3764648437500000
1946.8767              271.4358520507812500
1946.9589              271.4625854492187500
1947.0438              271.5615844726562500
1947.1260              272.1028747558593750
1947.2054              272.1631774902343750
1947.2904              271.5632019042968750
1947.3726              271.5333557128906250
1947.4575              271.4136962890625000
1947.5397              271.2474670410156250
1947.6246              271.2293701171875000
1947.7096              271.2440490722656250
1947.7917              271.2380676269531250
1947.8767              271.2327575683593750
1947.9589              271.2535400390625000
1948.0437              271.2685852050781250
1948.1257              271.4385375976562500
1948.2076              271.3733215332031250
1948.2924              271.3157043457031250
1948.3743              271.3070373535156250
1948.4590              271.2298889160156250
1948.5410              271.2755432128906250
1948.6257              271.2458801269531250
1948.7103              271.2352905273437500
1948.7924              271.2522583007812500
1948.8771              271.3006896972656250
1948.9590              271.3317871093750000
1949.0438              271.3508911132812500
1949.1260              271.3607177734375000
1949.2054              271.3667907714843750
1949.2904              271.3274841308593750
1949.3726              271.2766418457031250
1949.4575              271.3052978515625000
1949.5397              271.3128051757812500
1949.6246              271.3080444335937500
1949.7096              271.3274536132812500
1949.7917              271.3407897949218750
1949.8767              271.3533935546875000
1949.9589              271.3572387695312500
1950.0438              271.3620605468750000
1950.1260              271.3716430664062500
1950.2054              271.3695068359375000
1950.2904              271.3825378417968750
1950.3726              271.2270507812500000
1950.4575              271.2499389648437500
1950.5397              271.2578125000000000
1950.6246              271.2431640625000000
1950.7096              271.2405090332031250
1950.7917              271.3416137695312500
1950.8767              271.3831481933593750
1950.9589              271.3786621093750000
1951.0438              271.3865356445312500
1951.1260              271.7210693359375000
1951.2054              271.8616943359375000
1951.2904              271.5063476562500000
1951.3726              271.4457397460937500
1951.4575              271.2424621582031250
1951.5397              271.3516235351562500
1951.6246              271.4331665039062500
1951.7096              271.4334716796875000
1951.7917              271.4279479980468750
1951.8767              271.4783935546875000
1951.9589              271.4900207519531250
1952.0437              271.4801330566406250
1952.1257              271.6708068847656250
1952.2076              271.6843566894531250
1952.2924              271.4937133789062500
1952.3743              271.3332519531250000
1952.4590              271.3183288574218750
1952.5410              271.4102783203125000
1952.6257              271.4305419921875000
1952.7103              271.4586486816406250
1952.7924              271.4564208984375000
1952.8771              271.5213623046875000
1952.9590              271.5192871093750000
1953.0438              271.4986877441406250
1953.1260              271.4780883789062500
1953.2054              271.4533996582031250
1953.2904              271.4438781738281250
1953.3726              271.3418884277343750
1953.4575              271.2427062988281250
1953.5397              271.2442016601562500
1953.6246              271.2999267578125000
1953.7096              271.3240966796875000
1953.7917              271.3378601074218750
1953.8767              271.3496704101562500
1953.9589              271.3664550781250000
1954.0438              271.3835449218750000
1954.1260              271.3856201171875000
1954.2054              271.3820800781250000
1954.2904              271.2515869140625000
1954.3726              271.2590637207031250
1954.4575              271.3203430175781250
1954.5397              271.3641052246093750
1954.6246              271.3372802734375000
1954.7096              271.3979492187500000
1954.7917              271.4105834960937500
1954.8767              271.4129943847656250
1954.9589              271.4152221679687500
1955.0438              271.4191894531250000
1955.1260              271.4231872558593750
1955.2054              271.4212646484375000
1955.2904              271.3938293457031250
1955.3726              271.3064270019531250
1955.4575              271.3171691894531250
1955.5397              271.3506164550781250
1955.6246              271.3808898925781250
1955.7096              271.3891296386718750
1955.7917              271.3502502441406250
1955.8767              271.3413085937500000
1955.9589              271.3507080078125000
1956.0437              271.4390563964843750
1956.1257              271.9267272949218750
1956.2076              271.9881591796875000
1956.2924              271.5268859863281250
1956.3743              271.3601989746093750
1956.4590              271.2066345214843750
1956.5410              271.2273559570312500
1956.6257              271.2514953613281250
1956.7103              271.2845153808593750
1956.7924              271.2847595214843750
1956.8771              271.2758789062500000
1956.9590              271.2907714843750000
1957.0438              271.3031616210937500
1957.1260              271.3137512207031250
1957.2054              271.3200683593750000
1957.2904              271.3410339355468750
1957.3726              271.3035278320312500
1957.4575              271.2211914062500000
1957.5397              271.2150268554687500
1957.6246              271.2175903320312500
1957.7096              271.2619934082031250
1957.7917              271.2696228027343750
1957.8767              271.3090209960937500
1957.9589              271.3194274902343750
1958.0438              271.3249816894531250
1958.1260              271.3214416503906250
1958.2054              271.3251647949218750
1958.2904              271.3112182617187500
1958.3726              271.2324523925781250
1958.4575              271.2090148925781250
1958.5397              271.2705688476562500
1958.6246              271.2916259765625000
1958.7096              271.2922058105468750
1958.7917              271.2797546386718750
1958.8767              271.2899780273437500
1958.9589              271.3121948242187500
1959.0438              271.3240966796875000
1959.1260              271.3353881835937500
1959.2054              271.3542480468750000
1959.2904              271.3815917968750000
1959.3726              271.3926696777343750
1959.4575              271.4160461425781250
1959.5397              271.4215087890625000
1959.6246              271.3803710937500000
1959.7096              271.3660888671875000
1959.7917              271.3593750000000000
1959.8767              271.3282775878906250
1959.9589              271.3169555664062500
1960.0437              271.3279418945312500
1960.1257              271.3368225097656250
1960.2076              271.3448791503906250
1960.2924              271.3759765625000000
1960.3743              271.2942199707031250
1960.4590              271.3526916503906250
1960.5410              271.3974914550781250
1960.6257              271.4134521484375000
1960.7103              271.4456787109375000
1960.7924              271.4524841308593750
1960.8771              271.4405517578125000
1960.9590              271.4241943359375000
1961.0438              271.4253540039062500
1961.1260              271.4200439453125000
1961.2054              271.4029235839843750
1961.2904              271.4316711425781250
1961.3726              271.3199768066406250
1961.4575              271.2373962402343750
1961.5397              271.3258056640625000
1961.6246              271.3410644531250000
1961.7096              271.3118896484375000
1961.7917              271.3034362792968750
1961.8767              271.2898559570312500
1961.9589              271.3070068359375000
1962.0438              271.3235168457031250
1962.1260              271.3310852050781250
1962.2054              271.3516235351562500
1962.2904              271.3672180175781250
1962.3726              271.3537597656250000
1962.4575              271.3436889648437500
1962.5397              271.3528137207031250
1962.6246              271.3783264160156250
1962.7096              271.4054565429687500
1962.7917              271.4100646972656250
1962.8767              271.3772888183593750
1962.9589              271.3412780761718750
1963.0438              271.3305969238281250
1963.1260              271.3269653320312500
1963.2054              271.3370056152343750
1963.2904              271.2851867675781250
1963.3726              271.2351379394531250
1963.4575              271.2753295898437500
1963.5397              271.3206176757812500
1963.6246              271.3720703125000000
1963.7096              271.3931274414062500
1963.7917              271.3517150878906250
1963.8767              271.3449707031250000
1963.9589              271.3459472656250000
1964.0437              271.3496704101562500
1964.1257              271.4334716796875000
1964.2076              271.4917297363281250
1964.2924              271.3610839843750000
1964.3743              271.2975769042968750
1964.4590              271.2105407714843750
1964.5410              271.2416381835937500
1964.6257              271.2146606445312500
1964.7103              271.2122192382812500
1964.7924              271.2277221679687500
1964.8771              271.2366943359375000
1964.9590              271.2294921875000000
1965.0438              271.3440856933593750
1965.1260              271.9177246093750000
1965.2054              272.1507263183593750
1965.2904              271.9227905273437500
1965.3726              271.4483642578125000
1965.4575              271.2665405273437500
1965.5397              271.2751770019531250
1965.6246              271.4332275390625000
1965.7096              271.4495849609375000
1965.7917              271.4327697753906250
1965.8767              271.4032897949218750
1965.9589              271.3872985839843750
1966.0438              271.3782653808593750
1966.1260              271.3602294921875000
1966.2054              271.3486328125000000
1966.2904              271.3573608398437500
1966.3726              271.2537841796875000
1966.4575              271.2090454101562500
1966.5397              271.2158508300781250
1966.6246              271.2749023437500000
1966.7096              271.2755737304687500
1966.7917              271.2828369140625000
1966.8767              271.2696838378906250
1966.9589              271.2644653320312500
1967.0438              271.2773132324218750
1967.1260              271.2866210937500000
1967.2054              271.2918701171875000
1967.2904              271.2924804687500000
1967.3726              271.2955932617187500
1967.4575              271.2586364746093750
1967.5397              271.2279052734375000
1967.6246              271.2472229003906250
1967.7096              271.2685546875000000
1967.7917              271.2731628417968750
1967.8767              271.2796325683593750
1967.9589              271.2916870117187500
1968.0437              271.2888488769531250
1968.1257              271.2751770019531250
1968.2076              271.2733154296875000
1968.2924              271.2358703613281250
1968.3743              271.2233581542968750
1968.4590              271.2368164062500000
1968.5410              271.2353820800781250
1968.6257              271.2308349609375000
1968.7103              271.2403564453125000
1968.7924              271.2813720703125000
1968.8771              271.3258056640625000
1968.9590              271.3306274414062500
1969.0438              271.3348693847656250
1969.1260              271.3471984863281250
1969.2054              271.3497924804687500
1969.2904              271.3340759277343750
1969.3726              271.3428955078125000
1969.4575              271.5700683593750000
1969.5397              271.5337219238281250
1969.6246              271.4766845703125000
1969.7096              271.5001220703125000
1969.7917              271.5328979492187500
1969.8767              271.5780029296875000
1969.9589              271.6085510253906250
1970.0438              271.5436706542968750
1970.1260              271.7298583984375000
1970.2054              271.7541809082031250
1970.2904              271.4984436035156250
1970.3726              271.3686828613281250
1970.4575              271.2152099609375000
1970.5397              271.2286682128906250
1970.6246              271.2326965332031250
1970.7096              271.2319030761718750
1970.7917              271.2628784179687500
1970.8767              271.2814025878906250
1970.9589              271.2982177734375000
1971.0438              271.3010559082031250
1971.1260              271.3188781738281250
1971.2054              271.3286743164062500
1971.2904              271.3509216308593750
1971.3726              271.3300781250000000
1971.4575              271.3276672363281250
1971.5397              271.2742919921875000
1971.6246              271.3254699707031250
1971.7096              271.3815002441406250
1971.7917              271.3894042968750000
1971.8767              271.3331298828125000
1971.9589              271.3433837890625000
1972.0437              271.3462829589843750
1972.1257              271.3169860839843750
1972.2076              271.3014221191406250
1972.2924              271.3243408203125000
1972.3743              271.3380432128906250
1972.4590              271.3152770996093750
1972.5410              271.2622680664062500
1972.6257              271.2169189453125000
1972.7103              271.3335266113281250
1972.7924              271.3816528320312500
1972.8771              271.3761901855468750
1972.9590              271.3699340820312500
1973.0438              271.3658142089843750
1973.1260              271.5748291015625000
1973.2054              271.6987609863281250
1973.2904              271.4325561523437500
1973.3726              271.4195251464843750
1973.4575              271.2349853515625000
1973.5397              271.2131958007812500
1973.6246              271.2082519531250000
1973.7096              271.2145385742187500
1973.7917              271.2337951660156250
1973.8767              271.2544860839843750
1973.9589              271.2586975097656250
1974.0438              271.2641601562500000
1974.1260              271.2656250000000000
1974.2054              271.2656860351562500
1974.2904              271.2316589355468750
1974.3726              271.2679443359375000
1974.4575              271.2674560546875000
1974.5397              271.2770690917968750
1974.6246              271.2833251953125000
1974.7096              271.2815246582031250
1974.7917              271.2969970703125000
1974.8767              271.3033142089843750
1974.9589              271.2957458496093750
1975.0438              271.2890014648437500
1975.1260              271.2930297851562500
1975.2054              271.2951354980468750
1975.2904              271.2929077148437500
1975.3726              271.2731628417968750
1975.4575              271.2265625000000000
1975.5397              271.2307128906250000
1975.6246              271.2139892578125000
1975.7096              271.2260131835937500
1975.7917              271.2540283203125000
1975.8767              271.2703552246093750
1975.9589              271.2647399902343750
1976.0437              271.2663574218750000
1976.1257              271.2709045410156250
1976.2076              271.2764587402343750
1976.2924              271.2898254394531250
1976.3743              271.3126831054687500
1976.4590              271.3165283203125000
1976.5410              271.3236083984375000
1976.6257              271.2778930664062500
1976.7103              271.2520446777343750
1976.7924              271.2471923828125000
1976.8771              271.2485656738281250
1976.9590              271.2639160156250000
1977.0438              271.2919921875000000
1977.1260              271.3055725097656250
1977.2054              271.3034973144531250
1977.2904              271.3060913085937500
1977.3726              271.2129516601562500
1977.4575              271.2368164062500000
1977.5397              271.2477722167968750
1977.6246              271.2203674316406250
1977.7096              271.2373352050781250
1977.7917              271.2775268554687500
1977.8767              271.2947082519531250
1977.9589              271.3064270019531250
1978.0438              271.3196411132812500
1978.1260              271.3286437988281250
1978.2054              271.3371582031250000
1978.2904              271.3353881835937500
1978.3726              271.2625732421875000
1978.4575              271.2473449707031250
1978.5397              271.2728576660156250
1978.6246              271.2801513671875000
1978.7096              271.2762451171875000
1978.7917              271.3293762207031250
1978.8767              271.3521728515625000
1978.9589              271.3521118164062500
1979.0438              271.3743896484375000
1979.1260              271.7634887695312500
1979.2054              271.8003845214843750
1979.2904              271.4211730957031250
1979.3726              271.3937377929687500
1979.4575              271.2385559082031250
1979.5397              271.3291320800781250
1979.6246              271.4213562011718750
1979.7096              271.4722900390625000
1979.7917              271.4776611328125000
1979.8767              271.4593505859375000
1979.9589              271.4351196289062500
1980.0437              271.4580993652343750
1980.1257              271.8741455078125000
1980.2076              272.0383300781250000
1980.2924              271.5623168945312500
1980.3743              271.4556579589843750
1980.4590              271.2152099609375000
1980.5410              271.2460021972656250
1980.6257              271.2563781738281250
1980.7103              271.2374572753906250
1980.7924              271.2894287109375000
1980.8771              271.3507690429687500
1980.9590              271.3856811523437500
1981.0438              271.3846740722656250
1981.1260              271.3741455078125000
1981.2054              271.3512268066406250
1981.2904              271.2332153320312500
1981.3726              271.2313537597656250
1981.4575              271.2731018066406250
1981.5397              271.2262573242187500
1981.6246              271.2337646484375000
1981.7096              271.2867126464843750
1981.7917              271.2842102050781250
1981.8767              271.2839965820312500
1981.9589              271.2856750488281250
1982.0438              271.2928161621093750
1982.1260              271.3309020996093750
1982.2054              271.3184814453125000
1982.2904              271.3367919921875000
1982.3726              271.3599243164062500
1982.4575              271.2551879882812500
1982.5397              271.2718200683593750
1982.6246              271.2853088378906250
1982.7096              271.3130493164062500
1982.7917              271.3080139160156250
1982.8767              271.3197631835937500
1982.9589              271.3302001953125000
1983.0438              271.3282165527343750
1983.1260              271.3200378417968750
1983.2054              271.3077392578125000
1983.2904              271.3121337890625000
1983.3726              271.2621154785156250
1983.4575              271.2601623535156250
1983.5397              271.2865600585937500
1983.6246              271.2849426269531250
1983.7096              271.2862854003906250
1983.7917              271.2825012207031250
1983.8767              271.2809143066406250
1983.9589              271.2714538574218750
1984.0437              271.2699279785156250
1984.1257              271.2706909179687500
1984.2076              271.2647705078125000
1984.2924              271.2838439941406250
1984.3743              271.2281494140625000
1984.4590              271.2116699218750000
1984.5410              271.2128601074218750
1984.6257              271.2620544433593750
1984.7103              271.2738037109375000
1984.7924              271.2524108886718750
1984.8771              271.2876586914062500
1984.9590              271.3092651367187500
1985.0438              271.3211975097656250
1985.1260              271.5605773925781250
1985.2054              271.5668945312500000
1985.2904              271.3876037597656250
1985.3726              271.3695983886718750
1985.4575              271.2286987304687500
1985.5397              271.2896728515625000
1985.6246              271.2714843750000000
1985.7096              271.3439025878906250
1985.7917              271.3390808105468750
1985.8767              271.3319396972656250
1985.9589              271.3167114257812500
1986.0438              271.3007202148437500
1986.1260              271.6088867187500000
1986.2054              271.8301696777343750
1986.2904              271.4594421386718750
1986.3726              271.3117980957031250
1986.4575              271.2692565917968750
1986.5397              271.2730102539062500
1986.6246              271.2763671875000000
1986.7096              271.2641296386718750
1986.7917              271.2898864746093750
1986.8767              271.2904357910156250
1986.9589              271.2913818359375000
1987.0438              271.2955627441406250
1987.1260              271.4291687011718750
1987.2054              271.5455322265625000
1987.2904              271.3413085937500000
1987.3726              271.2744140625000000
1987.4575              271.3172912597656250
1987.5397              271.3604125976562500
1987.6246              271.3046569824218750
1987.7096              271.2549743652343750
1987.7917              271.2832031250000000
1987.8767              271.2830810546875000
1987.9589              271.2833557128906250
1988.0437              271.3387451171875000
1988.1257              271.8557128906250000
1988.2076              271.9776306152343750
1988.2924              271.4734191894531250
1988.3743              271.4249877929687500
1988.4590              271.2515258789062500
1988.5410              271.2773437500000000
1988.6257              271.2523803710937500
1988.7103              271.3170166015625000
1988.7924              271.3273620605468750
1988.8771              271.3471679687500000
1988.9590              271.3521728515625000
1989.0438              271.3519287109375000
1989.1260              271.3371276855468750
1989.2054              271.3391113281250000
1989.2904              271.3508300781250000
1989.3726              271.3306274414062500
1989.4575              271.3129272460937500
1989.5397              271.2967529296875000
1989.6246              271.3337097167968750
1989.7096              271.3537902832031250
1989.7917              271.3687744140625000
1989.8767              271.3744812011718750
1989.9589              271.3586120605468750
1990.0438              271.3317871093750000
1990.1260              271.3142089843750000
1990.2054              271.2973327636718750
1990.2904              271.3121643066406250
1990.3726              271.2788391113281250
1990.4575              271.2760009765625000
1990.5397              271.2936706542968750
1990.6246              271.3314208984375000
1990.7096              271.3561401367187500
1990.7917              271.3476867675781250
1990.8767              271.3459777832031250
1990.9589              271.3356933593750000
1991.0438              271.3275146484375000
1991.1260              271.3320922851562500
1991.2054              271.3701477050781250
1991.2904              271.3447265625000000
1991.3726              271.2321166992187500
1991.4575              271.2419738769531250
1991.5397              271.3048706054687500
1991.6246              271.2870483398437500
1991.7096              271.2403259277343750
1991.7917              271.2725219726562500
1991.8767              271.3309326171875000
1991.9589              271.3528747558593750
1992.0437              271.3496093750000000
1992.1257              271.3854370117187500
1992.2076              271.3297424316406250
1992.2924              271.3308105468750000
1992.3743              271.3033447265625000
1992.4590              271.2275390625000000
1992.5410              271.2838745117187500
1992.6257              271.3168640136718750
1992.7103              271.3491210937500000
1992.7924              271.3649597167968750
1992.8771              271.3698120117187500
1992.9590              271.3603515625000000
1993.0438              271.3592834472656250
1993.1260              271.3361206054687500
1993.2054              271.3112182617187500
1993.2904              271.2589721679687500
1993.3726              271.2067565917968750
1993.4575              271.2385864257812500
1993.5397              271.2460327148437500
1993.6246              271.2654418945312500
1993.7096              271.2988891601562500
1993.7917              271.3005981445312500
1993.8767              271.3196411132812500
1993.9589              271.3317871093750000
1994.0438              271.3313293457031250
1994.1260              271.3140258789062500
1994.2054              271.3037109375000000
1994.2904              271.3074645996093750
1994.3726              271.3072509765625000
1994.4575              271.2943115234375000
1994.5397              271.2695617675781250
1994.6246              271.2389526367187500
1994.7096              271.2266540527343750
1994.7917              271.2927246093750000
1994.8767              271.3274230957031250
1994.9589              271.3337707519531250
1995.0438              271.3270568847656250
1995.1260              271.3197326660156250
1995.2054              271.2977905273437500
1995.2904              271.2447204589843750
1995.3726              271.2007446289062500
1995.4575              271.2314758300781250
1995.5397              271.2567749023437500
1995.6246              271.2707519531250000
1995.7096              271.2615661621093750
1995.7917              271.2422180175781250
1995.8767              271.2562255859375000
1995.9589              271.2618408203125000
1996.0437              271.2639160156250000
1996.1257              271.2660827636718750
1996.2076              271.2661743164062500
1996.2924              271.2700500488281250
1996.3743              271.2233581542968750
1996.4590              271.2492370605468750
1996.5410              271.2391052246093750
1996.6257              271.2265014648437500
1996.7103              271.2149658203125000
1996.7924              271.2154541015625000
1996.8771              271.2199401855468750
1996.9590              271.2240600585937500
1997.0438              271.2256164550781250
1997.1260              271.2744445800781250
1997.2054              271.4969177246093750
1997.2904              271.2637634277343750
1997.3726              271.2191162109375000
1997.4575              271.2322387695312500
1997.5397              271.2261047363281250
1997.6246              271.2174072265625000
1997.7096              271.2363281250000000
1997.7917              271.2590332031250000
1997.8767              271.2893066406250000
1997.9589              271.3006591796875000
1998.0438              271.3018493652343750
1998.1260              271.2948608398437500
1998.2054              271.2802429199218750
1998.2904              271.2846679687500000
1998.3726              271.2270202636718750
1998.4575              271.2684936523437500
1998.5397              271.2555236816406250
1998.6246              271.3130798339843750
1998.7096              271.3126525878906250
1998.7917              271.3067321777343750
1998.8767              271.3161621093750000
1998.9589              271.3136901855468750
1999.0438              271.3153991699218750
1999.1260              271.7212219238281250
1999.2054              271.7932128906250000
1999.2904              271.4049377441406250
1999.3726              271.3053588867187500
1999.4575              271.2203979492187500
1999.5397              271.2455749511718750
1999.6246              271.2474060058593750
1999.7096              271.2650451660156250
1999.7917              271.3360290527343750
1999.8767              271.3905334472656250
1999.9589              271.3740539550781250
2000.0437              271.4297180175781250
2000.1257              272.0051574707031250
2000.2076              272.1308898925781250
2000.2924              271.6248168945312500
2000.3743              271.4700622558593750
2000.4590              271.2642517089843750
2000.5410              271.2926330566406250
2000.6257              271.3320617675781250
2000.7103              271.4089965820312500
2000.7924              271.4554443359375000
2000.8771              271.4270935058593750
2000.9590              271.3974914550781250
