1871.0438              272.3168640136718750
1871.1260              272.9386901855468750
1871.2054              272.9450378417968750
1871.2904              272.5783691406250000
1871.3726              271.8190612792968750
1871.4575              271.6531677246093750
1871.5397              271.7483215332031250
1871.6246              271.9786376953125000
1871.7096              271.9803466796875000
1871.7917              271.9756164550781250
1871.8767              271.9262084960937500
1871.9589              271.8368530273437500
1872.0437              271.9008483886718750
1872.1257              272.4385681152343750
1872.2076              272.5361328125000000
1872.2924              272.0912780761718750
1872.3743              271.5639038085937500
1872.4590              271.5335998535156250
1872.5410              271.7474365234375000
1872.6257              271.9652099609375000
1872.7103              271.9684753417968750
1872.7924              271.9487915039062500
1872.8771              271.8572387695312500
1872.9590              271.7677001953125000
1873.0438              271.9179687500000000
1873.1260              272.4824218750000000
1873.2054              272.6735229492187500
1873.2904              272.2934265136718750
1873.3726              271.6713867187500000
1873.4575              271.4654235839843750
1873.5397              271.6335754394531250
1873.6246              271.9232788085937500
1873.7096              271.9349670410156250
1873.7917              271.9301757812500000
1873.8767              271.8612060546875000
1873.9589              271.7742614746093750
1874.0438              272.0361938476562500
1874.1260              272.7024230957031250
1874.2054              272.8802795410156250
1874.2904              272.4722595214843750
1874.3726              271.7992553710937500
1874.4575              271.5013122558593750
1874.5397              271.6069335937500000
1874.6246              271.7770690917968750
1874.7096              271.9462585449218750
1874.7917              271.9363098144531250
1874.8767              271.8507995605468750
1874.9589              271.7923889160156250
1875.0438              272.2730407714843750
1875.1260              272.8712463378906250
1875.2054              273.0241699218750000
1875.2904              272.6808166503906250
1875.3726              271.9062805175781250
1875.4575              271.5467834472656250
1875.5397              271.6081848144531250
1875.6246              271.9327392578125000
1875.7096              271.9391784667968750
1875.7917              271.9369506835937500
1875.8767              271.8958435058593750
1875.9589              271.8281860351562500
1876.0437              272.1759643554687500
1876.1257              272.9127807617187500
1876.2076              273.0747985839843750
1876.2924              272.6811218261718750
1876.3743              271.7455139160156250
1876.4590              271.6266479492187500
1876.5410              271.8505554199218750
1876.6257              271.9260253906250000
1876.7103              271.9244995117187500
1876.7924              271.9077148437500000
1876.8771              271.8417053222656250
1876.9590              271.7543945312500000
1877.0438              271.7807922363281250
1877.1260              272.2854919433593750
1877.2054              272.4772033691406250
1877.2904              272.2098083496093750
1877.3726              271.6221008300781250
1877.4575              271.4885253906250000
1877.5397              271.5401306152343750
1877.6246              271.7475280761718750
1877.7096              271.9145202636718750
1877.7917              271.9129943847656250
1877.8767              271.8626098632812500
1877.9589              271.7769775390625000
1878.0438              272.0939025878906250
1878.1260              272.7557373046875000
1878.2054              272.8583679199218750
1878.2904              272.4789123535156250
1878.3726              271.8083190917968750
1878.4575              271.6219482421875000
1878.5397              271.8198242187500000
1878.6246              271.9313659667968750
1878.7096              271.9301757812500000
1878.7917              271.9260864257812500
1878.8767              271.8761291503906250
1878.9589              271.8003845214843750
1879.0438              272.3106079101562500
1879.1260              272.9548950195312500
1879.2054              273.0350036621093750
1879.2904              272.6554870605468750
1879.3726              271.7037658691406250
1879.4575              271.6258544921875000
1879.5397              271.7355346679687500
1879.6246              271.9498901367187500
1879.7096              271.9556884765625000
1879.7917              271.9554138183593750
1879.8767              271.9079284667968750
1879.9589              271.8270568847656250
1880.0437              272.0402526855468750
1880.1257              272.7835388183593750
1880.2076              272.8694152832031250
1880.2924              272.3048706054687500
1880.3743              271.6425781250000000
1880.4590              271.6694030761718750
1880.5410              271.7588806152343750
1880.6257              271.9588623046875000
1880.7103              271.9676208496093750
1880.7924              271.9647521972656250
1880.8771              271.9302673339843750
1880.9590              271.8393554687500000
1881.0438              272.1337280273437500
1881.1260              272.8466796875000000
1881.2054              272.9294128417968750
1881.2904              272.4745483398437500
1881.3726              271.6636657714843750
1881.4575              271.6637878417968750
1881.5397              271.8702697753906250
1881.6246              271.9547729492187500
1881.7096              271.9520263671875000
1881.7917              271.9463806152343750
1881.8767              271.8960571289062500
1881.9589              271.8132324218750000
1882.0438              271.8387145996093750
1882.1260              272.4337768554687500
1882.2054              272.5016174316406250
1882.2904              271.9909362792968750
1882.3726              271.5735168457031250
1882.4575              271.5943298339843750
1882.5397              271.6590881347656250
1882.6246              271.8874816894531250
1882.7096              271.9460144042968750
1882.7917              271.9326782226562500
1882.8767              271.8673400878906250
1882.9589              271.8362731933593750
1883.0438              272.2938842773437500
1883.1260              272.9350280761718750
1883.2054              273.0192260742187500
1883.2904              272.6099243164062500
1883.3726              271.8182678222656250
1883.4575              271.5888671875000000
1883.5397              271.6624755859375000
1883.6246              271.8930664062500000
1883.7096              271.9432373046875000
1883.7917              271.9439697265625000
1883.8767              271.9102172851562500
1883.9589              271.8470764160156250
1884.0437              272.4108581542968750
1884.1257              273.0642089843750000
1884.2076              273.0484619140625000
1884.2924              272.7834472656250000
1884.3743              271.9673461914062500
1884.4590              271.6358032226562500
1884.5410              271.6703491210937500
1884.6257              271.7314453125000000
1884.7103              271.9277038574218750
1884.7924              271.9668579101562500
1884.8771              271.9125061035156250
1884.9590              271.8377990722656250
1885.0438              272.4172363281250000
1885.1260              273.0118713378906250
1885.2054              273.0579833984375000
1885.2904              272.6854858398437500
1885.3726              271.8461608886718750
1885.4575              271.6109008789062500
1885.5397              271.7518615722656250
1885.6246              271.9528503417968750
1885.7096              271.9532470703125000
1885.7917              271.9523010253906250
1885.8767              271.9205322265625000
1885.9589              271.8272094726562500
1886.0438              272.0549926757812500
1886.1260              272.7294311523437500
1886.2054              272.8433227539062500
1886.2904              272.4196472167968750
1886.3726              271.6992797851562500
1886.4575              271.6132202148437500
1886.5397              271.6877441406250000
1886.6246              271.8896179199218750
1886.7096              271.8924560546875000
1886.7917              271.8917846679687500
1886.8767              271.8720703125000000
1886.9589              271.7886047363281250
1887.0438              272.0258483886718750
1887.1260              272.6934814453125000
1887.2054              272.8363037109375000
1887.2904              272.5193481445312500
1887.3726              271.7702026367187500
1887.4575              271.6019897460937500
1887.5397              271.7070922851562500
1887.6246              271.8347167968750000
1887.7096              271.8290710449218750
1887.7917              271.8207092285156250
1887.8767              271.7984008789062500
1887.9589              271.7403259277343750
1888.0437              272.0229187011718750
1888.1257              272.6922607421875000
1888.2076              272.7862854003906250
1888.2924              272.6080932617187500
1888.3743              272.0442504882812500
1888.4590              271.5471801757812500
1888.5410              271.5874328613281250
1888.6257              271.6639099121093750
1888.7103              271.7907714843750000
1888.7924              271.7917785644531250
1888.8771              271.7734069824218750
1888.9590              271.7255859375000000
1889.0438              272.1360168457031250
1889.1260              272.8267822265625000
1889.2054              272.9295959472656250
1889.2904              272.6854248046875000
1889.3726              271.7869567871093750
1889.4575              271.5323181152343750
1889.5397              271.5599365234375000
1889.6246              271.6852722167968750
1889.7096              271.7956542968750000
1889.7917              271.7958068847656250
1889.8767              271.7735595703125000
1889.9589              271.7052612304687500
1890.0438              271.7803344726562500
1890.1260              272.3500976562500000
1890.2054              272.5274963378906250
1890.2904              272.2218627929687500
1890.3726              271.6394653320312500
1890.4575              271.4514160156250000
1890.5397              271.6581420898437500
1890.6246              271.7713317871093750
1890.7096              271.7623596191406250
1890.7917              271.7451171875000000
1890.8767              271.6766357421875000
1890.9589              271.6292419433593750
1891.0438              272.1169433593750000
1891.1260              272.7853698730468750
1891.2054              272.9340209960937500
1891.2904              272.6560668945312500
1891.3726              272.1510009765625000
1891.4575              271.5267639160156250
1891.5397              271.5159606933593750
1891.6246              271.5756835937500000
1891.7096              271.7070312500000000
1891.7917              271.7404479980468750
1891.8767              271.7176818847656250
1891.9589              271.6684265136718750
1892.0437              272.0429992675781250
1892.1257              272.6650085449218750
1892.2076              272.7206115722656250
1892.2924              272.3697509765625000
1892.3743              271.6961059570312500
1892.4590              271.4844055175781250
1892.5410              271.5745544433593750
1892.6257              271.7444152832031250
1892.7103              271.7418518066406250
1892.7924              271.7348022460937500
1892.8771              271.6906738281250000
1892.9590              271.6318359375000000
1893.0438              272.0494689941406250
1893.1260              272.6409301757812500
1893.2054              272.7456665039062500
1893.2904              272.3882141113281250
1893.3726              271.6905822753906250
1893.4575              271.5404052734375000
1893.5397              271.5816955566406250
1893.6246              271.7040405273437500
1893.7096              271.7252197265625000
1893.7917              271.7167053222656250
1893.8767              271.7018127441406250
1893.9589              271.6543884277343750
1894.0438              271.8552856445312500
1894.1260              272.4462585449218750
1894.2054              272.6102905273437500
1894.2904              272.3791198730468750
1894.3726              271.8229675292968750
1894.4575              271.4338684082031250
1894.5397              271.4891052246093750
1894.6246              271.5955505371093750
1894.7096              271.7278747558593750
1894.7917              271.7417907714843750
1894.8767              271.7475280761718750
1894.9589              271.7921447753906250
1895.0438              272.4896545410156250
1895.1260              273.0325317382812500
1895.2054              273.2152404785156250
1895.2904              272.8050537109375000
1895.3726              272.0086364746093750
1895.4575              271.5060119628906250
1895.5397              271.7072448730468750
1895.6246              271.7727355957031250
1895.7096              271.7632751464843750
1895.7917              271.7566528320312500
1895.8767              271.7333374023437500
1895.9589              271.7171020507812500
1896.0437              272.3646850585937500
1896.1257              273.0475463867187500
1896.2076              273.1401672363281250
1896.2924              272.7071533203125000
1896.3743              272.0563354492187500
1896.4590              271.5321960449218750
1896.5410              271.5653686523437500
1896.6257              271.7496948242187500
1896.7103              271.7777099609375000
1896.7924              271.7748413085937500
1896.8771              271.7511901855468750
1896.9590              271.7041015625000000
1897.0438              271.9282531738281250
1897.1260              272.5946350097656250
1897.2054              272.7678527832031250
1897.2904              272.4035339355468750
1897.3726              271.6633911132812500
1897.4575              271.5211486816406250
1897.5397              271.7907104492187500
1897.6246              271.8017272949218750
1897.7096              271.7959899902343750
1897.7917              271.7896728515625000
1897.8767              271.7605590820312500
1897.9589              271.7090454101562500
1898.0438              271.8128662109375000
1898.1260              272.4117431640625000
1898.2054              272.5509338378906250
1898.2904              272.2503356933593750
1898.3726              271.5787353515625000
1898.4575              271.4824523925781250
1898.5397              271.6325378417968750
1898.6246              271.7602844238281250
1898.7096              271.8076477050781250
1898.7917              271.8106689453125000
1898.8767              271.7884216308593750
1898.9589              271.7401733398437500
1899.0438              272.0325012207031250
1899.1260              272.7565002441406250
1899.2054              272.7987365722656250
1899.2904              272.4087219238281250
1899.3726              271.6530456542968750
1899.4575              271.5158386230468750
1899.5397              271.7093200683593750
1899.6246              271.7972106933593750
1899.7096              271.8068237304687500
1899.7917              271.8028564453125000
1899.8767              271.7586669921875000
1899.9589              271.7140808105468750
1900.0438              272.1552124023437500
1900.1260              272.9161682128906250
1900.2054              273.0771484375000000
1900.2904              272.6463317871093750
1900.3726              271.7981872558593750
1900.4575              271.5404968261718750
1900.5397              271.6435852050781250
1900.6246              271.8002014160156250
1900.7096              271.8124084472656250
1900.7917              271.8081970214843750
1900.8767              271.7793273925781250
1900.9589              271.7189025878906250
1901.0438              272.1531372070312500
1901.1260              272.8090209960937500
1901.2054              273.0351562500000000
1901.2904              272.7049865722656250
1901.3726              272.1833801269531250
1901.4575              271.5421752929687500
1901.5397              271.7326354980468750
1901.6246              271.8292846679687500
1901.7096              271.8276367187500000
1901.7917              271.8241882324218750
1901.8767              271.7814331054687500
1901.9589              271.7197265625000000
1902.0438              271.7626037597656250
1902.1260              272.3092956542968750
1902.2054              272.3811035156250000
1902.2904              272.0228881835937500
1902.3726              271.5684204101562500
1902.4575              271.5536499023437500
1902.5397              271.6491699218750000
1902.6246              271.8043823242187500
1902.7096              271.8612365722656250
1902.7917              271.8617248535156250
1902.8767              271.8184814453125000
1902.9589              271.7588195800781250
1903.0438              271.8703918457031250
1903.1260              272.5034790039062500
1903.2054              272.6356811523437500
1903.2904              272.3874816894531250
1903.3726              271.6433410644531250
1903.4575              271.5869445800781250
1903.5397              271.7066345214843750
1903.6246              271.8656616210937500
1903.7096              271.8914794921875000
1903.7917              271.8903503417968750
1903.8767              271.8642578125000000
1903.9589              271.8043212890625000
1904.0437              272.0429992675781250
1904.1257              272.7041320800781250
1904.2076              272.9179687500000000
1904.2924              272.6002807617187500
1904.3743              271.9510498046875000
1904.4590              271.4708557128906250
1904.5410              271.6083984375000000
1904.6257              271.8781738281250000
1904.7103              271.9180908203125000
1904.7924              271.9290771484375000
1904.8771              271.9229125976562500
1904.9590              271.8762817382812500
1905.0438              272.2011108398437500
1905.1260              272.8756103515625000
1905.2054              272.9550170898437500
1905.2904              272.5416259765625000
1905.3726              271.7578125000000000
1905.4575              271.6828613281250000
1905.5397              271.9490661621093750
1905.6246              271.9858093261718750
1905.7096              271.9922485351562500
1905.7917              271.9964294433593750
1905.8767              271.9751586914062500
1905.9589              271.9046936035156250
1906.0438              272.1182556152343750
1906.1260              272.7818603515625000
1906.2054              272.7942504882812500
1906.2904              272.3800354003906250
1906.3726              271.7033386230468750
1906.4575              271.7535095214843750
1906.5397              271.9606933593750000
1906.6246              272.0533752441406250
1906.7096              272.0757446289062500
1906.7917              272.0928039550781250
1906.8767              272.0922851562500000
1906.9589              272.0321350097656250
1907.0438              272.2942810058593750
1907.1260              272.9758300781250000
1907.2054              273.0526123046875000
1907.2904              272.6675109863281250
1907.3726              271.9771728515625000
1907.4575              271.5531311035156250
1907.5397              271.7246704101562500
1907.6246              271.9805908203125000
1907.7096              272.0666503906250000
1907.7917              272.0900878906250000
1907.8767              272.0577087402343750
1907.9589              271.9667358398437500
1908.0437              272.0469970703125000
1908.1257              272.6990661621093750
1908.2076              272.9450988769531250
1908.2924              272.7070922851562500
1908.3743              271.8974304199218750
1908.4590              271.5707092285156250
1908.5410              271.7257080078125000
1908.6257              271.8833312988281250
1908.7103              271.9615783691406250
1908.7924              271.9819641113281250
1908.8771              271.9351806640625000
1908.9590              271.8775634765625000
1909.0438              272.2592468261718750
1909.1260              272.8551635742187500
1909.2054              272.9354248046875000
1909.2904              272.6528015136718750
1909.3726              271.8162536621093750
1909.4575              271.7240600585937500
1909.5397              271.9933776855468750
1909.6246              272.0941467285156250
1909.7096              272.1037597656250000
1909.7917              272.1031188964843750
1909.8767              272.0599670410156250
1909.9589              271.9905700683593750
1910.0438              272.0337219238281250
1910.1260              272.5686340332031250
1910.2054              272.7741088867187500
1910.2904              272.4848937988281250
1910.3726              271.8474426269531250
1910.4575              271.7333374023437500
1910.5397              271.8330078125000000
1910.6246              272.0028076171875000
1910.7096              272.0743408203125000
1910.7917              272.0839843750000000
1910.8767              272.0315551757812500
1910.9589              271.9433593750000000
1911.0438              272.3937072753906250
1911.1260              273.1423034667968750
1911.2054              273.2660827636718750
1911.2904              272.7687072753906250
1911.3726              272.0734558105468750
1911.4575              271.5400085449218750
1911.5397              271.8635559082031250
1911.6246              271.9954528808593750
1911.7096              272.0145263671875000
1911.7917              272.0182495117187500
1911.8767              271.9999084472656250
1911.9589              271.9517517089843750
1912.0437              272.2681579589843750
1912.1257              272.9128417968750000
1912.2076              273.0685424804687500
1912.2924              272.7213134765625000
1912.3743              271.9152832031250000
1912.4590              271.6719055175781250
1912.5410              271.8631896972656250
1912.6257              272.0139465332031250
1912.7103              272.0343322753906250
1912.7924              272.0341796875000000
1912.8771              271.9956054687500000
1912.9590              271.9160461425781250
1913.0438              272.3753356933593750
1913.1260              272.9586486816406250
1913.2054              272.9777832031250000
1913.2904              272.5826416015625000
1913.3726              271.7703857421875000
1913.4575              271.6843566894531250
1913.5397              271.9024658203125000
1913.6246              272.0347290039062500
1913.7096              272.0505981445312500
1913.7917              272.0547180175781250
1913.8767              272.0338745117187500
1913.9589              271.9517211914062500
1914.0438              271.9568481445312500
1914.1260              272.5200805664062500
1914.2054              272.7497558593750000
1914.2904              272.4454956054687500
1914.3726              271.6286926269531250
1914.4575              271.6470642089843750
1914.5397              271.8758544921875000
1914.6246              272.0402526855468750
1914.7096              272.0761108398437500
1914.7917              272.0783996582031250
1914.8767              272.0332946777343750
1914.9589              271.9613952636718750
1915.0438              272.0123596191406250
1915.1260              272.6097412109375000
1915.2054              272.8780212402343750
1915.2904              272.5304870605468750
1915.3726              271.8062744140625000
1915.4575              271.6467895507812500
1915.5397              271.8000793457031250
1915.6246              271.9487609863281250
1915.7096              271.9981384277343750
1915.7917              272.0239868164062500
1915.8767              271.9959106445312500
1915.9589              271.9013061523437500
1916.0437              272.2701721191406250
1916.1257              272.8816528320312500
1916.2076              272.9583435058593750
1916.2924              272.5408325195312500
1916.3743              271.9292297363281250
1916.4590              271.6609802246093750
1916.5410              271.7984008789062500
1916.6257              271.9707946777343750
1916.7103              272.0216064453125000
1916.7924              272.0205383300781250
1916.8771              271.9588012695312500
1916.9590              271.8684387207031250
1917.0438              272.1556091308593750
1917.1260              272.8329162597656250
1917.2054              272.8946838378906250
1917.2904              272.5521545410156250
1917.3726              271.7861633300781250
1917.4575              271.5874938964843750
1917.5397              271.7586059570312500
1917.6246              271.9487304687500000
1917.7096              271.9933776855468750
1917.7917              271.9963989257812500
1917.8767              271.9379882812500000
1917.9589              271.8726196289062500
1918.0438              272.2620239257812500
1918.1260              272.9299316406250000
1918.2054              273.0494079589843750
1918.2904              272.6213684082031250
1918.3726              272.1747131347656250
1918.4575              271.5901184082031250
1918.5397              271.6483764648437500
1918.6246              271.9121704101562500
1918.7096              271.9780273437500000
1918.7917              271.9626770019531250
1918.8767              271.9253845214843750
1918.9589              271.8597717285156250
1919.0438              272.2273254394531250
1919.1260              272.9295043945312500
1919.2054              273.0365905761718750
1919.2904              272.7982788085937500
1919.3726              271.9478759765625000
1919.4575              271.6664733886718750
1919.5397              271.7738342285156250
1919.6246              271.8853759765625000
1919.7096              271.9102478027343750
1919.7917              271.9108886718750000
1919.8767              271.8535766601562500
1919.9589              271.7878417968750000
1920.0437              272.1160278320312500
1920.1257              272.8999633789062500
1920.2076              273.0440979003906250
1920.2924              272.7469787597656250
1920.3743              271.8059692382812500
1920.4590              271.6257019042968750
1920.5410              271.7498779296875000
1920.6257              271.8363037109375000
1920.7103              271.8699035644531250
1920.7924              271.8754882812500000
1920.8771              271.8160705566406250
1920.9590              271.7590332031250000
1921.0438              272.3285827636718750
1921.1260              273.0380554199218750
1921.2054              273.2432861328125000
1921.2904              272.8991699218750000
1921.3726              272.1128845214843750
1921.4575              271.5128784179687500
1921.5397              271.5753784179687500
1921.6246              271.8460083007812500
1921.7096              271.8963623046875000
1921.7917              271.9045410156250000
1921.8767              271.8552856445312500
1921.9589              271.8043518066406250
1922.0438              272.2449951171875000
1922.1260              272.9830932617187500
1922.2054              273.1783752441406250
1922.2904              272.9214782714843750
1922.3726              272.0847778320312500
1922.4575              271.6199035644531250
1922.5397              271.8197937011718750
1922.6246              271.9292602539062500
1922.7096              271.9360961914062500
1922.7917              271.9355773925781250
1922.8767              271.8896789550781250
1922.9589              271.8312988281250000
1923.0438              271.9027099609375000
1923.1260              272.5025634765625000
1923.2054              272.7715759277343750
1923.2904              272.6019592285156250
1923.3726              271.8807373046875000
1923.4575              271.5338439941406250
1923.5397              271.6830749511718750
1923.6246              271.9432373046875000
1923.7096              271.9752807617187500
1923.7917              271.9565734863281250
1923.8767              271.8797607421875000
1923.9589              271.8157043457031250
1924.0437              272.1014404296875000
1924.1257              272.6792297363281250
1924.2076              272.7362060546875000
1924.2924              272.2439270019531250
1924.3743              271.6589660644531250
1924.4590              271.6477050781250000
1924.5410              271.8555603027343750
1924.6257              271.9549560546875000
1924.7103              271.9595336914062500
1924.7924              271.9506835937500000
1924.8771              271.9007568359375000
1924.9590              271.8388366699218750
1925.0438              272.1477050781250000
1925.1260              272.7606506347656250
1925.2054              272.7668457031250000
1925.2904              272.4535827636718750
1925.3726              271.6550903320312500
1925.4575              271.5215148925781250
1925.5397              271.8523864746093750
1925.6246              271.9329833984375000
1925.7096              271.9378356933593750
1925.7917              271.9311218261718750
1925.8767              271.9049072265625000
1925.9589              271.8524475097656250
1926.0438              272.1478576660156250
1926.1260              272.7513732910156250
1926.2054              272.8761291503906250
1926.2904              272.3988952636718750
1926.3726              271.6361999511718750
1926.4575              271.6000061035156250
1926.5397              271.8642272949218750
1926.6246              271.9223022460937500
1926.7096              271.9250793457031250
1926.7917              271.9249572753906250
1926.8767              271.8804931640625000
1926.9589              271.8131408691406250
1927.0438              271.7712402343750000
1927.1260              272.2049255371093750
1927.2054              272.4192199707031250
1927.2904              272.1809387207031250
1927.3726              271.6334228515625000
1927.4575              271.6043395996093750
1927.5397              271.7426147460937500
1927.6246              271.8828430175781250
1927.7096              271.9015502929687500
1927.7917              271.8892822265625000
1927.8767              271.8472900390625000
1927.9589              271.7799987792968750
1928.0437              271.9950561523437500
1928.1257              272.6831970214843750
1928.2076              272.8256530761718750
1928.2924              272.5527038574218750
1928.3743              271.8390502929687500
1928.4590              271.6459655761718750
1928.5410              271.7603149414062500
1928.6257              271.8710021972656250
1928.7103              271.8866577148437500
1928.7924              271.8537902832031250
1928.8771              271.7833557128906250
1928.9590              271.7237243652343750
1929.0438              271.8253784179687500
1929.1260              272.3896179199218750
1929.2054              272.5663757324218750
1929.2904              272.1037292480468750
1929.3726              271.6517944335937500
1929.4575              271.6398315429687500
1929.5397              271.6863708496093750
1929.6246              271.7718200683593750
1929.7096              271.8256225585937500
1929.7917              271.8436279296875000
1929.8767              271.8014221191406250
1929.9589              271.7423400878906250
1930.0438              271.8544006347656250
1930.1260              272.4746398925781250
1930.2054              272.7339782714843750
1930.2904              272.3663330078125000
1930.3726              271.7284851074218750
1930.4575              271.5985107421875000
1930.5397              271.6766967773437500
1930.6246              271.8210754394531250
1930.7096              271.8704528808593750
1930.7917              271.8692932128906250
1930.8767              271.8265991210937500
1930.9589              271.7562255859375000
1931.0438              271.8265075683593750
1931.1260              272.4436950683593750
1931.2054              272.6489562988281250
1931.2904              272.2895507812500000
1931.3726              271.6228027343750000
1931.4575              271.5129699707031250
1931.5397              271.5848388671875000
1931.6246              271.7760620117187500
1931.7096              271.8382263183593750
1931.7917              271.8388366699218750
1931.8767              271.8017578125000000
1931.9589              271.7524108886718750
1932.0437              271.7519531250000000
1932.1257              272.2589111328125000
1932.2076              272.4824218750000000
1932.2924              272.1018066406250000
1932.3743              271.4808959960937500
1932.4590              271.5646362304687500
1932.5410              271.8130187988281250
1932.6257              271.8315429687500000
1932.7103              271.8301391601562500
1932.7924              271.8179321289062500
1932.8771              271.7598266601562500
1932.9590              271.6946105957031250
1933.0438              271.6520996093750000
1933.1260              272.0266418457031250
1933.2054              272.3310852050781250
1933.2904              272.1031494140625000
1933.3726              271.5755310058593750
1933.4575              271.5069274902343750
1933.5397              271.5681152343750000
1933.6246              271.6521911621093750
1933.7096              271.7931213378906250
1933.7917              271.8199768066406250
1933.8767              271.8029479980468750
1933.9589              271.7469177246093750
1934.0438              271.7716979980468750
1934.1260              272.3298339843750000
1934.2054              272.4905090332031250
1934.2904              272.1675415039062500
1934.3726              271.5809631347656250
1934.4575              271.5328979492187500
1934.5397              271.6227416992187500
1934.6246              271.7732238769531250
1934.7096              271.8363037109375000
1934.7917              271.8384094238281250
1934.8767              271.8129882812500000
1934.9589              271.7636108398437500
1935.0438              271.7491760253906250
1935.1260              271.9763488769531250
1935.2054              272.2067260742187500
1935.2904              272.0266723632812500
1935.3726              271.5572509765625000
1935.4575              271.5578002929687500
1935.5397              271.6241760253906250
1935.6246              271.7143859863281250
1935.7096              271.8022460937500000
1935.7917              271.8192138671875000
1935.8767              271.7590942382812500
1935.9589              271.6782226562500000
1936.0437              272.0587768554687500
1936.1257              272.8023681640625000
1936.2076              272.8970642089843750
1936.2924              272.5420837402343750
1936.3743              271.7693481445312500
1936.4590              271.5583496093750000
1936.5410              271.6427307128906250
1936.6257              271.7879943847656250
1936.7103              271.8038330078125000
1936.7924              271.7959899902343750
1936.8771              271.7545166015625000
1936.9590              271.6946716308593750
1937.0438              271.7729492187500000
1937.1260              272.3784790039062500
1937.2054              272.6238098144531250
1937.2904              272.3953247070312500
1937.3726              271.7895812988281250
1937.4575              271.4583129882812500
1937.5397              271.5574035644531250
1937.6246              271.7566223144531250
1937.7096              271.7877502441406250
1937.7917              271.7883605957031250
1937.8767              271.7635803222656250
1937.9589              271.7020874023437500
1938.0438              271.9586181640625000
1938.1260              272.5773010253906250
1938.2054              272.6850891113281250
1938.2904              272.4256591796875000
1938.3726              271.7065734863281250
1938.4575              271.6013183593750000
1938.5397              271.7052001953125000
1938.6246              271.7927856445312500
1938.7096              271.7947082519531250
1938.7917              271.7897949218750000
1938.8767              271.7437133789062500
1938.9589              271.6779479980468750
1939.0438              271.8590393066406250
1939.1260              272.4828796386718750
1939.2054              272.5538024902343750
1939.2904              272.1618957519531250
1939.3726              271.5429382324218750
1939.4575              271.5252685546875000
1939.5397              271.5934753417968750
1939.6246              271.7723083496093750
1939.7096              271.7774963378906250
1939.7917              271.7707519531250000
1939.8767              271.7610778808593750
1939.9589              271.6925964355468750
1940.0437              271.6228942871093750
1940.1257              271.8156738281250000
1940.2076              272.0116577148437500
1940.2924              271.6603393554687500
1940.3743              271.4947204589843750
1940.4590              271.5457763671875000
1940.5410              271.5863647460937500
1940.6257              271.6414489746093750
1940.7103              271.7410278320312500
1940.7924              271.7464599609375000
1940.8771              271.7128295898437500
1940.9590              271.6725769042968750
1941.0438              271.6488647460937500
1941.1260              272.0855407714843750
1941.2054              272.3874206542968750
1941.2904              272.0757446289062500
1941.3726              271.5475463867187500
1941.4575              271.5621032714843750
1941.5397              271.6066589355468750
1941.6246              271.6741638183593750
1941.7096              271.7908020019531250
1941.7917              271.8237304687500000
1941.8767              271.8168945312500000
1941.9589              271.7557983398437500
1942.0438              271.8726806640625000
1942.1260              272.5853271484375000
1942.2054              272.8611145019531250
1942.2904              272.6293640136718750
1942.3726              272.2167663574218750
1942.4575              271.5804748535156250
1942.5397              271.6438293457031250
1942.6246              271.7558898925781250
1942.7096              271.8300476074218750
1942.7917              271.8654174804687500
1942.8767              271.8580932617187500
1942.9589              271.7980957031250000
1943.0438              272.0062866210937500
1943.1260              272.7580871582031250
1943.2054              273.0255126953125000
1943.2904              272.6239624023437500
1943.3726              271.7733459472656250
1943.4575              271.6394653320312500
1943.5397              271.6938781738281250
1943.6246              271.7893981933593750
1943.7096              271.8612670898437500
1943.7917              271.8715515136718750
1943.8767              271.8492431640625000
1943.9589              271.7790222167968750
1944.0437              271.7928466796875000
1944.1257              272.1990966796875000
1944.2076              272.4351806640625000
1944.2924              272.1259765625000000
1944.3743              271.6699829101562500
1944.4590              271.6724853515625000
1944.5410              271.7716979980468750
1944.6257              271.8687438964843750
1944.7103              271.8737487792968750
1944.7924              271.8678283691406250
1944.8771              271.8250122070312500
1944.9590              271.7637023925781250
1945.0438              271.9556579589843750
1945.1260              272.6328125000000000
1945.2054              272.8149719238281250
1945.2904              272.4861450195312500
1945.3726              271.7480468750000000
1945.4575              271.5683898925781250
1945.5397              271.7155456542968750
1945.6246              271.8589477539062500
1945.7096              271.8908691406250000
1945.7917              271.9029541015625000
1945.8767              271.8781127929687500
1945.9589              271.8012695312500000
1946.0438              271.8579101562500000
1946.1260              272.5042419433593750
1946.2054              272.7686157226562500
1946.2904              272.4986877441406250
1946.3726              271.8958129882812500
1946.4575              271.5401916503906250
1946.5397              271.6421508789062500
1946.6246              271.7455749511718750
1946.7096              271.8682556152343750
1946.7917              271.8902587890625000
1946.8767              271.8391113281250000
1946.9589              271.7846679687500000
1947.0438              271.9000244140625000
1947.1260              272.5021362304687500
1947.2054              272.5623474121093750
1947.2904              272.2210388183593750
1947.3726              271.7024536132812500
1947.4575              271.6347656250000000
1947.5397              271.7678527832031250
1947.6246              271.9061889648437500
1947.7096              271.9188537597656250
1947.7917              271.9223327636718750
1947.8767              271.8829650878906250
1947.9589              271.8123168945312500
1948.0437              272.0651245117187500
1948.1257              272.7320251464843750
1948.2076              272.8594360351562500
1948.2924              272.5914916992187500
1948.3743              271.9047851562500000
1948.4590              271.6343994140625000
1948.5410              271.8096618652343750
1948.6257              271.9406738281250000
1948.7103              271.9529418945312500
1948.7924              271.9553527832031250
1948.8771              271.9167175292968750
1948.9590              271.8343200683593750
1949.0438              272.3113098144531250
1949.1260              273.0211181640625000
1949.2054              273.0825500488281250
1949.2904              272.6735229492187500
1949.3726              271.9721679687500000
1949.4575              271.7219848632812500
1949.5397              271.8540039062500000
1949.6246              271.9568176269531250
1949.7096              271.9680175781250000
1949.7917              271.9570922851562500
1949.8767              271.9051513671875000
1949.9589              271.8247375488281250
1950.0438              271.9205322265625000
1950.1260              272.5713195800781250
1950.2054              272.7764892578125000
1950.2904              272.5165100097656250
1950.3726              271.8097229003906250
1950.4575              271.5752868652343750
1950.5397              271.6490173339843750
1950.6246              271.7275695800781250
1950.7096              271.8829345703125000
1950.7917              271.9143371582031250
1950.8767              271.8970642089843750
1950.9589              271.8230285644531250
1951.0438              271.9729919433593750
1951.1260              272.5696105957031250
1951.2054              272.6229553222656250
1951.2904              272.2531738281250000
1951.3726              271.7084960937500000
1951.4575              271.6893615722656250
1951.5397              271.8061828613281250
1951.6246              271.9306945800781250
1951.7096              271.9550476074218750
1951.7917              271.9598693847656250
1951.8767              271.9082031250000000
1951.9589              271.8372192382812500
1952.0437              272.0701904296875000
1952.1257              272.7405700683593750
1952.2076              272.9195556640625000
1952.2924              272.6586914062500000
1952.3743              271.9373474121093750
1952.4590              271.6092834472656250
1952.5410              271.7685546875000000
1952.6257              271.9722900390625000
1952.7103              271.9897155761718750
1952.7924              271.9793395996093750
1952.8771              271.9417724609375000
1952.9590              271.8963928222656250
1953.0438              272.1638793945312500
1953.1260              272.8115539550781250
1953.2054              272.9219970703125000
1953.2904              272.4716186523437500
1953.3726              271.8815612792968750
1953.4575              271.7193908691406250
1953.5397              271.7958984375000000
1953.6246              271.9460449218750000
1953.7096              272.0163879394531250
1953.7917              272.0183105468750000
1953.8767              271.9827880859375000
1953.9589              271.9225769042968750
1954.0438              272.0728759765625000
1954.1260              272.5150756835937500
1954.2054              272.7154846191406250
1954.2904              272.2295837402343750
1954.3726              271.7214965820312500
1954.4575              271.7231750488281250
1954.5397              271.8589172363281250
1954.6246              271.9901428222656250
1954.7096              272.0465087890625000
1954.7917              272.0625610351562500
1954.8767              272.0143737792968750
1954.9589              271.9373168945312500
1955.0438              272.0478515625000000
1955.1260              272.6736145019531250
1955.2054              272.8217773437500000
1955.2904              272.4570617675781250
1955.3726              271.7163085937500000
1955.4575              271.5966796875000000
1955.5397              271.7670898437500000
1955.6246              271.9155578613281250
1955.7096              271.9833068847656250
1955.7917              271.9900512695312500
1955.8767              271.9351806640625000
1955.9589              271.8785705566406250
1956.0437              271.8539123535156250
1956.1257              272.1343994140625000
1956.2076              272.3549804687500000
1956.2924              272.1223754882812500
1956.3743              271.5937500000000000
1956.4590              271.5969543457031250
1956.5410              271.7354125976562500
1956.6257              271.8527526855468750
1956.7103              271.9729614257812500
1956.7924              272.0103454589843750
1956.8771              271.9778747558593750
1956.9590              271.9353942871093750
1957.0438              272.2886047363281250
1957.1260              272.9838867187500000
1957.2054              273.1201782226562500
1957.2904              272.8968505859375000
1957.3726              271.9476623535156250
1957.4575              271.7597656250000000
1957.5397              271.9778442382812500
1957.6246              272.0385742187500000
1957.7096              272.0427551269531250
1957.7917              272.0177001953125000
1957.8767              271.9642639160156250
1957.9589              271.9506530761718750
1958.0438              272.6667785644531250
1958.1260              273.2913818359375000
1958.2054              273.3038940429687500
1958.2904              272.8789978027343750
1958.3726              272.1847534179687500
1958.4575              271.7205810546875000
1958.5397              271.9819641113281250
1958.6246              272.0335388183593750
1958.7096              272.0387573242187500
1958.7917              272.0422973632812500
1958.8767              272.0086059570312500
1958.9589              271.9389343261718750
1959.0438              272.0566711425781250
1959.1260              272.7062377929687500
1959.2054              272.9126586914062500
1959.2904              272.6795043945312500
1959.3726              271.9344787597656250
1959.4575              271.6848144531250000
1959.5397              271.8965454101562500
1959.6246              272.0369262695312500
1959.7096              272.0621948242187500
1959.7917              272.0749816894531250
1959.8767              272.0323181152343750
1959.9589              271.9403991699218750
1960.0437              272.1506652832031250
1960.1257              272.7336425781250000
1960.2076              272.8145751953125000
1960.2924              272.4755249023437500
1960.3743              271.8332214355468750
1960.4590              271.6963500976562500
1960.5410              271.7808532714843750
1960.6257              271.9714355468750000
1960.7103              272.0510559082031250
1960.7924              272.0495605468750000
1960.8771              271.9951782226562500
1960.9590              271.9906616210937500
1961.0438              272.7633972167968750
1961.1260              273.3832092285156250
1961.2054              273.4232788085937500
1961.2904              272.8844909667968750
1961.3726              272.0348510742187500
1961.4575              271.7784423828125000
1961.5397              272.0437622070312500
1961.6246              272.1143798828125000
1961.7096              272.1155090332031250
1961.7917              272.1054687500000000
1961.8767              272.0865173339843750
1961.9589              272.0091552734375000
1962.0438              272.1518249511718750
1962.1260              272.8128051757812500
1962.2054              272.9027404785156250
1962.2904              272.5522155761718750
1962.3726              271.8195190429687500
1962.4575              271.7334289550781250
1962.5397              271.9901733398437500
1962.6246              272.0761108398437500
1962.7096              272.0778198242187500
1962.7917              272.0498352050781250
1962.8767              271.9750366210937500
1962.9589              271.9255676269531250
1963.0438              272.5634460449218750
1963.1260              273.2011718750000000
1963.2054              273.2783508300781250
1963.2904              272.9677429199218750
1963.3726              272.0892944335937500
1963.4575              271.7828674316406250
1963.5397              271.9866333007812500
1963.6246              272.1117248535156250
1963.7096              272.1172180175781250
1963.7917              272.1156921386718750
1963.8767              272.0816650390625000
1963.9589              272.0046997070312500
1964.0437              272.1864624023437500
1964.1257              272.8422241210937500
1964.2076              272.9975891113281250
1964.2924              272.6218872070312500
1964.3743              272.0131835937500000
1964.4590              271.5210571289062500
1964.5410              271.8139953613281250
1964.6257              272.0349731445312500
1964.7103              272.0668945312500000
1964.7924              272.0657043457031250
1964.8771              271.9963989257812500
1964.9590              271.9659423828125000
1965.0438              272.7348327636718750
1965.1260              273.4030761718750000
1965.2054              273.5417175292968750
1965.2904              273.0539550781250000
1965.3726              272.3157958984375000
1965.4575              271.8589782714843750
1965.5397              271.8343811035156250
1965.6246              271.9628295898437500
1965.7096              272.0027160644531250
1965.7917              272.0043029785156250
1965.8767              271.9480590820312500
1965.9589              271.9193420410156250
1966.0438              272.5012207031250000
1966.1260              273.2326354980468750
1966.2054              273.3922119140625000
1966.2904              272.9350585937500000
1966.3726              272.1213073730468750
1966.4575              271.7053222656250000
1966.5397              271.8812561035156250
1966.6246              271.9974975585937500
1966.7096              272.0364990234375000
1966.7917              272.0559387207031250
1966.8767              272.0372924804687500
1966.9589              272.0122680664062500
1967.0438              272.6569824218750000
1967.1260              273.3472290039062500
1967.2054              273.3730163574218750
1967.2904              273.0322265625000000
1967.3726              272.3350219726562500
1967.4575              271.7598876953125000
1967.5397              271.8739624023437500
1967.6246              271.9253234863281250
1967.7096              271.9599914550781250
1967.7917              271.9572143554687500
1967.8767              271.9246520996093750
1967.9589              271.8750000000000000
1968.0437              271.8995056152343750
1968.1257              272.3939208984375000
1968.2076              272.6511840820312500
1968.2924              272.3566894531250000
1968.3743              271.9072570800781250
1968.4590              271.7422180175781250
1968.5410              271.8188781738281250
1968.6257              271.9167175292968750
1968.7103              271.9792175292968750
1968.7924              272.0131225585937500
1968.8771              271.9877319335937500
1968.9590              271.9151000976562500
1969.0438              272.1350097656250000
1969.1260              272.8298034667968750
1969.2054              273.0615844726562500
1969.2904              272.7116394042968750
1969.3726              272.2003173828125000
1969.4575              271.5900573730468750
1969.5397              271.7054748535156250
1969.6246              271.8465576171875000
1969.7096              271.9283752441406250
1969.7917              271.9575195312500000
1969.8767              271.9179077148437500
1969.9589              271.9111022949218750
1970.0438              272.5584716796875000
1970.1260              273.1866455078125000
1970.2054              273.2848815917968750
1970.2904              272.8209838867187500
1970.3726              271.8367309570312500
1970.4575              271.7406311035156250
1970.5397              271.7780151367187500
1970.6246              271.8951416015625000
1970.7096              271.9869079589843750
1970.7917              272.0290527343750000
1970.8767              272.0165100097656250
1970.9589              271.9634094238281250
1971.0438              272.3013916015625000
1971.1260              273.0110778808593750
1971.2054              273.1695251464843750
1971.2904              272.8348388671875000
1971.3726              271.7733459472656250
1971.4575              271.5502014160156250
1971.5397              271.8197937011718750
1971.6246              271.9887084960937500
1971.7096              272.0159912109375000
1971.7917              271.9953918457031250
1971.8767              271.9660339355468750
1971.9589              271.9222717285156250
1972.0437              272.1947631835937500
1972.1257              272.9032592773437500
1972.2076              273.0540771484375000
1972.2924              272.6987304687500000
1972.3743              272.0378417968750000
1972.4590              271.6212768554687500
1972.5410              271.7422790527343750
1972.6257              271.8665771484375000
1972.7103              271.9862060546875000
1972.7924              272.0127563476562500
1972.8771              271.9566650390625000
1972.9590              271.8933715820312500
1973.0438              272.0720214843750000
1973.1260              272.7429199218750000
1973.2054              272.9753112792968750
1973.2904              272.6921997070312500
1973.3726              272.0870666503906250
1973.4575              271.5751037597656250
1973.5397              271.6491394042968750
1973.6246              271.8037719726562500
1973.7096              271.9381103515625000
1973.7917              272.0085754394531250
1973.8767              271.9952392578125000
1973.9589              271.9443664550781250
1974.0438              272.3655700683593750
1974.1260              273.0086975097656250
1974.2054              273.1220703125000000
1974.2904              272.6892089843750000
1974.3726              272.1053771972656250
1974.4575              271.5886840820312500
1974.5397              271.6008300781250000
1974.6246              271.7990722656250000
1974.7096              271.9299621582031250
1974.7917              271.9859008789062500
1974.8767              271.9923095703125000
1974.9589              271.9321289062500000
1975.0438              272.2973632812500000
1975.1260              273.0283508300781250
1975.2054              273.1271972656250000
1975.2904              272.7623596191406250
1975.3726              272.1061401367187500
1975.4575              271.6428222656250000
1975.5397              271.7402038574218750
1975.6246              271.9353027343750000
1975.7096              271.9993591308593750
1975.7917              272.0149536132812500
1975.8767              271.9700622558593750
1975.9589              271.9229125976562500
1976.0437              272.3994140625000000
1976.1257              273.0654602050781250
1976.2076              273.2398071289062500
1976.2924              272.7985229492187500
1976.3743              272.0318603515625000
1976.4590              271.7356567382812500
1976.5410              271.8588562011718750
1976.6257              271.9831848144531250
1976.7103              272.0370483398437500
1976.7924              272.0508117675781250
1976.8771              272.0142211914062500
1976.9590              271.9395141601562500
1977.0438              272.2518005371093750
1977.1260              272.9673156738281250
1977.2054              273.0449218750000000
1977.2904              272.6737060546875000
1977.3726              271.8232116699218750
1977.4575              271.5892028808593750
1977.5397              271.9127807617187500
1977.6246              272.0165100097656250
1977.7096              272.0314025878906250
1977.7917              272.0328063964843750
1977.8767              271.9935607910156250
1977.9589              271.9269104003906250
1978.0438              272.0989685058593750
1978.1260              272.6333923339843750
1978.2054              272.7498168945312500
1978.2904              272.4023742675781250
1978.3726              271.8067016601562500
1978.4575              271.5716247558593750
1978.5397              271.6961059570312500
1978.6246              271.9944152832031250
1978.7096              272.0491027832031250
1978.7917              272.0486145019531250
1978.8767              272.0162658691406250
1978.9589              271.9552001953125000
1979.0438              272.5795593261718750
1979.1260              273.2036743164062500
1979.2054              273.0998840332031250
1979.2904              272.6298828125000000
1979.3726              271.8244934082031250
1979.4575              271.7085571289062500
1979.5397              271.8170471191406250
1979.6246              271.9712219238281250
1979.7096              272.0122070312500000
1979.7917              272.0015563964843750
1979.8767              271.9316101074218750
1979.9589              271.8560791015625000
1980.0437              271.8620910644531250
1980.1257              272.3764343261718750
1980.2076              272.6151733398437500
1980.2924              272.2315368652343750
1980.3743              271.6706542968750000
1980.4590              271.6302490234375000
1980.5410              271.7654724121093750
1980.6257              271.9587402343750000
1980.7103              271.9919128417968750
1980.7924              271.9951171875000000
1980.8771              271.9693603515625000
1980.9590              271.8920593261718750
1981.0438              272.1436767578125000
1981.1260              272.7704162597656250
1981.2054              272.9274597167968750
1981.2904              272.5420532226562500
1981.3726              271.9066467285156250
1981.4575              271.5730895996093750
1981.5397              271.8672180175781250
1981.6246              271.9754638671875000
1981.7096              271.9826049804687500
1981.7917              271.9747009277343750
1981.8767              271.9318542480468750
1981.9589              271.8680114746093750
1982.0438              271.9646606445312500
1982.1260              272.5476379394531250
1982.2054              272.6938476562500000
1982.2904              272.3991088867187500
1982.3726              271.6012878417968750
1982.4575              271.5476074218750000
1982.5397              271.7274475097656250
1982.6246              271.9242553710937500
1982.7096              271.9432373046875000
1982.7917              271.9331970214843750
1982.8767              271.9066467285156250
1982.9589              271.8352966308593750
1983.0438              272.1368713378906250
1983.1260              272.7188415527343750
1983.2054              272.7492675781250000
1983.2904              272.2349548339843750
1983.3726              271.6615295410156250
1983.4575              271.6297912597656250
1983.5397              271.7852478027343750
1983.6246              271.9421386718750000
1983.7096              271.9449462890625000
1983.7917              271.9417724609375000
1983.8767              271.9423828125000000
1983.9589              271.8983764648437500
1984.0437              272.0718383789062500
1984.1257              272.7340087890625000
1984.2076              272.8629455566406250
1984.2924              272.4842224121093750
1984.3743              271.7166442871093750
1984.4590              271.5318908691406250
1984.5410              271.7704162597656250
1984.6257              271.9359130859375000
1984.7103              271.9303588867187500
1984.7924              271.9227294921875000
1984.8771              271.9040222167968750
1984.9590              271.8521728515625000
1985.0438              272.1227111816406250
1985.1260              272.7485351562500000
1985.2054              272.9439697265625000
1985.2904              272.5237121582031250
1985.3726              271.8013000488281250
1985.4575              271.6319885253906250
1985.5397              271.8115539550781250
1985.6246              271.9373779296875000
1985.7096              271.9397888183593750
1985.7917              271.9368896484375000
1985.8767              271.9454650878906250
1985.9589              271.9133911132812500
1986.0438              272.2566223144531250
1986.1260              272.8835754394531250
1986.2054              272.9451904296875000
1986.2904              272.4641723632812500
1986.3726              271.7538146972656250
1986.4575              271.6234130859375000
1986.5397              271.8638916015625000
1986.6246              271.9366149902343750
1986.7096              271.9280700683593750
1986.7917              271.9210815429687500
1986.8767              271.8893432617187500
1986.9589              271.8197326660156250
1987.0438              272.0338439941406250
1987.1260              272.6099548339843750
1987.2054              272.7655944824218750
1987.2904              272.3835754394531250
1987.3726              271.6758422851562500
1987.4575              271.6205139160156250
1987.5397              271.8533020019531250
1987.6246              271.9208984375000000
1987.7096              271.9193725585937500
1987.7917              271.9097900390625000
1987.8767              271.8659057617187500
1987.9589              271.8031921386718750
1988.0437              272.0004272460937500
1988.1257              272.6754760742187500
1988.2076              272.7742309570312500
1988.2924              272.4180297851562500
1988.3743              271.6789550781250000
1988.4590              271.6445922851562500
1988.5410              271.8330383300781250
1988.6257              271.8457641601562500
1988.7103              271.8439331054687500
1988.7924              271.8256225585937500
1988.8771              271.7816467285156250
1988.9590              271.7282409667968750
1989.0438              272.0923156738281250
1989.1260              272.7349243164062500
1989.2054              272.8906860351562500
1989.2904              272.5480346679687500
1989.3726              271.8062438964843750
1989.4575              271.6758728027343750
1989.5397              271.7277526855468750
1989.6246              271.8556213378906250
1989.7096              271.8649291992187500
1989.7917              271.8558349609375000
1989.8767              271.8451538085937500
1989.9589              271.7978820800781250
1990.0438              271.8604736328125000
1990.1260              272.4456481933593750
1990.2054              272.5859680175781250
1990.2904              272.1872863769531250
1990.3726              271.5490417480468750
1990.4575              271.5528869628906250
1990.5397              271.6996459960937500
1990.6246              271.8270263671875000
1990.7096              271.8241882324218750
1990.7917              271.8077087402343750
1990.8767              271.7469482421875000
1990.9589              271.6877441406250000
1991.0438              272.1300354003906250
1991.1260              272.8732910156250000
1991.2054              273.0263061523437500
1991.2904              272.6217346191406250
1991.3726              271.9028015136718750
1991.4575              271.4951477050781250
1991.5397              271.5687561035156250
1991.6246              271.6739807128906250
1991.7096              271.7524414062500000
1991.7917              271.7429809570312500
1991.8767              271.6943054199218750
1991.9589              271.6415710449218750
1992.0437              271.8852539062500000
1992.1257              272.4525756835937500
1992.2076              272.6496582031250000
1992.2924              272.3615417480468750
1992.3743              271.6929626464843750
1992.4590              271.5176696777343750
1992.5410              271.5874328613281250
1992.6257              271.6953125000000000
1992.7103              271.7378845214843750
1992.7924              271.7387390136718750
1992.8771              271.7539367675781250
1992.9590              271.7311706542968750
1993.0438              271.9892883300781250
1993.1260              272.6047973632812500
1993.2054              272.6523437500000000
1993.2904              272.2754821777343750
1993.3726              271.6926574707031250
1993.4575              271.5919494628906250
1993.5397              271.7842712402343750
1993.6246              271.9051208496093750
1993.7096              271.9227600097656250
1993.7917              271.9547729492187500
1993.8767              271.9621582031250000
1993.9589              271.9436035156250000
1994.0438              272.3361206054687500
1994.1260              272.8848266601562500
1994.2054              273.0120849609375000
1994.2904              272.5444335937500000
1994.3726              271.8928527832031250
1994.4575              271.7159729003906250
1994.5397              271.8993530273437500
1994.6246              272.0115966796875000
1994.7096              272.0097045898437500
1994.7917              271.9964599609375000
1994.8767              271.9624328613281250
1994.9589              271.9100646972656250
1995.0438              271.9755249023437500
1995.1260              272.5053100585937500
1995.2054              272.6083984375000000
1995.2904              272.2980346679687500
1995.3726              271.8074951171875000
1995.4575              271.5830993652343750
1995.5397              271.8948059082031250
1995.6246              272.0087890625000000
1995.7096              272.0103149414062500
1995.7917              272.0082092285156250
1995.8767              271.9812316894531250
1995.9589              271.9376525878906250
1996.0437              272.3284606933593750
1996.1257              273.0000610351562500
1996.2076              273.1763916015625000
1996.2924              272.7149047851562500
1996.3743              271.9296569824218750
1996.4590              271.6886596679687500
1996.5410              271.8406677246093750
1996.6257              271.9441528320312500
1996.7103              271.9822082519531250
1996.7924              271.9817504882812500
1996.8771              271.9386291503906250
1996.9590              271.8679504394531250
1997.0438              272.1891174316406250
1997.1260              272.8501586914062500
1997.2054              273.0191650390625000
1997.2904              272.6519165039062500
1997.3726              271.8847961425781250
1997.4575              271.5312500000000000
1997.5397              271.7285156250000000
1997.6246              271.9028625488281250
1997.7096              271.9207458496093750
1997.7917              271.9046020507812500
1997.8767              271.8786010742187500
1997.9589              271.8212890625000000
1998.0438              271.8700561523437500
1998.1260              272.4880065917968750
1998.2054              272.7308959960937500
1998.2904              272.4726867675781250
1998.3726              271.8140258789062500
1998.4575              271.6909179687500000
1998.5397              271.7894592285156250
1998.6246              271.8048095703125000
1998.7096              271.8171997070312500
1998.7917              271.8409423828125000
1998.8767              271.8305664062500000
1998.9589              271.7893676757812500
1999.0438              271.8300781250000000
1999.1260              272.3513183593750000
1999.2054              272.5811767578125000
1999.2904              272.1679687500000000
1999.3726              271.6803894042968750
1999.4575              271.7289733886718750
1999.5397              271.7974548339843750
1999.6246              271.8553466796875000
1999.7096              271.9142456054687500
1999.7917              271.9483337402343750
1999.8767              271.9391784667968750
1999.9589              271.8744201660156250
2000.0437              272.1728210449218750
2000.1257              272.9529418945312500
2000.2076              273.0592346191406250
2000.2924              272.7232666015625000
2000.3743              272.0310974121093750
2000.4590              271.5864257812500000
2000.5410              271.6803283691406250
2000.6257              271.7841796875000000
2000.7103              271.8798522949218750
2000.7924              271.9074707031250000
2000.8771              271.8824462890625000
2000.9590              271.8157043457031250
