1861.0438              273.6347351074218750
1861.1260              274.1376953125000000
1861.2054              273.9787902832031250
1861.2904              273.4439392089843750
1861.3726              272.7973022460937500
1861.4575              271.7673339843750000
1861.5397              271.3538818359375000
1861.6246              271.3875427246093750
1861.7096              271.9191894531250000
1861.7917              272.4118957519531250
1861.8767              272.6356201171875000
1861.9589              273.5473022460937500
1862.0438              274.5268554687500000
1862.1260              274.8529052734375000
1862.2054              274.5773925781250000
1862.2904              274.0104064941406250
1862.3726              273.1156005859375000
1862.4575              272.0966491699218750
1862.5397              271.6481018066406250
1862.6246              272.4871520996093750
1862.7096              272.0930786132812500
1862.7917              272.1571655273437500
1862.8767              272.6797180175781250
1862.9589              273.6050109863281250
1863.0438              274.6401062011718750
1863.1260              274.9141845703125000
1863.2054              274.5080871582031250
1863.2904              273.9650878906250000
1863.3726              273.1928710937500000
1863.4575              272.5042724609375000
1863.5397              272.5887756347656250
1863.6246              273.1186523437500000
1863.7096              273.0296325683593750
1863.7917              273.0415344238281250
1863.8767              273.1602783203125000
1863.9589              274.0876464843750000
1864.0437              275.1084899902343750
1864.1257              275.5194091796875000
1864.2076              275.2168273925781250
1864.2924              274.4166259765625000
1864.3743              273.7657165527343750
1864.4590              272.9871826171875000
1864.5410              272.8191528320312500
1864.6257              273.0716247558593750
1864.7103              272.9184265136718750
1864.7924              272.5407714843750000
1864.8771              272.6932983398437500
1864.9590              273.7036743164062500
1865.0438              274.6495971679687500
1865.1260              275.0534362792968750
1865.2054              274.8699951171875000
1865.2904              274.2688293457031250
1865.3726              273.3433532714843750
1865.4575              272.5225524902343750
1865.5397              272.1525268554687500
1865.6246              272.9339599609375000
1865.7096              272.3156738281250000
1865.7917              272.2697143554687500
1865.8767              272.7223205566406250
1865.9589              273.6665954589843750
1866.0438              274.7197570800781250
1866.1260              274.9747314453125000
1866.2054              274.7980651855468750
1866.2904              274.1030273437500000
1866.3726              273.4850769042968750
1866.4575              272.6925659179687500
1866.5397              272.5208740234375000
1866.6246              273.0158691406250000
1866.7096              272.9126586914062500
1866.7917              272.5292968750000000
1866.8767              272.8683471679687500
1866.9589              273.8096313476562500
1867.0438              274.6912536621093750
1867.1260              274.8659362792968750
1867.2054              274.7622375488281250
1867.2904              274.2266235351562500
1867.3726              273.3385314941406250
1867.4575              272.7263183593750000
1867.5397              272.9915161132812500
1867.6246              272.9681396484375000
1867.7096              272.9378356933593750
1867.7917              272.9074401855468750
1867.8767              273.1719360351562500
1867.9589              274.2013549804687500
1868.0437              275.2039794921875000
1868.1257              275.6271362304687500
1868.2076              275.4342041015625000
1868.2924              274.7221374511718750
1868.3743              273.7194519042968750
1868.4590              272.9541625976562500
1868.5410              272.9665832519531250
1868.6257              272.9317626953125000
1868.7103              272.9025878906250000
1868.7924              272.8279418945312500
1868.8771              273.1921997070312500
1868.9590              274.1062011718750000
1869.0438              274.8651428222656250
1869.1260              275.1502380371093750
1869.2054              274.7615661621093750
1869.2904              274.1140136718750000
1869.3726              273.2760620117187500
1869.4575              272.8511352539062500
1869.5397              272.9174194335937500
1869.6246              272.8860473632812500
1869.7096              272.8724365234375000
1869.7917              272.8419494628906250
1869.8767              273.1323547363281250
1869.9589              274.0199279785156250
1870.0438              275.0296020507812500
1870.1260              275.3304748535156250
1870.2054              275.0507202148437500
1870.2904              274.4946899414062500
1870.3726              273.7334289550781250
1870.4575              272.9345397949218750
1870.5397              272.8916625976562500
1870.6246              272.8682250976562500
1870.7096              272.8466186523437500
1870.7917              272.8376770019531250
1870.8767              273.1796569824218750
1870.9589              274.0747375488281250
1871.0438              274.8738708496093750
1871.1260              275.0260925292968750
1871.2054              274.6907653808593750
1871.2904              273.8397216796875000
1871.3726              273.2087707519531250
1871.4575              272.7088623046875000
1871.5397              272.8607177734375000
1871.6246              272.8294677734375000
1871.7096              272.8038635253906250
1871.7917              272.7274780273437500
1871.8767              272.9770202636718750
1871.9589              273.9521179199218750
1872.0437              274.7067260742187500
1872.1257              274.9968872070312500
1872.2076              274.8458557128906250
1872.2924              274.1824035644531250
1872.3743              273.4916381835937500
1872.4590              272.5509948730468750
1872.5410              272.8480834960937500
1872.6257              272.7933959960937500
1872.7103              272.2605895996093750
1872.7924              272.0358276367187500
1872.8771              272.3825378417968750
1872.9590              273.6996154785156250
1873.0438              274.9417419433593750
1873.1260              275.2922973632812500
1873.2054              275.1649475097656250
1873.2904              274.4512329101562500
1873.3726              273.6909790039062500
1873.4575              272.8809814453125000
1873.5397              272.3598937988281250
1873.6246              272.7357788085937500
1873.7096              272.7911987304687500
1873.7917              272.6574707031250000
1873.8767              272.9622192382812500
1873.9589              274.0123901367187500
1874.0438              274.9811096191406250
1874.1260              275.3617858886718750
1874.2054              275.0494384765625000
1874.2904              274.3014526367187500
1874.3726              273.2827453613281250
1874.4575              272.6195678710937500
1874.5397              272.8934936523437500
1874.6246              272.8836669921875000
1874.7096              272.8559875488281250
1874.7917              272.8436584472656250
1874.8767              273.1376037597656250
1874.9589              273.9901428222656250
1875.0438              274.9508056640625000
1875.1260              275.2663879394531250
1875.2054              274.7781982421875000
1875.2904              274.0839233398437500
1875.3726              273.2861938476562500
1875.4575              272.5922241210937500
1875.5397              272.8840942382812500
1875.6246              272.8634643554687500
1875.7096              272.6670837402343750
1875.7917              272.4091186523437500
1875.8767              272.3489074707031250
1875.9589              273.2011413574218750
1876.0437              274.1775817871093750
1876.1257              274.4672546386718750
1876.2076              274.4107360839843750
1876.2924              273.8204040527343750
1876.3743              273.0124206542968750
1876.4590              272.3662109375000000
1876.5410              271.6923522949218750
1876.6257              271.9578857421875000
1876.7103              272.0902099609375000
1876.7924              271.9977416992187500
1876.8771              272.2865600585937500
1876.9590              273.2270507812500000
1877.0438              274.3097534179687500
1877.1260              274.6740112304687500
1877.2054              274.4515380859375000
1877.2904              273.8010864257812500
1877.3726              272.8941345214843750
1877.4575              272.0336914062500000
1877.5397              271.4982299804687500
1877.6246              271.6412353515625000
1877.7096              271.5726623535156250
1877.7917              271.6772460937500000
1877.8767              271.9162292480468750
1877.9589              272.9388122558593750
1878.0438              273.9598999023437500
1878.1260              274.3211975097656250
1878.2054              274.0020751953125000
1878.2904              273.4326782226562500
1878.3726              272.8475952148437500
1878.4575              272.2306213378906250
1878.5397              271.5979614257812500
1878.6246              272.1832885742187500
1878.7096              271.9039916992187500
1878.7917              271.7734069824218750
1878.8767              271.9860534667968750
1878.9589              272.8190002441406250
1879.0438              273.8299865722656250
1879.1260              274.3701782226562500
1879.2054              274.1450805664062500
1879.2904              273.4852294921875000
1879.3726              272.7628173828125000
1879.4575              272.1432495117187500
1879.5397              271.6824951171875000
1879.6246              272.5431213378906250
1879.7096              272.5347290039062500
1879.7917              272.0072021484375000
1879.8767              272.4176635742187500
1879.9589              273.5327148437500000
1880.0437              274.7493896484375000
1880.1257              275.0912780761718750
1880.2076              274.7264099121093750
1880.2924              273.9926452636718750
1880.3743              273.1707763671875000
1880.4590              272.4198303222656250
1880.5410              272.0597534179687500
1880.6257              272.8705749511718750
1880.7103              272.9625244140625000
1880.7924              272.7468261718750000
1880.8771              272.8236083984375000
1880.9590              273.7257995605468750
1881.0438              274.8269042968750000
1881.1260              275.5314636230468750
1881.2054              275.0554809570312500
1881.2904              274.0632934570312500
1881.3726              273.2798767089843750
1881.4575              272.5978698730468750
1881.5397              272.7611999511718750
1881.6246              272.9584045410156250
1881.7096              272.8750610351562500
1881.7917              272.3291625976562500
1881.8767              272.6002502441406250
1881.9589              273.5720520019531250
1882.0438              274.6177978515625000
1882.1260              275.2614440917968750
1882.2054              274.9881896972656250
1882.2904              274.2152709960937500
1882.3726              273.3397216796875000
1882.4575              272.5093688964843750
1882.5397              272.8822021484375000
1882.6246              272.3450317382812500
1882.7096              271.9084167480468750
1882.7917              272.3908386230468750
1882.8767              272.7273864746093750
1882.9589              273.7404785156250000
1883.0438              274.7118225097656250
1883.1260              275.0121765136718750
1883.2054              274.6510620117187500
1883.2904              273.9839782714843750
1883.3726              273.1840515136718750
1883.4575              272.5138854980468750
1883.5397              272.1215209960937500
1883.6246              272.8038330078125000
1883.7096              272.2275695800781250
1883.7917              272.0567932128906250
1883.8767              272.5723266601562500
1883.9589              273.5626220703125000
1884.0437              274.5861511230468750
1884.1257              274.7288513183593750
1884.2076              274.5160827636718750
1884.2924              273.9170532226562500
1884.3743              273.1493835449218750
1884.4590              272.3064575195312500
1884.5410              272.0446472167968750
1884.6257              272.9039306640625000
1884.7103              272.8489990234375000
1884.7924              272.2189331054687500
1884.8771              272.3188781738281250
1884.9590              273.4047241210937500
1885.0438              274.6163330078125000
1885.1260              275.3103637695312500
1885.2054              274.9152526855468750
1885.2904              274.0977478027343750
1885.3726              273.2374572753906250
1885.4575              272.4051818847656250
1885.5397              271.7330322265625000
1885.6246              272.1597595214843750
1885.7096              272.0272827148437500
1885.7917              272.1711730957031250
1885.8767              272.4296569824218750
1885.9589              273.4272766113281250
1886.0438              274.5035400390625000
1886.1260              275.1639709472656250
1886.2054              274.8927307128906250
1886.2904              274.1340942382812500
1886.3726              273.2804870605468750
1886.4575              272.3510131835937500
1886.5397              272.4696350097656250
1886.6246              272.7298583984375000
1886.7096              272.6136169433593750
1886.7917              272.6435546875000000
1886.8767              273.0408325195312500
1886.9589              274.0045166015625000
1887.0438              275.1012573242187500
1887.1260              275.6400756835937500
1887.2054              275.1979980468750000
1887.2904              274.3884277343750000
1887.3726              273.7164001464843750
1887.4575              272.9448242187500000
1887.5397              272.1723632812500000
1887.6246              272.3894653320312500
1887.7096              271.9816894531250000
1887.7917              271.7679748535156250
1887.8767              271.9974975585937500
1887.9589              272.8051757812500000
1888.0437              274.0435791015625000
1888.1257              274.6233825683593750
1888.2076              274.4771423339843750
1888.2924              273.9665527343750000
1888.3743              273.1555786132812500
1888.4590              272.1160278320312500
1888.5410              271.6850585937500000
1888.6257              272.2852478027343750
1888.7103              272.1453857421875000
1888.7924              272.1123352050781250
1888.8771              272.4706726074218750
1888.9590              273.5713806152343750
1889.0438              274.8801879882812500
1889.1260              275.1058044433593750
1889.2054              274.6813049316406250
1889.2904              274.2188720703125000
1889.3726              273.5262451171875000
1889.4575              272.7866516113281250
1889.5397              272.7615356445312500
1889.6246              272.9177856445312500
1889.7096              272.8794860839843750
1889.7917              272.8066711425781250
1889.8767              272.8456726074218750
1889.9589              273.6615295410156250
1890.0438              274.6891174316406250
1890.1260              275.0449829101562500
1890.2054              274.6580200195312500
1890.2904              273.9358520507812500
1890.3726              273.2391052246093750
1890.4575              272.6539916992187500
1890.5397              272.4793395996093750
1890.6246              272.8502502441406250
1890.7096              272.2432556152343750
1890.7917              271.8546142578125000
1890.8767              272.0705871582031250
1890.9589              273.0711059570312500
1891.0438              274.1094055175781250
1891.1260              274.6516723632812500
1891.2054              274.4985351562500000
1891.2904              274.0336303710937500
1891.3726              273.0492858886718750
1891.4575              272.2205200195312500
1891.5397              272.5983886718750000
1891.6246              272.2623901367187500
1891.7096              271.7607727050781250
1891.7917              271.6377868652343750
1891.8767              272.0428771972656250
1891.9589              273.2592468261718750
1892.0437              274.5831604003906250
1892.1257              275.2521057128906250
1892.2076              275.1730651855468750
1892.2924              274.4286499023437500
1892.3743              273.6306762695312500
1892.4590              272.8559570312500000
1892.5410              272.0996398925781250
1892.6257              272.5578002929687500
1892.7103              272.2825927734375000
1892.7924              272.3668518066406250
1892.8771              272.7776794433593750
1892.9590              273.8810424804687500
1893.0438              274.8872070312500000
1893.1260              275.3875122070312500
1893.2054              274.9692382812500000
1893.2904              274.2732849121093750
1893.3726              273.4338684082031250
1893.4575              272.6691284179687500
1893.5397              272.8774414062500000
1893.6246              272.8735046386718750
1893.7096              272.7514648437500000
1893.7917              272.4506835937500000
1893.8767              272.6061401367187500
1893.9589              273.6066589355468750
1894.0438              274.8244934082031250
1894.1260              275.3083190917968750
1894.2054              275.0198974609375000
1894.2904              274.2957153320312500
1894.3726              273.4183349609375000
1894.4575              272.8060607910156250
1894.5397              272.9314880371093750
1894.6246              272.8871154785156250
1894.7096              272.7757263183593750
1894.7917              272.3703918457031250
1894.8767              272.7133789062500000
1894.9589              273.6661987304687500
1895.0438              274.8168945312500000
1895.1260              275.3510131835937500
1895.2054              275.1454467773437500
1895.2904              274.4456787109375000
1895.3726              273.5386047363281250
1895.4575              272.7819519042968750
1895.5397              272.6701049804687500
1895.6246              272.7404174804687500
1895.7096              271.9511718750000000
1895.7917              272.2914123535156250
1895.8767              272.8576660156250000
1895.9589              273.8573608398437500
1896.0437              274.7149047851562500
1896.1257              275.0640563964843750
1896.2076              274.6617431640625000
1896.2924              274.0456237792968750
1896.3743              273.1831970214843750
1896.4590              272.3790893554687500
1896.5410              272.7945861816406250
1896.6257              272.8462219238281250
1896.7103              272.4777832031250000
1896.7924              272.2153625488281250
1896.8771              272.3615112304687500
1896.9590              273.4123840332031250
1897.0438              274.8093261718750000
1897.1260              275.2933654785156250
1897.2054              275.0768432617187500
1897.2904              274.5437316894531250
1897.3726              273.8518066406250000
1897.4575              273.0225524902343750
1897.5397              272.3751831054687500
1897.6246              272.5886230468750000
1897.7096              272.1991882324218750
1897.7917              272.0929260253906250
1897.8767              272.2855224609375000
1897.9589              273.4076232910156250
1898.0438              274.6098327636718750
1898.1260              275.0954589843750000
1898.2054              274.8406677246093750
1898.2904              274.1898193359375000
1898.3726              273.4260253906250000
1898.4575              272.5873107910156250
1898.5397              272.0539550781250000
1898.6246              272.5136718750000000
1898.7096              272.3857421875000000
1898.7917              272.7664489746093750
1898.8767              272.6127624511718750
1898.9589              273.4349670410156250
1899.0438              274.4900817871093750
1899.1260              275.0382690429687500
1899.2054              274.9360961914062500
1899.2904              274.3484497070312500
1899.3726              273.5177001953125000
1899.4575              272.2777099609375000
1899.5397              272.4678649902343750
1899.6246              272.3410644531250000
1899.7096              272.6729736328125000
1899.7917              272.4988098144531250
1899.8767              272.7181701660156250
1899.9589              273.7257690429687500
1900.0438              274.7201843261718750
1900.1260              275.0895690917968750
1900.2054              274.9542236328125000
1900.2904              274.2868957519531250
1900.3726              273.3574218750000000
1900.4575              272.3085327148437500
1900.5397              272.5661926269531250
1900.6246              272.7055053710937500
1900.7096              272.1553649902343750
1900.7917              272.0069274902343750
1900.8767              272.4137878417968750
1900.9589              273.4591674804687500
1901.0438              274.6184082031250000
1901.1260              275.0755615234375000
1901.2054              274.8983764648437500
1901.2904              274.3070983886718750
1901.3726              273.6849975585937500
1901.4575              272.8024597167968750
1901.5397              272.2834472656250000
1901.6246              272.9280090332031250
1901.7096              272.5353393554687500
1901.7917              272.1879577636718750
1901.8767              272.3417968750000000
1901.9589              273.3697814941406250
1902.0438              274.5227966308593750
1902.1260              275.2037353515625000
1902.2054              275.1158752441406250
1902.2904              274.4893188476562500
1902.3726              273.5425415039062500
1902.4575              272.6477355957031250
1902.5397              271.9352416992187500
1902.6246              271.9697570800781250
1902.7096              272.1896972656250000
1902.7917              271.9331665039062500
1902.8767              272.2758178710937500
1902.9589              273.3538818359375000
1903.0438              274.5674438476562500
1903.1260              275.1365661621093750
1903.2054              275.0583496093750000
1903.2904              274.3555908203125000
1903.3726              273.5848999023437500
1903.4575              272.8166503906250000
1903.5397              272.2138366699218750
1903.6246              271.4900207519531250
1903.7096              272.2053833007812500
1903.7917              272.1980590820312500
1903.8767              272.5038757324218750
1903.9589              273.4874572753906250
1904.0437              274.5423583984375000
1904.1257              274.8434448242187500
1904.2076              274.5401916503906250
1904.2924              273.8264465332031250
1904.3743              273.0248718261718750
1904.4590              271.9903564453125000
1904.5410              272.0207519531250000
1904.6257              272.2407531738281250
1904.7103              272.2722473144531250
1904.7924              272.2522277832031250
1904.8771              272.5190124511718750
1904.9590              273.4736022949218750
1905.0438              274.4647827148437500
1905.1260              274.9689636230468750
1905.2054              274.5289611816406250
1905.2904              273.7452087402343750
1905.3726              273.0892333984375000
1905.4575              272.2359313964843750
1905.5397              271.9148254394531250
1905.6246              272.3229370117187500
1905.7096              271.9422912597656250
1905.7917              271.8536682128906250
1905.8767              272.1874389648437500
1905.9589              273.2247619628906250
1906.0438              274.4436340332031250
1906.1260              274.7216491699218750
1906.2054              274.5467224121093750
1906.2904              273.7770080566406250
1906.3726              273.1140136718750000
1906.4575              272.4357299804687500
1906.5397              271.6518249511718750
1906.6246              272.2796630859375000
1906.7096              272.0635681152343750
1906.7917              271.8892517089843750
1906.8767              272.2571105957031250
1906.9589              273.3733215332031250
1907.0438              274.3670654296875000
1907.1260              274.8793334960937500
1907.2054              274.7069091796875000
1907.2904              273.9614868164062500
1907.3726              273.2631530761718750
1907.4575              272.6704711914062500
1907.5397              272.1925659179687500
1907.6246              272.8999633789062500
1907.7096              272.3043823242187500
1907.7917              271.8330383300781250
1907.8767              272.1418151855468750
1907.9589              273.2290039062500000
1908.0437              274.4070739746093750
1908.1257              275.0615539550781250
1908.2076              274.8945922851562500
1908.2924              274.3748168945312500
1908.3743              273.7934570312500000
1908.4590              273.0447692871093750
1908.5410              272.3472290039062500
1908.6257              272.3127136230468750
1908.7103              272.0806884765625000
1908.7924              271.9400634765625000
1908.8771              272.2862854003906250
1908.9590              273.2649536132812500
1909.0438              274.4851989746093750
1909.1260              274.8937072753906250
1909.2054              274.6605834960937500
1909.2904              274.0168457031250000
1909.3726              273.2226867675781250
1909.4575              272.3738403320312500
1909.5397              271.5890808105468750
1909.6246              271.7991027832031250
1909.7096              271.9793090820312500
1909.7917              271.9503479003906250
1909.8767              272.2022399902343750
1909.9589              273.1477966308593750
1910.0438              274.1780090332031250
1910.1260              274.6466674804687500
1910.2054              274.3045349121093750
1910.2904              273.6538085937500000
1910.3726              273.0568542480468750
1910.4575              272.3681640625000000
1910.5397              271.5639343261718750
1910.6246              271.5080261230468750
1910.7096              272.3595886230468750
1910.7917              271.9863891601562500
1910.8767              271.9963684082031250
1910.9589              272.7807006835937500
1911.0438              274.0289306640625000
1911.1260              274.6771850585937500
1911.2054              274.4297790527343750
1911.2904              273.8213500976562500
1911.3726              272.9625244140625000
1911.4575              272.2648010253906250
1911.5397              271.6589965820312500
1911.6246              271.5646362304687500
1911.7096              272.2138366699218750
1911.7917              272.4280395507812500
1911.8767              272.5122070312500000
1911.9589              273.4899597167968750
1912.0437              274.5830688476562500
1912.1257              274.9335021972656250
1912.2076              274.5130615234375000
1912.2924              273.6510925292968750
1912.3743              272.9380798339843750
1912.4590              272.1122131347656250
1912.5410              271.5352172851562500
1912.6257              271.8617858886718750
1912.7103              272.2715148925781250
1912.7924              272.0227661132812500
1912.8771              272.0756530761718750
1912.9590              273.0527648925781250
1913.0438              274.1369323730468750
1913.1260              274.8183593750000000
1913.2054              274.6845092773437500
1913.2904              273.9887084960937500
1913.3726              273.1675109863281250
1913.4575              272.3642883300781250
1913.5397              271.5622253417968750
1913.6246              271.4806823730468750
1913.7096              271.6282043457031250
1913.7917              271.8038330078125000
1913.8767              272.1143188476562500
1913.9589              273.1108093261718750
1914.0438              274.1247253417968750
1914.1260              274.5548400878906250
1914.2054              274.4538574218750000
1914.2904              273.7894897460937500
1914.3726              272.9144592285156250
1914.4575              272.3059387207031250
1914.5397              271.4747619628906250
1914.6246              271.4170532226562500
1914.7096              271.4736022949218750
1914.7917              271.6195983886718750
1914.8767              272.0411682128906250
1914.9589              273.0482788085937500
1915.0438              274.0810546875000000
1915.1260              274.4861145019531250
1915.2054              274.0981750488281250
1915.2904              273.3573608398437500
1915.3726              272.6667175292968750
1915.4575              271.8427734375000000
1915.5397              272.0503234863281250
1915.6246              272.1498107910156250
1915.7096              271.9580078125000000
1915.7917              271.9602966308593750
1915.8767              272.1054077148437500
1915.9589              273.1156921386718750
1916.0437              274.2681579589843750
1916.1257              274.8207702636718750
1916.2076              274.5590515136718750
1916.2924              273.7390441894531250
1916.3743              273.0794677734375000
1916.4590              272.3028869628906250
1916.5410              271.6354980468750000
1916.6257              271.7712402343750000
1916.7103              272.3383483886718750
1916.7924              272.1161193847656250
1916.8771              272.3927917480468750
1916.9590              273.3460693359375000
1917.0438              274.3419189453125000
1917.1260              274.5546569824218750
1917.2054              274.3512573242187500
1917.2904              273.8323669433593750
1917.3726              273.0295410156250000
1917.4575              272.2368469238281250
1917.5397              271.7038269042968750
1917.6246              271.8363952636718750
1917.7096              272.1474609375000000
1917.7917              271.8832702636718750
1917.8767              272.0386047363281250
1917.9589              273.0073852539062500
1918.0438              273.9976501464843750
1918.1260              274.3247680664062500
1918.2054              274.2021484375000000
1918.2904              273.5359497070312500
1918.3726              272.9091796875000000
1918.4575              272.3501892089843750
1918.5397              271.7963256835937500
1918.6246              272.6864624023437500
1918.7096              272.9476623535156250
1918.7917              272.5953979492187500
1918.8767              272.6641235351562500
1918.9589              273.5010681152343750
1919.0438              274.3596191406250000
1919.1260              274.8872985839843750
1919.2054              274.4499206542968750
1919.2904              273.6531066894531250
1919.3726              273.0074768066406250
1919.4575              272.4193725585937500
1919.5397              271.7584838867187500
1919.6246              272.5915832519531250
1919.7096              272.1554870605468750
1919.7917              272.5513916015625000
1919.8767              272.6814575195312500
1919.9589              273.7429809570312500
1920.0437              274.9411315917968750
1920.1257              275.3395080566406250
1920.2076              275.0884704589843750
1920.2924              274.5945434570312500
1920.3743              273.6891174316406250
1920.4590              272.8726196289062500
1920.5410              272.7467956542968750
1920.6257              272.9436950683593750
1920.7103              272.8321838378906250
1920.7924              272.5109863281250000
1920.8771              272.7504882812500000
1920.9590              273.5443420410156250
1921.0438              274.6212158203125000
1921.1260              275.2142944335937500
1921.2054              274.9851989746093750
1921.2904              274.3948364257812500
1921.3726              273.4552612304687500
1921.4575              272.7884521484375000
1921.5397              272.7219848632812500
1921.6246              272.9331054687500000
1921.7096              272.6679992675781250
1921.7917              272.7377319335937500
1921.8767              272.8577575683593750
1921.9589              273.8117675781250000
1922.0438              274.8744812011718750
1922.1260              275.1974182128906250
1922.2054              275.0397338867187500
1922.2904              274.3063659667968750
1922.3726              273.3087158203125000
1922.4575              272.7265014648437500
1922.5397              272.9348754882812500
1922.6246              272.8807067871093750
1922.7096              272.3166809082031250
1922.7917              271.9334106445312500
1922.8767              272.3470458984375000
1922.9589              273.3565063476562500
1923.0438              274.3580017089843750
1923.1260              274.9126586914062500
1923.2054              274.8229370117187500
1923.2904              274.2350158691406250
1923.3726              273.3830261230468750
1923.4575              272.5496520996093750
1923.5397              272.8592529296875000
1923.6246              272.9094543457031250
1923.7096              272.8398132324218750
1923.7917              272.5957641601562500
1923.8767              273.0773620605468750
1923.9589              274.0947875976562500
1924.0437              275.1115417480468750
1924.1257              275.4577941894531250
1924.2076              275.1961975097656250
1924.2924              274.3107910156250000
1924.3743              273.5750122070312500
1924.4590              272.8700561523437500
1924.5410              272.8624267578125000
1924.6257              272.9394836425781250
1924.7103              272.7000427246093750
1924.7924              272.5460510253906250
1924.8771              272.9625244140625000
1924.9590              273.9834289550781250
1925.0438              274.8789367675781250
1925.1260              275.2394104003906250
1925.2054              274.9614868164062500
1925.2904              274.2950744628906250
1925.3726              273.5227355957031250
1925.4575              272.7962341308593750
1925.5397              272.8093872070312500
1925.6246              272.3652954101562500
1925.7096              272.2907714843750000
1925.7917              272.2235107421875000
1925.8767              272.7026062011718750
1925.9589              273.7452392578125000
1926.0438              274.5890502929687500
1926.1260              274.9657897949218750
1926.2054              274.7457885742187500
1926.2904              274.1202392578125000
1926.3726              273.4012451171875000
1926.4575              272.7510681152343750
1926.5397              272.9466552734375000
1926.6246              272.8762512207031250
1926.7096              272.8760375976562500
1926.7917              272.8047790527343750
1926.8767              272.7977294921875000
1926.9589              273.6703491210937500
1927.0438              274.8872070312500000
1927.1260              275.2526550292968750
1927.2054              274.9025573730468750
1927.2904              274.2365417480468750
1927.3726              273.2958984375000000
1927.4575              272.6092529296875000
1927.5397              272.9262084960937500
1927.6246              272.9227905273437500
1927.7096              272.3112487792968750
1927.7917              272.1116638183593750
1927.8767              272.7118835449218750
1927.9589              273.9161376953125000
1928.0437              275.1055297851562500
1928.1257              275.6128845214843750
1928.2076              275.5820617675781250
1928.2924              274.9399719238281250
1928.3743              274.0018005371093750
1928.4590              273.0289916992187500
1928.5410              272.8881225585937500
1928.6257              272.6703491210937500
1928.7103              272.1188964843750000
1928.7924              271.9627990722656250
1928.8771              272.4212951660156250
1928.9590              273.5720825195312500
1929.0438              274.7901306152343750
1929.1260              275.3471069335937500
1929.2054              275.3772888183593750
1929.2904              274.8354187011718750
1929.3726              274.0454711914062500
1929.4575              273.2744445800781250
1929.5397              272.5190429687500000
1929.6246              272.5111694335937500
1929.7096              272.0226135253906250
1929.7917              271.9589538574218750
1929.8767              272.7286376953125000
1929.9589              273.7369689941406250
1930.0438              274.7356872558593750
1930.1260              275.2585144042968750
1930.2054              275.0555419921875000
1930.2904              274.5588684082031250
1930.3726              273.7798767089843750
1930.4575              272.8917541503906250
1930.5397              272.2234191894531250
1930.6246              272.1994323730468750
1930.7096              271.8261108398437500
1930.7917              271.9178771972656250
1930.8767              272.3911743164062500
1930.9589              273.4790954589843750
1931.0438              274.6125488281250000
1931.1260              274.8630676269531250
1931.2054              274.8810119628906250
1931.2904              274.1952514648437500
1931.3726              273.4830932617187500
1931.4575              272.5525207519531250
1931.5397              272.6450805664062500
1931.6246              272.7565002441406250
1931.7096              272.3421630859375000
1931.7917              272.0338745117187500
1931.8767              272.3849182128906250
1931.9589              273.5964050292968750
1932.0437              274.6650695800781250
1932.1257              275.1920166015625000
1932.2076              274.9174499511718750
1932.2924              274.4276428222656250
1932.3743              273.4877929687500000
1932.4590              272.5617675781250000
1932.5410              272.8348999023437500
1932.6257              272.5930480957031250
1932.7103              272.9521789550781250
1932.7924              272.6280822753906250
1932.8771              272.6331176757812500
1932.9590              273.7089843750000000
1933.0438              274.7216796875000000
1933.1260              275.2115478515625000
1933.2054              274.9654235839843750
1933.2904              274.0896301269531250
1933.3726              273.2903747558593750
1933.4575              272.6896057128906250
1933.5397              272.2901611328125000
1933.6246              272.7493591308593750
1933.7096              271.8419494628906250
1933.7917              271.7469177246093750
1933.8767              272.2530822753906250
1933.9589              273.2874145507812500
1934.0438              274.3416137695312500
1934.1260              274.8763122558593750
1934.2054              274.6554870605468750
1934.2904              274.0440673828125000
1934.3726              273.3773498535156250
1934.4575              272.5017089843750000
1934.5397              271.9206237792968750
1934.6246              272.9747619628906250
1934.7096              272.7300109863281250
1934.7917              272.3283691406250000
1934.8767              272.6156005859375000
1934.9589              273.6828002929687500
1935.0438              274.7153015136718750
1935.1260              275.1102905273437500
1935.2054              274.9542236328125000
1935.2904              274.2117919921875000
1935.3726              273.3849487304687500
1935.4575              272.3951416015625000
1935.5397              271.8645324707031250
1935.6246              272.3787231445312500
1935.7096              271.8014221191406250
1935.7917              271.5641784667968750
1935.8767              271.8287048339843750
1935.9589              272.8883666992187500
1936.0437              274.1329956054687500
1936.1257              274.6261291503906250
1936.2076              274.3327941894531250
1936.2924              273.7807617187500000
1936.3743              273.1050415039062500
1936.4590              272.3879394531250000
1936.5410              271.6775207519531250
1936.6257              272.2416687011718750
1936.7103              271.8749084472656250
1936.7924              271.7428894042968750
1936.8771              271.9432373046875000
1936.9590              272.7456665039062500
1937.0438              273.9592590332031250
1937.1260              274.6011352539062500
1937.2054              274.3132934570312500
1937.2904              273.7670898437500000
1937.3726              273.0161743164062500
1937.4575              272.0797729492187500
1937.5397              271.4526977539062500
1937.6246              271.9937744140625000
1937.7096              272.0905761718750000
1937.7917              271.9086914062500000
1937.8767              272.3563537597656250
1937.9589              273.3950805664062500
1938.0438              274.3233032226562500
1938.1260              274.5336303710937500
1938.2054              274.3767395019531250
1938.2904              273.9518432617187500
1938.3726              273.3529052734375000
1938.4575              272.4579772949218750
1938.5397              271.8952331542968750
1938.6246              272.2883911132812500
1938.7096              271.9246215820312500
1938.7917              271.7153015136718750
1938.8767              271.8637084960937500
1938.9589              272.8415222167968750
1939.0438              274.0507507324218750
1939.1260              274.5120849609375000
1939.2054              274.3969421386718750
1939.2904              273.8565673828125000
1939.3726              273.1647949218750000
1939.4575              272.5144653320312500
1939.5397              271.8104553222656250
1939.6246              271.5985412597656250
1939.7096              272.0686645507812500
1939.7917              271.9245910644531250
1939.8767              272.1325988769531250
1939.9589              273.1140441894531250
1940.0437              274.4225769042968750
1940.1257              274.9822998046875000
1940.2076              274.5879821777343750
1940.2924              273.6876220703125000
1940.3743              273.0002746582031250
1940.4590              272.4557189941406250
1940.5410              271.5493774414062500
1940.6257              271.9891967773437500
1940.7103              272.1399230957031250
1940.7924              271.8968200683593750
1940.8771              272.1444702148437500
1940.9590              273.1286315917968750
1941.0438              274.2390136718750000
1941.1260              274.9153137207031250
1941.2054              274.6976928710937500
1941.2904              273.9574890136718750
1941.3726              273.3208312988281250
1941.4575              272.6403808593750000
1941.5397              272.4269714355468750
1941.6246              273.0584106445312500
1941.7096              272.6955871582031250
1941.7917              272.5038757324218750
1941.8767              273.0326843261718750
1941.9589              274.0832824707031250
1942.0438              275.1092529296875000
1942.1260              275.3211669921875000
1942.2054              275.1206359863281250
1942.2904              274.5887451171875000
1942.3726              273.6492004394531250
1942.4575              272.8403015136718750
1942.5397              272.8787841796875000
1942.6246              273.0325622558593750
1942.7096              272.8930969238281250
1942.7917              272.6994323730468750
1942.8767              273.0119934082031250
1942.9589              273.9082641601562500
1943.0438              274.9168090820312500
1943.1260              275.3380432128906250
1943.2054              275.0756835937500000
1943.2904              274.4684753417968750
1943.3726              273.6228027343750000
1943.4575              273.0421142578125000
1943.5397              273.0162048339843750
1943.6246              272.9890441894531250
1943.7096              272.9436950683593750
1943.7917              272.9054565429687500
1943.8767              273.1223754882812500
1943.9589              274.0422058105468750
1944.0437              274.9810485839843750
1944.1257              275.2661132812500000
1944.2076              274.9294738769531250
1944.2924              274.3284606933593750
1944.3743              273.5166931152343750
1944.4590              272.8352355957031250
1944.5410              272.8188171386718750
1944.6257              272.9896545410156250
1944.7103              272.9595336914062500
1944.7924              272.9456787109375000
1944.8771              273.1652832031250000
1944.9590              273.9434814453125000
1945.0438              275.0171813964843750
1945.1260              275.5746154785156250
1945.2054              275.2627868652343750
1945.2904              274.6863708496093750
1945.3726              273.8524169921875000
1945.4575              272.9778442382812500
1945.5397              272.9258117675781250
1945.6246              272.9674682617187500
1945.7096              272.8498840332031250
1945.7917              272.6940917968750000
1945.8767              273.2104492187500000
1945.9589              274.2656860351562500
1946.0438              275.2142944335937500
1946.1260              275.8353576660156250
1946.2054              275.4780273437500000
1946.2904              274.8763732910156250
1946.3726              274.1441040039062500
1946.4575              273.1673583984375000
1946.5397              272.9327087402343750
1946.6246              272.9971923828125000
1946.7096              272.9642333984375000
1946.7917              272.9428710937500000
1946.8767              273.1538391113281250
1946.9589              273.9205017089843750
1947.0438              274.7601623535156250
1947.1260              274.9539184570312500
1947.2054              274.7062988281250000
1947.2904              274.0333862304687500
1947.3726              273.3599853515625000
1947.4575              272.5270690917968750
1947.5397              272.7581481933593750
1947.6246              271.9221496582031250
1947.7096              271.6372985839843750
1947.7917              271.5812988281250000
1947.8767              272.0386962890625000
1947.9589              273.0923461914062500
1948.0437              274.3722839355468750
1948.1257              275.0661621093750000
1948.2076              274.9094848632812500
1948.2924              274.2234497070312500
1948.3743              273.3730163574218750
1948.4590              272.5011596679687500
1948.5410              271.7881164550781250
1948.6257              272.1454772949218750
1948.7103              271.8755798339843750
1948.7924              271.8708190917968750
1948.8771              271.9630432128906250
1948.9590              272.8729553222656250
1949.0438              274.0969238281250000
1949.1260              274.6954956054687500
1949.2054              274.3075561523437500
1949.2904              273.7113342285156250
1949.3726              272.9784545898437500
1949.4575              272.2865600585937500
1949.5397              271.5006713867187500
1949.6246              272.0536804199218750
1949.7096              272.2095642089843750
1949.7917              271.9722595214843750
1949.8767              272.0181579589843750
1949.9589              272.8728027343750000
1950.0438              273.8453979492187500
1950.1260              274.3698425292968750
1950.2054              274.2296447753906250
1950.2904              273.8218383789062500
1950.3726              273.0424804687500000
1950.4575              272.2263793945312500
1950.5397              271.4345397949218750
1950.6246              271.8903198242187500
1950.7096              271.8652648925781250
1950.7917              271.7928771972656250
1950.8767              271.9883728027343750
1950.9589              272.6093139648437500
1951.0438              273.6238708496093750
1951.1260              274.0071716308593750
1951.2054              273.9189453125000000
1951.2904              273.3619995117187500
1951.3726              272.7865295410156250
1951.4575              272.1101074218750000
1951.5397              271.4340820312500000
1951.6246              271.6377258300781250
1951.7096              272.1340026855468750
1951.7917              272.0680236816406250
1951.8767              272.0583801269531250
1951.9589              272.8088684082031250
1952.0437              273.9580078125000000
1952.1257              274.4084777832031250
1952.2076              274.2887573242187500
1952.2924              273.6694030761718750
1952.3743              272.9205322265625000
1952.4590              271.9416198730468750
1952.5410              271.3334350585937500
1952.6257              271.3915100097656250
1952.7103              272.2443542480468750
1952.7924              272.1011047363281250
1952.8771              272.1059265136718750
1952.9590              272.9902954101562500
1953.0438              273.9714355468750000
1953.1260              274.2628784179687500
1953.2054              274.0988159179687500
1953.2904              273.4325256347656250
1953.3726              272.6589965820312500
1953.4575              271.8410034179687500
1953.5397              271.6608886718750000
1953.6246              272.1711730957031250
1953.7096              272.0579833984375000
1953.7917              271.9219665527343750
1953.8767              272.0472717285156250
1953.9589              273.1134948730468750
1954.0438              274.3823547363281250
1954.1260              274.8789062500000000
1954.2054              274.4961547851562500
1954.2904              273.8816528320312500
1954.3726              272.9582824707031250
1954.4575              272.0775756835937500
1954.5397              271.4458312988281250
1954.6246              272.1716308593750000
1954.7096              272.2261962890625000
1954.7917              272.3136901855468750
1954.8767              272.4461669921875000
1954.9589              273.4661865234375000
1955.0438              274.5051269531250000
1955.1260              274.8951721191406250
1955.2054              274.5664367675781250
1955.2904              273.8879089355468750
1955.3726              273.0781555175781250
1955.4575              272.1536865234375000
1955.5397              271.5943298339843750
1955.6246              272.1956481933593750
1955.7096              272.1944885253906250
1955.7917              272.2249755859375000
1955.8767              272.2558288574218750
1955.9589              272.8880310058593750
1956.0437              274.0305175781250000
1956.1257              274.6107482910156250
1956.2076              274.4180603027343750
1956.2924              273.8788757324218750
1956.3743              273.0240783691406250
1956.4590              272.0567626953125000
1956.5410              271.5492553710937500
1956.6257              272.2041625976562500
1956.7103              271.9999084472656250
1956.7924              271.9270629882812500
1956.8771              272.1506652832031250
1956.9590              273.0310974121093750
1957.0438              274.2635803222656250
1957.1260              274.7875671386718750
1957.2054              274.5866394042968750
1957.2904              273.9776000976562500
1957.3726              273.1099243164062500
1957.4575              272.1530456542968750
1957.5397              272.0324401855468750
1957.6246              272.1848754882812500
1957.7096              272.4654846191406250
1957.7917              272.5916137695312500
1957.8767              272.8384094238281250
1957.9589              273.8581542968750000
1958.0438              274.9325256347656250
1958.1260              274.9503784179687500
1958.2054              274.6993713378906250
1958.2904              274.0437622070312500
1958.3726              273.2505493164062500
1958.4575              272.6456604003906250
1958.5397              272.8031005859375000
1958.6246              273.0800170898437500
1958.7096              272.5858154296875000
1958.7917              272.3778686523437500
1958.8767              272.9821777343750000
1958.9589              274.1183776855468750
1959.0438              275.2727966308593750
1959.1260              275.6294860839843750
1959.2054              275.3055114746093750
1959.2904              274.4460144042968750
1959.3726              273.5190124511718750
1959.4575              272.7472534179687500
1959.5397              272.9517211914062500
1959.6246              273.0674133300781250
1959.7096              273.0218811035156250
1959.7917              272.9067077636718750
1959.8767              273.2676391601562500
1959.9589              274.2400207519531250
1960.0437              275.3055419921875000
1960.1257              275.9061279296875000
1960.2076              275.6578674316406250
1960.2924              275.0187377929687500
1960.3743              273.9697875976562500
1960.4590              273.0135803222656250
1960.5410              273.0887756347656250
1960.6257              273.0907897949218750
1960.7103              272.9402770996093750
1960.7924              272.4642333984375000
1960.8771              272.8215942382812500
1960.9590              273.7983398437500000
1961.0438              275.0238647460937500
1961.1260              275.5070495605468750
1961.2054              275.2532958984375000
1961.2904              274.6443481445312500
1961.3726              273.7009582519531250
1961.4575              272.9103088378906250
1961.5397              273.0538330078125000
1961.6246              273.0350952148437500
1961.7096              272.9321899414062500
1961.7917              272.2916870117187500
1961.8767              272.5945739746093750
1961.9589              273.6630249023437500
1962.0438              274.6893920898437500
1962.1260              275.1251525878906250
1962.2054              274.9737854003906250
1962.2904              274.2611389160156250
1962.3726              273.4226989746093750
1962.4575              272.4932556152343750
1962.5397              271.9028625488281250
1962.6246              272.4283142089843750
1962.7096              271.9950866699218750
1962.7917              271.9434814453125000
1962.8767              272.2203674316406250
1962.9589              273.2789001464843750
1963.0438              274.5690002441406250
1963.1260              274.9017028808593750
1963.2054              274.7170410156250000
1963.2904              274.0296630859375000
1963.3726              273.1676635742187500
1963.4575              272.3653259277343750
1963.5397              271.5662536621093750
1963.6246              271.9183044433593750
1963.7096              271.9200744628906250
1963.7917              272.2906494140625000
1963.8767              272.5864562988281250
1963.9589              273.6465454101562500
1964.0437              274.5701293945312500
1964.1257              275.0588073730468750
1964.2076              274.9815673828125000
1964.2924              274.3135375976562500
1964.3743              273.3838195800781250
1964.4590              272.3380737304687500
1964.5410              271.4599914550781250
1964.6257              271.5231933593750000
1964.7103              271.9585571289062500
1964.7924              272.0756225585937500
1964.8771              272.4968872070312500
1964.9590              273.6448364257812500
1965.0438              274.8682250976562500
1965.1260              275.3770751953125000
1965.2054              275.2691955566406250
1965.2904              274.6172485351562500
1965.3726              273.7291870117187500
1965.4575              272.8115844726562500
1965.5397              272.2087097167968750
1965.6246              272.4663085937500000
1965.7096              272.1603088378906250
1965.7917              272.1543579101562500
1965.8767              272.6256713867187500
1965.9589              273.9072265625000000
1966.0438              274.8104858398437500
1966.1260              275.1658935546875000
1966.2054              274.9443054199218750
1966.2904              274.1927795410156250
1966.3726              273.3969726562500000
1966.4575              272.5352478027343750
1966.5397              272.5844726562500000
1966.6246              273.1454162597656250
1966.7096              273.1753845214843750
1966.7917              273.0958251953125000
1966.8767              273.2590942382812500
1966.9589              274.0346374511718750
1967.0438              275.0331420898437500
1967.1260              275.6515808105468750
1967.2054              275.2445983886718750
1967.2904              274.4831237792968750
1967.3726              273.6895751953125000
1967.4575              272.9566040039062500
1967.5397              273.0939941406250000
1967.6246              273.1637573242187500
1967.7096              272.9025878906250000
1967.7917              272.6571655273437500
1967.8767              272.7892761230468750
1967.9589              273.7990722656250000
1968.0437              275.0032348632812500
1968.1257              275.5950317382812500
1968.2076              275.4301452636718750
1968.2924              274.4858093261718750
1968.3743              273.7587585449218750
1968.4590              273.1426696777343750
1968.5410              272.9078063964843750
1968.6257              273.1549072265625000
1968.7103              272.8083801269531250
1968.7924              272.1198120117187500
1968.8771              272.3492736816406250
1968.9590              273.3747558593750000
1969.0438              274.4666442871093750
1969.1260              274.9990234375000000
1969.2054              275.2164306640625000
1969.2904              274.6505126953125000
1969.3726              273.8187255859375000
1969.4575              273.0932312011718750
1969.5397              272.4899291992187500
1969.6246              271.9143676757812500
1969.7096              271.9970092773437500
1969.7917              271.8400878906250000
1969.8767              272.2818603515625000
1969.9589              273.4819641113281250
1970.0438              274.4591979980468750
1970.1260              274.9696044921875000
1970.2054              274.7623596191406250
1970.2904              274.0637817382812500
1970.3726              273.3738403320312500
1970.4575              272.5374755859375000
1970.5397              271.7684936523437500
1970.6246              272.2868957519531250
1970.7096              272.0736694335937500
1970.7917              271.8964843750000000
1970.8767              272.3123779296875000
1970.9589              273.1997070312500000
1971.0438              274.3852233886718750
1971.1260              274.8868713378906250
1971.2054              274.7650756835937500
1971.2904              274.0373535156250000
1971.3726              273.2148742675781250
1971.4575              272.2378845214843750
1971.5397              271.5662841796875000
1971.6246              271.9974975585937500
1971.7096              272.0807495117187500
1971.7917              271.7452087402343750
1971.8767              271.9796142578125000
1971.9589              272.9645385742187500
1972.0437              274.1615295410156250
1972.1257              274.6066284179687500
1972.2076              274.4430847167968750
1972.2924              274.0221557617187500
1972.3743              273.1186828613281250
1972.4590              272.4103393554687500
1972.5410              272.0830688476562500
1972.6257              272.5009155273437500
1972.7103              272.2095031738281250
1972.7924              272.0013122558593750
1972.8771              272.4124755859375000
1972.9590              273.5131225585937500
1973.0438              274.5918273925781250
1973.1260              274.9849548339843750
1973.2054              274.7389526367187500
1973.2904              274.0832824707031250
1973.3726              273.3883972167968750
1973.4575              272.7914733886718750
1973.5397              272.7342529296875000
1973.6246              273.1581115722656250
1973.7096              272.9064331054687500
1973.7917              272.4201965332031250
1973.8767              272.5534057617187500
1973.9589              273.6068115234375000
1974.0438              274.7515563964843750
1974.1260              275.4040527343750000
1974.2054              275.0525512695312500
1974.2904              274.2810668945312500
1974.3726              273.3825378417968750
1974.4575              272.3495178222656250
1974.5397              271.8570556640625000
1974.6246              272.8736877441406250
1974.7096              272.8448791503906250
1974.7917              272.7759094238281250
1974.8767              273.1069335937500000
1974.9589              274.0384826660156250
1975.0438              275.1229248046875000
1975.1260              275.6770629882812500
1975.2054              275.4617309570312500
1975.2904              274.4215393066406250
1975.3726              273.6340332031250000
1975.4575              272.4612426757812500
1975.5397              272.0148315429687500
1975.6246              272.5747375488281250
1975.7096              272.0310668945312500
1975.7917              271.8901672363281250
1975.8767              272.3129272460937500
1975.9589              273.4668273925781250
1976.0437              274.4577636718750000
1976.1257              275.0290222167968750
1976.2076              274.8930664062500000
1976.2924              274.2862243652343750
1976.3743              273.6582336425781250
1976.4590              272.8937377929687500
1976.5410              271.9749145507812500
1976.6257              271.8091735839843750
1976.7103              272.0529479980468750
1976.7924              272.4396057128906250
1976.8771              272.8784484863281250
1976.9590              273.9014892578125000
1977.0438              274.9419555664062500
1977.1260              275.4375305175781250
1977.2054              275.1510925292968750
1977.2904              274.4062500000000000
1977.3726              273.6700439453125000
1977.4575              272.8264770507812500
1977.5397              272.7682495117187500
1977.6246              273.2623901367187500
1977.7096              272.5102539062500000
1977.7917              272.1579284667968750
1977.8767              272.5777893066406250
1977.9589              273.7875366210937500
1978.0438              274.9096069335937500
1978.1260              275.3369750976562500
1978.2054              274.9284057617187500
1978.2904              274.2969360351562500
1978.3726              273.5214233398437500
1978.4575              272.6799621582031250
1978.5397              272.1724243164062500
1978.6246              272.1802368164062500
1978.7096              272.0774536132812500
1978.7917              272.0242919921875000
1978.8767              272.2456970214843750
1978.9589              273.3139953613281250
1979.0438              274.5115051269531250
1979.1260              274.8795776367187500
1979.2054              274.6953735351562500
1979.2904              273.9106140136718750
1979.3726              273.0762634277343750
1979.4575              271.9224243164062500
1979.5397              271.7942199707031250
1979.6246              272.5455017089843750
1979.7096              271.9318542480468750
1979.7917              271.9757690429687500
1979.8767              272.4644470214843750
1979.9589              273.3880004882812500
1980.0437              274.6362304687500000
1980.1257              275.1719665527343750
1980.2076              274.9854431152343750
1980.2924              274.3495178222656250
1980.3743              273.6069946289062500
1980.4590              272.5997009277343750
1980.5410              271.7947387695312500
1980.6257              271.9177246093750000
1980.7103              272.2890319824218750
1980.7924              271.9432983398437500
1980.8771              272.1167297363281250
1980.9590              273.0990295410156250
1981.0438              274.2726745605468750
1981.1260              274.7308044433593750
1981.2054              274.6236877441406250
1981.2904              273.7875976562500000
1981.3726              272.9801025390625000
1981.4575              271.9783935546875000
1981.5397              271.4937438964843750
1981.6246              271.5120239257812500
1981.7096              271.6795654296875000
1981.7917              272.0365600585937500
1981.8767              272.2954406738281250
1981.9589              273.2430725097656250
1982.0438              274.4470214843750000
1982.1260              274.8520507812500000
1982.2054              274.5306701660156250
1982.2904              273.6916198730468750
1982.3726              272.8102111816406250
1982.4575              271.9568481445312500
1982.5397              271.5516357421875000
1982.6246              271.3590393066406250
1982.7096              271.9899902343750000
1982.7917              272.5439147949218750
1982.8767              272.7024230957031250
1982.9589              273.6049804687500000
1983.0438              274.4175109863281250
1983.1260              274.7326354980468750
1983.2054              274.4445800781250000
1983.2904              273.8932189941406250
1983.3726              273.1489562988281250
1983.4575              272.5382995605468750
1983.5397              271.6870727539062500
1983.6246              271.9859619140625000
1983.7096              272.2948608398437500
1983.7917              272.0163574218750000
1983.8767              272.3401489257812500
1983.9589              273.2450561523437500
1984.0437              274.1806335449218750
1984.1257              274.7612304687500000
1984.2076              274.4745178222656250
1984.2924              273.7539672851562500
1984.3743              273.0906677246093750
1984.4590              272.2549133300781250
1984.5410              271.9000854492187500
1984.6257              272.3759155273437500
1984.7103              271.8654785156250000
1984.7924              271.8117980957031250
1984.8771              272.1021118164062500
1984.9590              273.1807250976562500
1985.0438              274.5145263671875000
1985.1260              274.8741455078125000
1985.2054              274.5256958007812500
1985.2904              273.7814941406250000
1985.3726              273.0473022460937500
1985.4575              272.3230895996093750
1985.5397              271.5780944824218750
1985.6246              272.4687500000000000
1985.7096              272.1846008300781250
1985.7917              272.3234252929687500
1985.8767              272.6080627441406250
1985.9589              273.5385742187500000
1986.0438              274.5012512207031250
1986.1260              274.9569396972656250
1986.2054              274.8016052246093750
1986.2904              274.2088012695312500
1986.3726              273.4946899414062500
1986.4575              272.7967834472656250
1986.5397              271.8334655761718750
1986.6246              271.5729675292968750
1986.7096              272.4768981933593750
1986.7917              271.8453063964843750
1986.8767              272.1408386230468750
1986.9589              273.2529602050781250
1987.0438              274.2946166992187500
1987.1260              274.8442382812500000
1987.2054              274.9828186035156250
1987.2904              274.4819030761718750
1987.3726              273.6766662597656250
1987.4575              272.7493286132812500
1987.5397              271.9529418945312500
1987.6246              272.1272888183593750
1987.7096              272.4370117187500000
1987.7917              272.0704956054687500
1987.8767              272.5815429687500000
1987.9589              273.8493347167968750
1988.0437              274.9431152343750000
1988.1257              275.3493652343750000
1988.2076              274.9084167480468750
1988.2924              274.0564575195312500
1988.3743              273.3014831542968750
1988.4590              272.6719970703125000
1988.5410              272.2992553710937500
1988.6257              272.9934082031250000
1988.7103              272.4090270996093750
1988.7924              272.3700561523437500
1988.8771              272.9342346191406250
1988.9590              273.9610595703125000
1989.0438              275.0466613769531250
1989.1260              275.5789489746093750
1989.2054              275.4129028320312500
1989.2904              274.6248779296875000
1989.3726              273.8532409667968750
1989.4575              273.2202453613281250
1989.5397              272.3109130859375000
1989.6246              271.7693176269531250
1989.7096              271.7731933593750000
1989.7917              271.6998596191406250
1989.8767              272.0589599609375000
1989.9589              273.1750183105468750
1990.0438              274.4183654785156250
1990.1260              275.0790710449218750
1990.2054              275.0315856933593750
1990.2904              274.3646545410156250
1990.3726              273.4713745117187500
1990.4575              272.7900085449218750
1990.5397              271.8943481445312500
1990.6246              271.5682373046875000
1990.7096              272.5952453613281250
1990.7917              272.1448974609375000
1990.8767              272.6247863769531250
1990.9589              273.6201477050781250
1991.0438              274.7333984375000000
1991.1260              275.1642150878906250
1991.2054              274.7121887207031250
1991.2904              274.0786132812500000
1991.3726              273.4575500488281250
1991.4575              272.6705627441406250
1991.5397              271.6117248535156250
1991.6246              271.6539611816406250
1991.7096              271.8959655761718750
1991.7917              272.2500610351562500
1991.8767              272.6593627929687500
1991.9589              273.6264038085937500
1992.0437              274.5770263671875000
1992.1257              275.0417175292968750
1992.2076              274.6538391113281250
1992.2924              274.0058898925781250
1992.3743              273.1543273925781250
1992.4590              272.2269287109375000
1992.5410              271.7225036621093750
1992.6257              272.4421386718750000
1992.7103              272.2414855957031250
1992.7924              272.0328979492187500
1992.8771              272.1992187500000000
1992.9590              273.0524291992187500
1993.0438              273.9897155761718750
1993.1260              274.2967529296875000
1993.2054              274.1983337402343750
1993.2904              273.7298583984375000
1993.3726              272.8957519531250000
1993.4575              271.7816772460937500
1993.5397              271.9335632324218750
1993.6246              272.3305969238281250
1993.7096              272.0018005371093750
1993.7917              271.8729553222656250
1993.8767              272.3760070800781250
1993.9589              273.4156494140625000
1994.0438              274.4624938964843750
1994.1260              275.0138854980468750
1994.2054              274.8072509765625000
1994.2904              274.1961669921875000
1994.3726              273.4525451660156250
1994.4575              272.7283325195312500
1994.5397              271.8438720703125000
1994.6246              272.0739440917968750
1994.7096              272.3341369628906250
1994.7917              272.1120605468750000
1994.8767              272.6193237304687500
1994.9589              273.8715515136718750
1995.0438              275.0847778320312500
1995.1260              275.6174926757812500
1995.2054              275.1343383789062500
1995.2904              274.3193359375000000
1995.3726              273.5675964355468750
1995.4575              272.6547851562500000
1995.5397              272.3084106445312500
1995.6246              273.0711975097656250
1995.7096              272.5733337402343750
1995.7917              272.1213073730468750
1995.8767              272.5106201171875000
1995.9589              273.6154174804687500
1996.0437              274.7561035156250000
1996.1257              275.2083129882812500
1996.2076              274.8971557617187500
1996.2924              274.2303466796875000
1996.3743              273.1992797851562500
1996.4590              272.3080749511718750
1996.5410              271.6224060058593750
1996.6257              272.1281127929687500
1996.7103              272.2426452636718750
1996.7924              272.2762451171875000
1996.8771              272.7552185058593750
1996.9590              273.7847900390625000
1997.0438              274.8211364746093750
1997.1260              275.3360595703125000
1997.2054              275.0881958007812500
1997.2904              274.4708557128906250
1997.3726              273.5694885253906250
1997.4575              272.6305847167968750
1997.5397              272.9539184570312500
1997.6246              272.8209838867187500
1997.7096              272.1680908203125000
1997.7917              272.0983581542968750
1997.8767              272.7281494140625000
1997.9589              273.9478759765625000
1998.0438              275.1829833984375000
1998.1260              275.4799194335937500
1998.2054              275.1862792968750000
1998.2904              274.1331787109375000
1998.3726              273.2631530761718750
1998.4575              272.7313842773437500
1998.5397              273.2074890136718750
1998.6246              273.1745605468750000
1998.7096              273.1546630859375000
1998.7917              273.1259765625000000
1998.8767              273.3657836914062500
1998.9589              274.1775512695312500
1999.0438              275.2689208984375000
1999.1260              275.7177734375000000
1999.2054              275.3731079101562500
1999.2904              274.6067810058593750
1999.3726              273.7098083496093750
1999.4575              273.0089416503906250
1999.5397              272.8449707031250000
1999.6246              273.0733947753906250
1999.7096              272.4005432128906250
1999.7917              272.3304138183593750
1999.8767              272.6882629394531250
1999.9589              273.8941040039062500
2000.0437              274.9302368164062500
2000.1257              275.3603515625000000
2000.2076              275.0621948242187500
2000.2924              274.5428466796875000
2000.3743              273.7231140136718750
2000.4590              272.9609069824218750
2000.5410              272.3399353027343750
2000.6257              272.5667419433593750
2000.7103              272.3907470703125000
2000.7924              272.1647644042968750
2000.8771              272.5682678222656250
2000.9590              273.6645202636718750
