1880.0437              272.8049926757812500
1880.1257              273.0312500000000000
1880.2076              272.6588134765625000
1880.2924              272.0260620117187500
1880.3743              271.3765869140625000
1880.4590              271.2864990234375000
1880.5410              271.2903442382812500
1880.6257              271.2917175292968750
1880.7103              271.2989807128906250
1880.7924              271.3068237304687500
1880.8771              271.3243713378906250
1880.9590              271.6402893066406250
1881.0438              272.5282287597656250
1881.1260              272.7921752929687500
1881.2054              272.6350097656250000
1881.2904              271.9144287109375000
1881.3726              271.2975158691406250
1881.4575              271.2861022949218750
1881.5397              271.3063354492187500
1881.6246              271.3066406250000000
1881.7096              271.3084411621093750
1881.7917              271.3127136230468750
1881.8767              271.3131408691406250
1881.9589              271.6714172363281250
1882.0438              272.8686218261718750
1882.1260              272.9441528320312500
1882.2054              272.5141601562500000
1882.2904              271.7530822753906250
1882.3726              271.2951965332031250
1882.4575              271.2868347167968750
1882.5397              271.2864074707031250
1882.6246              271.2979125976562500
1882.7096              271.3167724609375000
1882.7917              271.3117675781250000
1882.8767              271.4027099609375000
1882.9589              272.0570373535156250
1883.0438              273.1511840820312500
1883.1260              273.2244873046875000
1883.2054              272.6801452636718750
1883.2904              272.1591186523437500
1883.3726              271.4815063476562500
1883.4575              271.3056945800781250
1883.5397              271.2912292480468750
1883.6246              271.2879943847656250
1883.7096              271.2868347167968750
1883.7917              271.3051452636718750
1883.8767              271.3574218750000000
1883.9589              271.9714355468750000
1884.0437              272.9860229492187500
1884.1257              273.1911621093750000
1884.2076              272.6212768554687500
1884.2924              271.8409423828125000
1884.3743              271.3193359375000000
1884.4590              271.2890930175781250
1884.5410              271.2867736816406250
1884.6257              271.2885131835937500
1884.7103              271.3008728027343750
1884.7924              271.3326110839843750
1884.8771              271.4238891601562500
1884.9590              272.0140380859375000
1885.0438              272.7947998046875000
1885.1260              272.9468688964843750
1885.2054              272.5797729492187500
1885.2904              272.0746459960937500
1885.3726              271.4625244140625000
1885.4575              271.2970275878906250
1885.5397              271.2886962890625000
1885.6246              271.2869873046875000
1885.7096              271.2852783203125000
1885.7917              271.3035278320312500
1885.8767              271.3922424316406250
1885.9589              271.8822021484375000
1886.0438              272.6999206542968750
1886.1260              272.8615417480468750
1886.2054              272.4372558593750000
1886.2904              271.9336242675781250
1886.3726              271.3400573730468750
1886.4575              271.2864074707031250
1886.5397              271.2918090820312500
1886.6246              271.2924499511718750
1886.7096              271.3044738769531250
1886.7917              271.3125915527343750
1886.8767              271.3341979980468750
1886.9589              271.7485351562500000
1887.0438              272.4761657714843750
1887.1260              272.6410522460937500
1887.2054              272.3174133300781250
1887.2904              271.6178283691406250
1887.3726              271.2899169921875000
1887.4575              271.2877502441406250
1887.5397              271.2922973632812500
1887.6246              271.2943420410156250
1887.7096              271.3143615722656250
1887.7917              271.3121337890625000
1887.8767              271.3193969726562500
1887.9589              271.7643432617187500
1888.0437              272.7139587402343750
1888.1257              272.8362121582031250
1888.2076              272.5166015625000000
1888.2924              271.6733398437500000
1888.3743              271.2919616699218750
1888.4590              271.2915649414062500
1888.5410              271.3202514648437500
1888.6257              271.3202819824218750
1888.7103              271.3157348632812500
1888.7924              271.3260803222656250
1888.8771              271.3692626953125000
1888.9590              271.8317565917968750
1889.0438              272.9565734863281250
1889.1260              273.0270080566406250
1889.2054              272.5670471191406250
1889.2904              272.0244140625000000
1889.3726              271.3372192382812500
1889.4575              271.2833557128906250
1889.5397              271.2849121093750000
1889.6246              271.2935485839843750
1889.7096              271.2976684570312500
1889.7917              271.3039550781250000
1889.8767              271.3399353027343750
1889.9589              271.6394348144531250
1890.0438              272.5953979492187500
1890.1260              272.9187927246093750
1890.2054              272.7029113769531250
1890.2904              271.9393615722656250
1890.3726              271.3142395019531250
1890.4575              271.2859191894531250
1890.5397              271.2834472656250000
1890.6246              271.2897033691406250
1890.7096              271.2938232421875000
1890.7917              271.3019409179687500
1890.8767              271.3910827636718750
1890.9589              271.8534851074218750
1891.0438              272.9277343750000000
1891.1260              273.0094299316406250
1891.2054              272.6177673339843750
1891.2904              271.9640502929687500
1891.3726              271.3323669433593750
1891.4575              271.2895507812500000
1891.5397              271.2843627929687500
1891.6246              271.2948303222656250
1891.7096              271.3007812500000000
1891.7917              271.3224792480468750
1891.8767              271.3676147460937500
1891.9589              271.6551818847656250
1892.0437              272.5004272460937500
1892.1257              272.7213439941406250
1892.2076              272.4364624023437500
1892.2924              271.8231201171875000
1892.3743              271.3392639160156250
1892.4590              271.2855834960937500
1892.5410              271.2879638671875000
1892.6257              271.3026428222656250
1892.7103              271.3179931640625000
1892.7924              271.3302001953125000
1892.8771              271.3419799804687500
1892.9590              271.9220886230468750
1893.0438              272.9206848144531250
1893.1260              273.1835021972656250
1893.2054              272.6755676269531250
1893.2904              271.8999328613281250
1893.3726              271.3479309082031250
1893.4575              271.2885742187500000
1893.5397              271.2952575683593750
1893.6246              271.3289489746093750
1893.7096              271.3183288574218750
1893.7917              271.3209228515625000
1893.8767              271.3536071777343750
1893.9589              271.4562988281250000
1894.0438              272.2007446289062500
1894.1260              272.5733032226562500
1894.2054              272.4058837890625000
1894.2904              271.8074340820312500
1894.3726              271.3218383789062500
1894.4575              271.2872924804687500
1894.5397              271.2871704101562500
1894.6246              271.2860717773437500
1894.7096              271.2955322265625000
1894.7917              271.3130187988281250
1894.8767              271.3422546386718750
1894.9589              271.7589721679687500
1895.0438              272.6468811035156250
1895.1260              273.1410217285156250
1895.2054              272.8298645019531250
1895.2904              272.2194519042968750
1895.3726              271.5315856933593750
1895.4575              271.2886352539062500
1895.5397              271.2849426269531250
1895.6246              271.2851562500000000
1895.7096              271.3090209960937500
1895.7917              271.3068847656250000
1895.8767              271.3415832519531250
1895.9589              271.8535156250000000
1896.0437              272.6928100585937500
1896.1257              272.8858337402343750
1896.2076              272.5869445800781250
1896.2924              272.0101318359375000
1896.3743              271.4958190917968750
1896.4590              271.2971191406250000
1896.5410              271.2885131835937500
1896.6257              271.2927551269531250
1896.7103              271.3030090332031250
1896.7924              271.2999877929687500
1896.8771              271.3655090332031250
1896.9590              271.8929138183593750
1897.0438              272.9463806152343750
1897.1260              272.9132080078125000
1897.2054              272.5470275878906250
1897.2904              271.9104309082031250
1897.3726              271.3318481445312500
1897.4575              271.2867431640625000
1897.5397              271.2876586914062500
1897.6246              271.2997741699218750
1897.7096              271.3256225585937500
1897.7917              271.3486938476562500
1897.8767              271.4144592285156250
1897.9589              272.1577148437500000
1898.0438              272.6264343261718750
1898.1260              272.9041748046875000
1898.2054              272.5289916992187500
1898.2904              271.8129882812500000
1898.3726              271.3170471191406250
1898.4575              271.2939758300781250
1898.5397              271.3056640625000000
1898.6246              271.3086242675781250
1898.7096              271.4040222167968750
1898.7917              271.3871765136718750
1898.8767              271.3883056640625000
1898.9589              271.8642578125000000
1899.0438              272.5201416015625000
1899.1260              272.7248535156250000
1899.2054              272.5420532226562500
1899.2904              271.9247436523437500
1899.3726              271.3888549804687500
1899.4575              271.2839660644531250
1899.5397              271.2874450683593750
1899.6246              271.2936401367187500
1899.7096              271.3234252929687500
1899.7917              271.3311767578125000
1899.8767              271.3670654296875000
1899.9589              271.7955017089843750
1900.0438              272.7062683105468750
1900.1260              273.0474548339843750
1900.2054              272.6359863281250000
1900.2904              271.7490234375000000
1900.3726              271.2869567871093750
1900.4575              271.2845153808593750
1900.5397              271.2904357910156250
1900.6246              271.3078308105468750
1900.7096              271.3305664062500000
1900.7917              271.3309936523437500
1900.8767              271.3378601074218750
1900.9589              271.7943115234375000
1901.0438              272.5943298339843750
1901.1260              272.9439392089843750
1901.2054              272.7975158691406250
1901.2904              272.0894470214843750
1901.3726              271.4419555664062500
1901.4575              271.2894897460937500
1901.5397              271.2855224609375000
1901.6246              271.2843017578125000
1901.7096              271.2979736328125000
1901.7917              271.3113098144531250
1901.8767              271.3645019531250000
1901.9589              271.9197387695312500
1902.0438              272.7870178222656250
1902.1260              273.2967529296875000
1902.2054              272.9326171875000000
1902.2904              272.4320983886718750
1902.3726              271.7239074707031250
1902.4575              271.3225402832031250
1902.5397              271.2929382324218750
1902.6246              271.2860107421875000
1902.7096              271.2901000976562500
1902.7917              271.3226623535156250
1902.8767              271.3635559082031250
1902.9589              271.7220764160156250
1903.0438              272.4850769042968750
1903.1260              272.8019104003906250
1903.2054              272.3768920898437500
1903.2904              271.8050231933593750
1903.3726              271.2960815429687500
1903.4575              271.2827453613281250
1903.5397              271.2917785644531250
1903.6246              271.2957458496093750
1903.7096              271.3258972167968750
1903.7917              271.3344421386718750
1903.8767              271.3452453613281250
1903.9589              271.8760681152343750
1904.0437              272.9274597167968750
1904.1257              273.1159057617187500
1904.2076              272.5486755371093750
1904.2924              271.8356933593750000
1904.3743              271.3376464843750000
1904.4590              271.2860412597656250
1904.5410              271.2826232910156250
1904.6257              271.2809753417968750
1904.7103              271.2868652343750000
1904.7924              271.2913208007812500
1904.8771              271.3036499023437500
1904.9590              271.6359252929687500
1905.0438              272.5882873535156250
1905.1260              272.8239746093750000
1905.2054              272.4232788085937500
1905.2904              271.7387390136718750
1905.3726              271.2969360351562500
1905.4575              271.2851257324218750
1905.5397              271.2824096679687500
1905.6246              271.2917480468750000
1905.7096              271.2886047363281250
1905.7917              271.2904968261718750
1905.8767              271.3140258789062500
1905.9589              271.6804199218750000
1906.0438              272.5740051269531250
1906.1260              272.7943725585937500
1906.2054              272.4893188476562500
1906.2904              271.6917114257812500
1906.3726              271.3080139160156250
1906.4575              271.2831420898437500
1906.5397              271.2911071777343750
1906.6246              271.3001708984375000
1906.7096              271.3147583007812500
1906.7917              271.3477478027343750
1906.8767              271.4003601074218750
1906.9589              271.8117980957031250
1907.0438              272.8657836914062500
1907.1260              272.9546508789062500
1907.2054              272.5849914550781250
1907.2904              271.8388366699218750
1907.3726              271.2981262207031250
1907.4575              271.2908935546875000
1907.5397              271.3170166015625000
1907.6246              271.3207092285156250
1907.7096              271.3397827148437500
1907.7917              271.3522338867187500
1907.8767              271.3633422851562500
1907.9589              271.7398986816406250
1908.0437              272.5962219238281250
1908.1257              272.7791137695312500
1908.2076              272.3118896484375000
1908.2924              271.7795715332031250
1908.3743              271.3490600585937500
1908.4590              271.2830810546875000
1908.5410              271.2881774902343750
1908.6257              271.3129882812500000
1908.7103              271.3083190917968750
1908.7924              271.3079528808593750
1908.8771              271.3595275878906250
1908.9590              271.6790161132812500
1909.0438              272.4886169433593750
1909.1260              272.9019470214843750
1909.2054              272.5463562011718750
1909.2904              271.8708801269531250
1909.3726              271.3019409179687500
1909.4575              271.2846069335937500
1909.5397              271.2847595214843750
1909.6246              271.2884826660156250
1909.7096              271.3013610839843750
1909.7917              271.3148498535156250
1909.8767              271.4222412109375000
1909.9589              271.8302307128906250
1910.0438              272.7305908203125000
1910.1260              273.0022888183593750
1910.2054              272.7287597656250000
1910.2904              272.1034851074218750
1910.3726              271.4486389160156250
1910.4575              271.2878723144531250
1910.5397              271.2855529785156250
1910.6246              271.2975769042968750
1910.7096              271.2938232421875000
1910.7917              271.2987670898437500
1910.8767              271.3149719238281250
1910.9589              271.7257385253906250
1911.0438              272.7213439941406250
1911.1260              272.9767761230468750
1911.2054              272.5795593261718750
1911.2904              271.9540710449218750
1911.3726              271.4107055664062500
1911.4575              271.2916259765625000
1911.5397              271.2860412597656250
1911.6246              271.2885437011718750
1911.7096              271.2930908203125000
1911.7917              271.2975158691406250
1911.8767              271.3163146972656250
1911.9589              271.7712402343750000
1912.0437              272.5711364746093750
1912.1257              272.8005065917968750
1912.2076              272.4725341796875000
1912.2924              271.8978271484375000
1912.3743              271.3589782714843750
1912.4590              271.2854614257812500
1912.5410              271.2886352539062500
1912.6257              271.2895812988281250
1912.7103              271.2994384765625000
1912.7924              271.3393554687500000
1912.8771              271.3302917480468750
1912.9590              271.6128845214843750
1913.0438              272.6506347656250000
1913.1260              272.9817504882812500
1913.2054              272.7364501953125000
1913.2904              271.8890991210937500
1913.3726              271.3131103515625000
1913.4575              271.2844848632812500
1913.5397              271.2944030761718750
1913.6246              271.2882690429687500
1913.7096              271.2943420410156250
1913.7917              271.3116760253906250
1913.8767              271.3302001953125000
1913.9589              271.5604858398437500
1914.0438              272.3903198242187500
1914.1260              272.8202209472656250
1914.2054              272.7121887207031250
1914.2904              272.1559143066406250
1914.3726              271.3974914550781250
1914.4575              271.2891540527343750
1914.5397              271.2878417968750000
1914.6246              271.2990112304687500
1914.7096              271.3513488769531250
1914.7917              271.3354492187500000
1914.8767              271.3260192871093750
1914.9589              271.5387878417968750
1915.0438              272.5140991210937500
1915.1260              272.7739562988281250
1915.2054              272.4953002929687500
1915.2904              271.7636108398437500
1915.3726              271.2896118164062500
1915.4575              271.2883605957031250
1915.5397              271.2985534667968750
1915.6246              271.3170471191406250
1915.7096              271.3033752441406250
1915.7917              271.3265686035156250
1915.8767              271.3250732421875000
1915.9589              271.5245361328125000
1916.0437              272.3201599121093750
1916.1257              272.5521850585937500
1916.2076              272.3561096191406250
1916.2924              271.7832641601562500
1916.3743              271.3072509765625000
1916.4590              271.2869567871093750
1916.5410              271.2850341796875000
1916.6257              271.2896728515625000
1916.7103              271.2977294921875000
1916.7924              271.2961120605468750
1916.8771              271.3819580078125000
1916.9590              271.9422607421875000
1917.0438              272.9028625488281250
1917.1260              272.9774475097656250
1917.2054              272.6354675292968750
1917.2904              271.9454956054687500
1917.3726              271.3814086914062500
1917.4575              271.2975769042968750
1917.5397              271.2890625000000000
1917.6246              271.2872619628906250
1917.7096              271.3051147460937500
1917.7917              271.3140258789062500
1917.8767              271.3480529785156250
1917.9589              272.0745849609375000
1918.0438              272.9774169921875000
1918.1260              273.1315917968750000
1918.2054              272.5136718750000000
1918.2904              271.8927612304687500
1918.3726              271.3657836914062500
1918.4575              271.2833251953125000
1918.5397              271.2865295410156250
1918.6246              271.3064270019531250
1918.7096              271.3234863281250000
1918.7917              271.3335266113281250
1918.8767              271.4139709472656250
1918.9589              271.8672485351562500
1919.0438              272.8696289062500000
1919.1260              272.9960632324218750
1919.2054              272.5280761718750000
1919.2904              271.7759094238281250
1919.3726              271.2904968261718750
1919.4575              271.2994995117187500
1919.5397              271.3262329101562500
1919.6246              271.3653259277343750
1919.7096              271.3648376464843750
1919.7917              271.3594665527343750
1919.8767              271.3536071777343750
1919.9589              271.6952514648437500
1920.0437              272.7628173828125000
1920.1257              272.9766845703125000
1920.2076              272.6279296875000000
1920.2924              271.9164733886718750
1920.3743              271.2969970703125000
1920.4590              271.2890625000000000
1920.5410              271.2990417480468750
1920.6257              271.3222656250000000
1920.7103              271.3479614257812500
1920.7924              271.3397521972656250
1920.8771              271.3360595703125000
1920.9590              271.7112426757812500
1921.0438              272.8965759277343750
1921.1260              273.0896301269531250
1921.2054              272.7982177734375000
1921.2904              272.1049194335937500
1921.3726              271.3968811035156250
1921.4575              271.2850646972656250
1921.5397              271.2844848632812500
1921.6246              271.2963256835937500
1921.7096              271.3052368164062500
1921.7917              271.3217773437500000
1921.8767              271.3858032226562500
1921.9589              271.9461669921875000
1922.0438              272.8650207519531250
1922.1260              273.0211486816406250
1922.2054              272.8466186523437500
1922.2904              272.1733093261718750
1922.3726              271.3618774414062500
1922.4575              271.2868957519531250
1922.5397              271.2843627929687500
1922.6246              271.2889709472656250
1922.7096              271.3001403808593750
1922.7917              271.3100280761718750
1922.8767              271.3554382324218750
1922.9589              271.9043884277343750
1923.0438              272.6779785156250000
1923.1260              272.6972045898437500
1923.2054              272.3860168457031250
1923.2904              271.9537353515625000
1923.3726              271.3467407226562500
1923.4575              271.2897644042968750
1923.5397              271.2826232910156250
1923.6246              271.2979125976562500
1923.7096              271.2980346679687500
1923.7917              271.3080444335937500
1923.8767              271.3330688476562500
1923.9589              271.8125000000000000
1924.0437              272.7484436035156250
1924.1257              273.0992736816406250
1924.2076              272.8978271484375000
1924.2924              272.0693664550781250
1924.3743              271.3070068359375000
1924.4590              271.2855529785156250
1924.5410              271.2831115722656250
1924.6257              271.2911682128906250
1924.7103              271.2918701171875000
1924.7924              271.2991333007812500
1924.8771              271.3202514648437500
1924.9590              271.8249511718750000
1925.0438              272.5189208984375000
1925.1260              272.7775573730468750
1925.2054              272.5993652343750000
1925.2904              271.8994445800781250
1925.3726              271.3857727050781250
1925.4575              271.2874145507812500
1925.5397              271.2863464355468750
1925.6246              271.3002014160156250
1925.7096              271.3099670410156250
1925.7917              271.3138427734375000
1925.8767              271.3692626953125000
1925.9589              271.9096679687500000
1926.0438              272.7643737792968750
1926.1260              272.9851074218750000
1926.2054              272.6961059570312500
1926.2904              272.0057373046875000
1926.3726              271.3747558593750000
1926.4575              271.2889099121093750
1926.5397              271.2896728515625000
1926.6246              271.3001708984375000
1926.7096              271.2973632812500000
1926.7917              271.3169555664062500
1926.8767              271.3436279296875000
1926.9589              271.7545471191406250
1927.0438              272.8182067871093750
1927.1260              273.0873718261718750
1927.2054              272.6133728027343750
1927.2904              271.6572875976562500
1927.3726              271.2931518554687500
1927.4575              271.2837829589843750
1927.5397              271.2840576171875000
1927.6246              271.2873535156250000
1927.7096              271.2958679199218750
1927.7917              271.3088989257812500
1927.8767              271.3361206054687500
1927.9589              271.7654418945312500
1928.0437              272.6604003906250000
1928.1257              272.7807006835937500
1928.2076              272.4798583984375000
1928.2924              271.7739257812500000
1928.3743              271.3055114746093750
1928.4590              271.2889099121093750
1928.5410              271.2857360839843750
1928.6257              271.2851562500000000
1928.7103              271.2950439453125000
1928.7924              271.3130187988281250
1928.8771              271.3353576660156250
1928.9590              271.7352905273437500
1929.0438              272.7275085449218750
1929.1260              272.8697509765625000
1929.2054              272.6648864746093750
1929.2904              272.0268554687500000
1929.3726              271.4100646972656250
1929.4575              271.2972717285156250
1929.5397              271.2912597656250000
1929.6246              271.2870178222656250
1929.7096              271.2875671386718750
1929.7917              271.2909851074218750
1929.8767              271.3607788085937500
1929.9589              271.9530334472656250
1930.0438              273.0659179687500000
1930.1260              273.2456970214843750
1930.2054              272.8453369140625000
1930.2904              272.1026611328125000
1930.3726              271.3439636230468750
1930.4575              271.2905578613281250
1930.5397              271.2854614257812500
1930.6246              271.2941589355468750
1930.7096              271.2898864746093750
1930.7917              271.3068237304687500
1930.8767              271.4127502441406250
1930.9589              271.9840393066406250
1931.0438              272.8678283691406250
1931.1260              272.9099121093750000
1931.2054              272.6159667968750000
1931.2904              272.0060119628906250
1931.3726              271.3485717773437500
1931.4575              271.2875061035156250
1931.5397              271.2897338867187500
1931.6246              271.3097534179687500
1931.7096              271.3029174804687500
1931.7917              271.3122558593750000
1931.8767              271.3930969238281250
1931.9589              271.9559631347656250
1932.0437              272.8476562500000000
1932.1257              273.0239562988281250
1932.2076              272.7516174316406250
1932.2924              272.0830688476562500
1932.3743              271.5460815429687500
1932.4590              271.3139038085937500
1932.5410              271.2908020019531250
1932.6257              271.2899780273437500
1932.7103              271.2953796386718750
1932.7924              271.2960205078125000
1932.8771              271.3215332031250000
1932.9590              271.5603637695312500
1933.0438              272.3193359375000000
1933.1260              272.7773437500000000
1933.2054              272.3925781250000000
1933.2904              271.9273071289062500
1933.3726              271.3403015136718750
1933.4575              271.2863769531250000
1933.5397              271.2854309082031250
1933.6246              271.2883605957031250
1933.7096              271.3045959472656250
1933.7917              271.3119812011718750
1933.8767              271.3682556152343750
1933.9589              271.6699218750000000
1934.0438              272.6196289062500000
1934.1260              272.8084716796875000
1934.2054              272.6453247070312500
1934.2904              272.0441894531250000
1934.3726              271.4059753417968750
1934.4575              271.2889099121093750
1934.5397              271.2849731445312500
1934.6246              271.2847900390625000
1934.7096              271.2900695800781250
1934.7917              271.2975769042968750
1934.8767              271.3910522460937500
1934.9589              271.9535827636718750
1935.0438              272.6531372070312500
1935.1260              272.9652404785156250
1935.2054              272.6046142578125000
1935.2904              272.1669921875000000
1935.3726              271.5047302246093750
1935.4575              271.2900085449218750
1935.5397              271.2842712402343750
1935.6246              271.2885742187500000
1935.7096              271.2843017578125000
1935.7917              271.2844848632812500
1935.8767              271.3000488281250000
1935.9589              271.8415527343750000
1936.0437              272.6982727050781250
1936.1257              273.0631713867187500
1936.2076              272.8438110351562500
1936.2924              272.2088317871093750
1936.3743              271.3912658691406250
1936.4590              271.2901306152343750
1936.5410              271.2834472656250000
1936.6257              271.2861328125000000
1936.7103              271.2880249023437500
1936.7924              271.2913208007812500
1936.8771              271.3983459472656250
1936.9590              271.9367065429687500
1937.0438              272.6605224609375000
1937.1260              273.0027160644531250
1937.2054              272.8602600097656250
1937.2904              272.0492858886718750
1937.3726              271.3786926269531250
1937.4575              271.2863769531250000
1937.5397              271.2839965820312500
1937.6246              271.2933654785156250
1937.7096              271.2970581054687500
1937.7917              271.2947692871093750
1937.8767              271.3245239257812500
1937.9589              271.8248291015625000
1938.0438              272.8072509765625000
1938.1260              273.2073059082031250
1938.2054              272.6202697753906250
1938.2904              271.7587280273437500
1938.3726              271.2941284179687500
1938.4575              271.2915954589843750
1938.5397              271.3014526367187500
1938.6246              271.3244934082031250
1938.7096              271.3461303710937500
1938.7917              271.3409423828125000
1938.8767              271.3534240722656250
1938.9589              271.7243347167968750
1939.0438              272.4674987792968750
1939.1260              272.7972412109375000
1939.2054              272.5661621093750000
1939.2904              271.9821472167968750
1939.3726              271.3925476074218750
1939.4575              271.2907104492187500
1939.5397              271.2857666015625000
1939.6246              271.2937316894531250
1939.7096              271.2944641113281250
1939.7917              271.3043823242187500
1939.8767              271.3354187011718750
1939.9589              271.6110534667968750
1940.0437              272.5166320800781250
1940.1257              272.9538574218750000
1940.2076              272.5786437988281250
1940.2924              271.7411499023437500
1940.3743              271.2928771972656250
1940.4590              271.2876586914062500
1940.5410              271.2859497070312500
1940.6257              271.2952880859375000
1940.7103              271.2958679199218750
1940.7924              271.3162231445312500
1940.8771              271.3276672363281250
1940.9590              271.6210632324218750
1941.0438              272.5768737792968750
1941.1260              273.0698547363281250
1941.2054              272.9054870605468750
1941.2904              272.1062927246093750
1941.3726              271.3613891601562500
1941.4575              271.2911682128906250
1941.5397              271.2875671386718750
1941.6246              271.2862243652343750
1941.7096              271.2912597656250000
1941.7917              271.2900390625000000
1941.8767              271.3534240722656250
1941.9589              271.9207763671875000
1942.0438              272.9371643066406250
1942.1260              273.1372375488281250
1942.2054              272.8144226074218750
1942.2904              272.1015625000000000
1942.3726              271.4434509277343750
1942.4575              271.2974853515625000
1942.5397              271.2896118164062500
1942.6246              271.2849426269531250
1942.7096              271.3080139160156250
1942.7917              271.2970581054687500
1942.8767              271.3328857421875000
1942.9589              271.9221191406250000
1943.0438              272.7976379394531250
1943.1260              273.0137939453125000
1943.2054              272.7857360839843750
1943.2904              272.0289306640625000
1943.3726              271.3414916992187500
1943.4575              271.2885437011718750
1943.5397              271.2845764160156250
1943.6246              271.2934875488281250
1943.7096              271.3070373535156250
1943.7917              271.2977905273437500
1943.8767              271.3205261230468750
1943.9589              271.8060913085937500
1944.0437              272.5679626464843750
1944.1257              272.7705993652343750
1944.2076              272.4357910156250000
1944.2924              271.6696472167968750
1944.3743              271.2955627441406250
1944.4590              271.2846069335937500
1944.5410              271.2820434570312500
1944.6257              271.2952575683593750
1944.7103              271.3016662597656250
1944.7924              271.3184204101562500
1944.8771              271.3455505371093750
1944.9590              271.7283020019531250
1945.0438              272.6791381835937500
1945.1260              272.9804382324218750
1945.2054              272.7496948242187500
1945.2904              272.2061462402343750
1945.3726              271.4564819335937500
1945.4575              271.2893371582031250
1945.5397              271.2863769531250000
1945.6246              271.2838439941406250
1945.7096              271.2840576171875000
1945.7917              271.2885437011718750
1945.8767              271.3641357421875000
1945.9589              272.0383605957031250
1946.0438              273.1191406250000000
1946.1260              273.0076599121093750
1946.2054              272.7611999511718750
1946.2904              272.2250061035156250
1946.3726              271.4230346679687500
1946.4575              271.2929077148437500
1946.5397              271.2913208007812500
1946.6246              271.2886352539062500
1946.7096              271.2999877929687500
1946.7917              271.3190917968750000
1946.8767              271.3979187011718750
1946.9589              271.7949829101562500
1947.0438              272.6950073242187500
1947.1260              272.8555908203125000
1947.2054              272.3546447753906250
1947.2904              271.6651611328125000
1947.3726              271.3097534179687500
1947.4575              271.2852783203125000
1947.5397              271.2872009277343750
1947.6246              271.2883300781250000
1947.7096              271.3051757812500000
1947.7917              271.2970886230468750
1947.8767              271.3267517089843750
1947.9589              271.7526550292968750
1948.0437              272.7629089355468750
1948.1257              272.8819885253906250
1948.2076              272.6213989257812500
1948.2924              271.9364929199218750
1948.3743              271.3542785644531250
1948.4590              271.2876586914062500
1948.5410              271.2931213378906250
1948.6257              271.3084106445312500
1948.7103              271.3094787597656250
1948.7924              271.3235473632812500
1948.8771              271.5096435546875000
1948.9590              272.4943542480468750
1949.0438              273.3760070800781250
1949.1260              273.3670654296875000
1949.2054              273.0337524414062500
1949.2904              272.4410705566406250
1949.3726              271.6587829589843750
1949.4575              271.3604431152343750
1949.5397              271.2941894531250000
1949.6246              271.2912597656250000
1949.7096              271.2932434082031250
1949.7917              271.3015441894531250
1949.8767              271.3441772460937500
1949.9589              271.5690612792968750
1950.0438              272.5885925292968750
1950.1260              272.9062805175781250
1950.2054              272.6093444824218750
1950.2904              272.0159301757812500
1950.3726              271.3435668945312500
1950.4575              271.2889099121093750
1950.5397              271.2881774902343750
1950.6246              271.2937927246093750
1950.7096              271.3226013183593750
1950.7917              271.3089904785156250
1950.8767              271.3427734375000000
1950.9589              271.7473449707031250
1951.0438              272.7726440429687500
1951.1260              273.3326721191406250
1951.2054              272.8971252441406250
1951.2904              272.1408691406250000
1951.3726              271.6366271972656250
1951.4575              271.3018798828125000
1951.5397              271.2864074707031250
1951.6246              271.2837829589843750
1951.7096              271.2904663085937500
1951.7917              271.2967529296875000
1951.8767              271.3750915527343750
1951.9589              271.9107666015625000
1952.0437              272.6565246582031250
1952.1257              272.9960021972656250
1952.2076              272.9731750488281250
1952.2924              272.3076477050781250
1952.3743              271.5524597167968750
1952.4590              271.2992858886718750
1952.5410              271.2910461425781250
1952.6257              271.2903137207031250
1952.7103              271.2979125976562500
1952.7924              271.3041992187500000
1952.8771              271.3570556640625000
1952.9590              271.8327026367187500
1953.0438              272.6676330566406250
1953.1260              272.8839721679687500
1953.2054              272.6408691406250000
1953.2904              272.0621948242187500
1953.3726              271.3313293457031250
1953.4575              271.2886352539062500
1953.5397              271.2950134277343750
1953.6246              271.2972717285156250
1953.7096              271.3036499023437500
1953.7917              271.3138122558593750
1953.8767              271.3496398925781250
1953.9589              272.1295471191406250
1954.0438              273.2016601562500000
1954.1260              273.2885131835937500
1954.2054              272.9299926757812500
1954.2904              272.1373596191406250
1954.3726              271.4482116699218750
1954.4575              271.2938842773437500
1954.5397              271.2972717285156250
1954.6246              271.3118286132812500
1954.7096              271.3198547363281250
1954.7917              271.3313293457031250
1954.8767              271.4214477539062500
1954.9589              271.7601928710937500
1955.0438              272.5748901367187500
1955.1260              272.9150695800781250
1955.2054              272.7023315429687500
1955.2904              272.0024414062500000
1955.3726              271.3854675292968750
1955.4575              271.2870483398437500
1955.5397              271.2843627929687500
1955.6246              271.2843933105468750
1955.7096              271.2877502441406250
1955.7917              271.3216552734375000
1955.8767              271.4637451171875000
1955.9589              271.9810485839843750
1956.0437              272.6587829589843750
1956.1257              272.7716674804687500
1956.2076              272.6968078613281250
1956.2924              272.0097351074218750
1956.3743              271.3784790039062500
1956.4590              271.2898254394531250
1956.5410              271.2895202636718750
1956.6257              271.2942199707031250
1956.7103              271.3009643554687500
1956.7924              271.3287048339843750
1956.8771              271.4247131347656250
1956.9590              271.9878234863281250
1957.0438              272.7849731445312500
1957.1260              273.0487670898437500
1957.2054              272.8535156250000000
1957.2904              272.2094116210937500
1957.3726              271.4122314453125000
1957.4575              271.2968444824218750
1957.5397              271.2926330566406250
1957.6246              271.2868041992187500
1957.7096              271.2902221679687500
1957.7917              271.2947998046875000
1957.8767              271.4363708496093750
1957.9589              272.0394897460937500
1958.0438              272.8852233886718750
1958.1260              273.0872192382812500
1958.2054              272.7325134277343750
1958.2904              271.9751281738281250
1958.3726              271.3196411132812500
1958.4575              271.2879638671875000
1958.5397              271.2871704101562500
1958.6246              271.3090515136718750
1958.7096              271.2994079589843750
1958.7917              271.3084106445312500
1958.8767              271.3788757324218750
1958.9589              271.7992858886718750
1959.0438              272.9261169433593750
1959.1260              273.1099243164062500
1959.2054              272.5613708496093750
1959.2904              271.8702392578125000
1959.3726              271.3292541503906250
1959.4575              271.2930908203125000
1959.5397              271.3113403320312500
1959.6246              271.3334960937500000
1959.7096              271.3452758789062500
1959.7917              271.3361511230468750
1959.8767              271.3715209960937500
1959.9589              271.7292785644531250
1960.0437              272.5970764160156250
1960.1257              272.8616943359375000
1960.2076              272.4161071777343750
1960.2924              271.7824096679687500
1960.3743              271.3262939453125000
1960.4590              271.2860717773437500
1960.5410              271.2871704101562500
1960.6257              271.2924499511718750
1960.7103              271.3114013671875000
1960.7924              271.3184204101562500
1960.8771              271.3656311035156250
1960.9590              271.9332580566406250
1961.0438              272.8676452636718750
1961.1260              273.1380310058593750
1961.2054              272.7599792480468750
1961.2904              272.0419006347656250
1961.3726              271.4037780761718750
1961.4575              271.2854309082031250
1961.5397              271.2828674316406250
1961.6246              271.2961120605468750
1961.7096              271.2971801757812500
1961.7917              271.3002014160156250
1961.8767              271.3327941894531250
1961.9589              271.6238098144531250
1962.0438              272.3593139648437500
1962.1260              272.6326293945312500
1962.2054              272.4020385742187500
1962.2904              271.9308776855468750
1962.3726              271.3819885253906250
1962.4575              271.2945251464843750
1962.5397              271.2888793945312500
1962.6246              271.2856750488281250
1962.7096              271.2923278808593750
1962.7917              271.3135681152343750
1962.8767              271.3670959472656250
1962.9589              271.8020019531250000
1963.0438              272.7612304687500000
1963.1260              272.9190368652343750
1963.2054              272.6747436523437500
1963.2904              272.0009765625000000
1963.3726              271.3812561035156250
1963.4575              271.2990417480468750
1963.5397              271.2932128906250000
1963.6246              271.2898559570312500
1963.7096              271.3173522949218750
1963.7917              271.3284606933593750
1963.8767              271.3373107910156250
1963.9589              271.7939758300781250
1964.0437              272.7338562011718750
1964.1257              273.0285339355468750
1964.2076              272.8554687500000000
1964.2924              272.0484619140625000
1964.3743              271.3204040527343750
1964.4590              271.2902832031250000
1964.5410              271.3106994628906250
1964.6257              271.3408508300781250
1964.7103              271.3244628906250000
1964.7924              271.3258666992187500
1964.8771              271.3346557617187500
1964.9590              271.6064147949218750
1965.0438              272.5354003906250000
1965.1260              272.7053833007812500
1965.2054              272.3685302734375000
1965.2904              271.8756713867187500
1965.3726              271.3130798339843750
1965.4575              271.2864074707031250
1965.5397              271.2893066406250000
1965.6246              271.3030090332031250
1965.7096              271.3166809082031250
1965.7917              271.3109130859375000
1965.8767              271.3574523925781250
1965.9589              271.7308349609375000
1966.0438              272.6795959472656250
1966.1260              272.8240051269531250
1966.2054              272.7115783691406250
1966.2904              272.3596496582031250
1966.3726              271.5847167968750000
1966.4575              271.3196105957031250
1966.5397              271.2950439453125000
1966.6246              271.2901611328125000
1966.7096              271.2882690429687500
1966.7917              271.2896423339843750
1966.8767              271.3318786621093750
1966.9589              271.8121948242187500
1967.0438              272.4618530273437500
1967.1260              272.6553039550781250
1967.2054              272.5012207031250000
1967.2904              271.9200439453125000
1967.3726              271.3622131347656250
1967.4575              271.2966308593750000
1967.5397              271.2909240722656250
1967.6246              271.2879028320312500
1967.7096              271.2908325195312500
1967.7917              271.3026733398437500
1967.8767              271.3389282226562500
1967.9589              271.9922180175781250
1968.0437              273.0186157226562500
1968.1257              273.2908325195312500
1968.2076              272.8314514160156250
1968.2924              272.1954040527343750
1968.3743              271.3687438964843750
1968.4590              271.2899780273437500
1968.5410              271.2906188964843750
1968.6257              271.2939453125000000
1968.7103              271.3016967773437500
1968.7924              271.3073425292968750
1968.8771              271.3563232421875000
1968.9590              271.8891601562500000
1969.0438              272.8060607910156250
1969.1260              272.9776611328125000
1969.2054              272.7150878906250000
1969.2904              271.9289855957031250
1969.3726              271.3342590332031250
1969.4575              271.2893981933593750
1969.5397              271.3127136230468750
1969.6246              271.3028259277343750
1969.7096              271.3010864257812500
1969.7917              271.3180236816406250
1969.8767              271.4306640625000000
1969.9589              272.0125732421875000
1970.0438              272.8521423339843750
1970.1260              273.2276916503906250
1970.2054              272.9152526855468750
1970.2904              272.1483764648437500
1970.3726              271.4418640136718750
1970.4575              271.2943725585937500
1970.5397              271.2887573242187500
1970.6246              271.2857360839843750
1970.7096              271.2908325195312500
1970.7917              271.2852783203125000
1970.8767              271.3422546386718750
1970.9589              271.9662475585937500
1971.0438              272.7363281250000000
1971.1260              272.9641723632812500
1971.2054              272.8723144531250000
1971.2904              272.4426574707031250
1971.3726              271.6667480468750000
1971.4575              271.3000488281250000
1971.5397              271.2928466796875000
1971.6246              271.2900390625000000
1971.7096              271.2888793945312500
1971.7917              271.2924804687500000
1971.8767              271.3748474121093750
1971.9589              271.8625488281250000
1972.0437              272.8668212890625000
1972.1257              273.0542602539062500
1972.2076              272.7911071777343750
1972.2924              272.2760009765625000
1972.3743              271.4175109863281250
1972.4590              271.2916564941406250
1972.5410              271.2888488769531250
1972.6257              271.3009033203125000
1972.7103              271.2952270507812500
1972.7924              271.3086853027343750
1972.8771              271.5582580566406250
1972.9590              272.5353393554687500
1973.0438              273.3367919921875000
1973.1260              273.1516418457031250
1973.2054              272.7818298339843750
1973.2904              272.0374755859375000
1973.3726              271.3811340332031250
1973.4575              271.2920227050781250
1973.5397              271.2876892089843750
1973.6246              271.3006896972656250
1973.7096              271.3096313476562500
1973.7917              271.3140258789062500
1973.8767              271.3286437988281250
1973.9589              271.5315551757812500
1974.0438              272.3740844726562500
1974.1260              272.7088928222656250
1974.2054              272.4978027343750000
1974.2904              271.8887634277343750
1974.3726              271.3064575195312500
1974.4575              271.2926330566406250
1974.5397              271.2930908203125000
1974.6246              271.3164672851562500
1974.7096              271.3217468261718750
1974.7917              271.3290100097656250
1974.8767              271.3297729492187500
1974.9589              271.6795043945312500
1975.0438              272.6448974609375000
1975.1260              272.8361206054687500
1975.2054              272.6025085449218750
1975.2904              272.0773620605468750
1975.3726              271.3909606933593750
1975.4575              271.2889404296875000
1975.5397              271.2913208007812500
1975.6246              271.2902832031250000
1975.7096              271.3060913085937500
1975.7917              271.3135986328125000
1975.8767              271.4862365722656250
1975.9589              272.0621337890625000
1976.0437              272.9038391113281250
1976.1257              273.2150878906250000
1976.2076              273.0064697265625000
1976.2924              272.3066101074218750
1976.3743              271.7122802734375000
1976.4590              271.3458862304687500
1976.5410              271.2921447753906250
1976.6257              271.2922973632812500
1976.7103              271.2928771972656250
1976.7924              271.3016967773437500
1976.8771              271.3855285644531250
1976.9590              271.8175354003906250
1977.0438              272.8295898437500000
1977.1260              273.1171875000000000
1977.2054              272.7773742675781250
1977.2904              272.2252197265625000
1977.3726              271.6204223632812500
1977.4575              271.2987670898437500
1977.5397              271.2930603027343750
1977.6246              271.2984924316406250
1977.7096              271.2978820800781250
1977.7917              271.3180236816406250
1977.8767              271.6228027343750000
1977.9589              272.4819335937500000
1978.0438              273.1799011230468750
1978.1260              273.3711547851562500
1978.2054              272.9771423339843750
1978.2904              272.3988037109375000
1978.3726              271.6758422851562500
1978.4575              271.3007202148437500
1978.5397              271.2926635742187500
1978.6246              271.2930908203125000
1978.7096              271.3065490722656250
1978.7917              271.3105773925781250
1978.8767              271.3268127441406250
1978.9589              271.7486572265625000
1979.0438              272.5560913085937500
1979.1260              272.9293823242187500
1979.2054              272.7682189941406250
1979.2904              272.1452941894531250
1979.3726              271.3770141601562500
1979.4575              271.2960205078125000
1979.5397              271.2889709472656250
1979.6246              271.2938232421875000
1979.7096              271.2991333007812500
1979.7917              271.3025512695312500
1979.8767              271.4017333984375000
1979.9589              271.8827209472656250
1980.0437              272.6363220214843750
1980.1257              272.8543701171875000
1980.2076              272.5818786621093750
1980.2924              272.1265869140625000
1980.3743              271.3630371093750000
1980.4590              271.2906494140625000
1980.5410              271.2895812988281250
1980.6257              271.2918090820312500
1980.7103              271.2984924316406250
1980.7924              271.3172912597656250
1980.8771              271.5687866210937500
1980.9590              272.2270812988281250
1981.0438              273.0000915527343750
1981.1260              273.1968994140625000
1981.2054              272.8598937988281250
1981.2904              272.1765441894531250
1981.3726              271.3402099609375000
1981.4575              271.2916259765625000
1981.5397              271.2908020019531250
1981.6246              271.2893066406250000
1981.7096              271.2961425781250000
1981.7917              271.3059387207031250
1981.8767              271.4591369628906250
1981.9589              271.9356384277343750
1982.0438              272.8167724609375000
1982.1260              273.0504760742187500
1982.2054              272.5743713378906250
1982.2904              271.8248596191406250
1982.3726              271.3277282714843750
1982.4575              271.2908325195312500
1982.5397              271.2859802246093750
1982.6246              271.3026428222656250
1982.7096              271.3048095703125000
1982.7917              271.3121643066406250
1982.8767              271.3764038085937500
1982.9589              271.8807067871093750
1983.0438              272.6343383789062500
1983.1260              272.8581237792968750
1983.2054              272.4945373535156250
1983.2904              271.6593627929687500
1983.3726              271.2992248535156250
1983.4575              271.3039855957031250
1983.5397              271.3100891113281250
1983.6246              271.3124084472656250
1983.7096              271.3139038085937500
1983.7917              271.3262939453125000
1983.8767              271.4135131835937500
1983.9589              271.7074584960937500
1984.0437              272.7311706542968750
1984.1257              273.1365661621093750
1984.2076              272.8940429687500000
1984.2924              272.2721252441406250
1984.3743              271.3747253417968750
1984.4590              271.2883605957031250
1984.5410              271.2993469238281250
1984.6257              271.3280944824218750
1984.7103              271.3428649902343750
1984.7924              271.3318176269531250
1984.8771              271.3507690429687500
1984.9590              271.7479248046875000
1985.0438              272.8581542968750000
1985.1260              273.1360778808593750
1985.2054              272.8570556640625000
1985.2904              272.1563110351562500
1985.3726              271.3839416503906250
1985.4575              271.2894897460937500
1985.5397              271.2852478027343750
1985.6246              271.2972106933593750
1985.7096              271.3161315917968750
1985.7917              271.3243408203125000
1985.8767              271.3607482910156250
1985.9589              271.6720886230468750
1986.0438              272.6500549316406250
1986.1260              273.0558166503906250
1986.2054              272.7003784179687500
1986.2904              272.1013488769531250
1986.3726              271.4512634277343750
1986.4575              271.2912292480468750
1986.5397              271.2869262695312500
1986.6246              271.3026428222656250
1986.7096              271.2964782714843750
1986.7917              271.3051147460937500
1986.8767              271.3963317871093750
1986.9589              272.1335144042968750
1987.0438              273.1469421386718750
1987.1260              273.1857299804687500
1987.2054              272.8166503906250000
1987.2904              272.0924987792968750
1987.3726              271.3948669433593750
1987.4575              271.2917480468750000
1987.5397              271.2877502441406250
1987.6246              271.2869873046875000
1987.7096              271.3003845214843750
1987.7917              271.3132019042968750
1987.8767              271.4706115722656250
1987.9589              272.1811218261718750
1988.0437              273.1293029785156250
1988.1257              273.1019592285156250
1988.2076              272.6811523437500000
1988.2924              271.7278442382812500
1988.3743              271.2898254394531250
1988.4590              271.2852783203125000
1988.5410              271.2945861816406250
1988.6257              271.2964172363281250
1988.7103              271.3204040527343750
1988.7924              271.3645629882812500
1988.8771              271.4665527343750000
1988.9590              272.2820434570312500
1989.0438              273.2868957519531250
1989.1260              273.1856994628906250
1989.2054              272.7699279785156250
1989.2904              272.0539550781250000
1989.3726              271.3780517578125000
1989.4575              271.3101501464843750
1989.5397              271.3055114746093750
1989.6246              271.3071289062500000
1989.7096              271.3348999023437500
1989.7917              271.3446655273437500
1989.8767              271.4197082519531250
1989.9589              271.7940063476562500
1990.0438              272.7738647460937500
1990.1260              272.9920349121093750
1990.2054              272.7951049804687500
1990.2904              272.2236633300781250
1990.3726              271.4293518066406250
1990.4575              271.2932434082031250
1990.5397              271.2890319824218750
1990.6246              271.2932128906250000
1990.7096              271.2904663085937500
1990.7917              271.3031005859375000
1990.8767              271.3324279785156250
1990.9589              271.6813049316406250
1991.0438              272.7322387695312500
1991.1260              272.9720458984375000
1991.2054              272.8154907226562500
1991.2904              272.2301025390625000
1991.3726              271.4395446777343750
1991.4575              271.2948913574218750
1991.5397              271.2875366210937500
1991.6246              271.2886962890625000
1991.7096              271.2918395996093750
1991.7917              271.3055419921875000
1991.8767              271.4291381835937500
1991.9589              272.0746154785156250
1992.0437              273.1510314941406250
1992.1257              273.3950500488281250
1992.2076              272.9638061523437500
1992.2924              272.2636718750000000
1992.3743              271.6153564453125000
1992.4590              271.2952880859375000
1992.5410              271.2944641113281250
1992.6257              271.2881774902343750
1992.7103              271.3012390136718750
1992.7924              271.3362121582031250
1992.8771              271.5052185058593750
1992.9590              272.0815429687500000
1993.0438              273.0210266113281250
1993.1260              273.3072509765625000
1993.2054              272.8534240722656250
1993.2904              272.0005187988281250
1993.3726              271.3913879394531250
1993.4575              271.2926940917968750
1993.5397              271.2908325195312500
1993.6246              271.2880249023437500
1993.7096              271.3049316406250000
1993.7917              271.3133544921875000
1993.8767              271.5018005371093750
1993.9589              272.3418579101562500
1994.0438              273.3467102050781250
1994.1260              273.3818054199218750
1994.2054              273.0422668457031250
1994.2904              272.3056640625000000
1994.3726              271.6559448242187500
1994.4575              271.2944641113281250
1994.5397              271.2909545898437500
1994.6246              271.3004455566406250
1994.7096              271.3018188476562500
1994.7917              271.3081970214843750
1994.8767              271.3231811523437500
1994.9589              271.6102294921875000
1995.0438              272.5367126464843750
1995.1260              272.8773803710937500
1995.2054              272.4249267578125000
1995.2904              271.9280395507812500
1995.3726              271.3142700195312500
1995.4575              271.2901306152343750
1995.5397              271.2920227050781250
1995.6246              271.2894592285156250
1995.7096              271.3013916015625000
1995.7917              271.3107299804687500
1995.8767              271.3968200683593750
1995.9589              272.0633239746093750
1996.0437              273.0233154296875000
1996.1257              273.0876159667968750
1996.2076              272.7804260253906250
1996.2924              272.0834045410156250
1996.3743              271.4162902832031250
1996.4590              271.2935180664062500
1996.5410              271.2922973632812500
1996.6257              271.2940673828125000
1996.7103              271.2914428710937500
1996.7924              271.3158264160156250
1996.8771              271.4281616210937500
1996.9590              272.1631774902343750
1997.0438              273.1664123535156250
1997.1260              273.1737670898437500
1997.2054              272.9400939941406250
1997.2904              272.3377990722656250
1997.3726              271.5017089843750000
1997.4575              271.2927856445312500
1997.5397              271.2925109863281250
1997.6246              271.2905578613281250
1997.7096              271.2951354980468750
1997.7917              271.3364562988281250
1997.8767              271.3652038574218750
1997.9589              271.7625732421875000
1998.0438              272.3933715820312500
1998.1260              272.7739562988281250
1998.2054              272.5643615722656250
1998.2904              272.0666809082031250
1998.3726              271.4732666015625000
1998.4575              271.2985839843750000
1998.5397              271.2986145019531250
1998.6246              271.2920532226562500
1998.7096              271.3045043945312500
1998.7917              271.3410644531250000
1998.8767              271.5364074707031250
1998.9589              272.0362548828125000
1999.0438              273.1099548339843750
1999.1260              273.4198913574218750
1999.2054              272.9173889160156250
1999.2904              271.8856811523437500
1999.3726              271.3184814453125000
1999.4575              271.2912292480468750
1999.5397              271.2910461425781250
1999.6246              271.2910156250000000
1999.7096              271.3027343750000000
1999.7917              271.3077087402343750
1999.8767              271.4632873535156250
1999.9589              272.0662536621093750
2000.0437              272.8088073730468750
2000.1257              273.0169677734375000
2000.2076              272.7231750488281250
2000.2924              271.9916992187500000
2000.3743              271.3048706054687500
2000.4590              271.2886657714843750
2000.5410              271.2952880859375000
2000.6257              271.2958374023437500
2000.7103              271.3348999023437500
2000.7924              271.3237609863281250
2000.8771              271.3691406250000000
2000.9590              271.9380493164062500
2001.0438              272.6708679199218750
2001.1260              272.9242858886718750
2001.2054              272.5442504882812500
2001.2904              271.9109191894531250
2001.3726              271.3276977539062500
2001.4575              271.2884216308593750
2001.5397              271.2892761230468750
2001.6246              271.2955932617187500
2001.7096              271.3070678710937500
2001.7917              271.3063659667968750
2001.8767              271.3328552246093750
2001.9589              271.7636108398437500
2002.0438              272.8045959472656250
2002.1260              273.0709228515625000
2002.2054              272.7719726562500000
2002.2904              272.0612182617187500
2002.3726              271.3606567382812500
2002.4575              271.2958679199218750
2002.5397              271.2894592285156250
2002.6246              271.2876892089843750
2002.7096              271.2861938476562500
2002.7917              271.2987976074218750
2002.8767              271.4100646972656250
2002.9589              271.9648742675781250
2003.0438              272.6698303222656250
2003.1260              273.0539550781250000
2003.2054              272.8251953125000000
2003.2904              272.1685791015625000
2003.3726              271.4304199218750000
2003.4575              271.2944641113281250
2003.5397              271.2932128906250000
2003.6246              271.2902832031250000
2003.7096              271.2963256835937500
2003.7917              271.3037414550781250
2003.8767              271.4198608398437500
2003.9589              272.1702270507812500
