1880.0437              274.0703735351562500
1880.1257              274.2409667968750000
1880.2076              273.7763366699218750
1880.2924              272.8199157714843750
1880.3743              271.9393615722656250
1880.4590              271.3346862792968750
1880.5410              271.5644531250000000
1880.6257              271.5586547851562500
1880.7103              271.5548400878906250
1880.7924              271.7251892089843750
1880.8771              272.2696228027343750
1880.9590              273.1886596679687500
1881.0438              273.9302368164062500
1881.1260              274.1277770996093750
1881.2054              273.6870117187500000
1881.2904              272.9980163574218750
1881.3726              271.8696289062500000
1881.4575              271.3159179687500000
1881.5397              271.5798034667968750
1881.6246              271.5698547363281250
1881.7096              271.5653076171875000
1881.7917              271.5908203125000000
1881.8767              272.2603759765625000
1881.9589              273.4098205566406250
1882.0438              273.9401550292968750
1882.1260              273.9674682617187500
1882.2054              273.6565246582031250
1882.2904              272.9442749023437500
1882.3726              272.0057067871093750
1882.4575              271.4026184082031250
1882.5397              271.5028381347656250
1882.6246              271.5772399902343750
1882.7096              271.5597229003906250
1882.7917              271.6066589355468750
1882.8767              272.2513732910156250
1882.9589              273.2115478515625000
1883.0438              273.8756103515625000
1883.1260              274.0821533203125000
1883.2054              273.6235656738281250
1883.2904              273.0248718261718750
1883.3726              272.2665405273437500
1883.4575              271.4813232421875000
1883.5397              271.5991210937500000
1883.6246              271.5769042968750000
1883.7096              271.5757141113281250
1883.7917              271.7105712890625000
1883.8767              272.3136596679687500
1883.9589              273.2752075195312500
1884.0437              273.9327087402343750
1884.1257              273.8816223144531250
1884.2076              273.4617309570312500
1884.2924              272.8719787597656250
1884.3743              271.9864501953125000
1884.4590              271.5642089843750000
1884.5410              271.4997863769531250
1884.6257              271.5745544433593750
1884.7103              271.5774230957031250
1884.7924              271.6491088867187500
1884.8771              272.2858276367187500
1884.9590              273.5620422363281250
1885.0438              274.2663269042968750
1885.1260              274.4486694335937500
1885.2054              273.9090881347656250
1885.2904              273.2551879882812500
1885.3726              272.0889587402343750
1885.4575              271.5001831054687500
1885.5397              271.5904235839843750
1885.6246              271.5695800781250000
1885.7096              271.5583801269531250
1885.7917              271.6189575195312500
1885.8767              272.3287963867187500
1885.9589              273.3146667480468750
1886.0438              273.9511108398437500
1886.1260              274.0973510742187500
1886.2054              273.5669555664062500
1886.2904              272.9601745605468750
1886.3726              271.9837341308593750
1886.4575              271.4650878906250000
1886.5397              271.5975952148437500
1886.6246              271.5793762207031250
1886.7096              271.5667419433593750
1886.7917              271.6701354980468750
1886.8767              272.3794250488281250
1886.9589              273.2559204101562500
1887.0438              273.9214477539062500
1887.1260              273.8772888183593750
1887.2054              273.5917358398437500
1887.2904              272.8266601562500000
1887.3726              272.0670471191406250
1887.4575              271.5378112792968750
1887.5397              271.3121643066406250
1887.6246              271.5954895019531250
1887.7096              271.5902099609375000
1887.7917              271.6591186523437500
1887.8767              272.3996582031250000
1887.9589              273.3893127441406250
1888.0437              274.1175842285156250
1888.1257              274.0742187500000000
1888.2076              273.7399597167968750
1888.2924              272.9254455566406250
1888.3743              272.1014099121093750
1888.4590              271.4708557128906250
1888.5410              271.5118713378906250
1888.6257              271.6005249023437500
1888.7103              271.6082763671875000
1888.7924              271.7042236328125000
1888.8771              272.4049987792968750
1888.9590              273.4392089843750000
1889.0438              273.9322509765625000
1889.1260              274.0252380371093750
1889.2054              273.5289306640625000
1889.2904              272.6644287109375000
1889.3726              271.7647399902343750
1889.4575              271.4252319335937500
1889.5397              271.5289001464843750
1889.6246              271.6019592285156250
1889.7096              271.6000671386718750
1889.7917              271.6865844726562500
1889.8767              272.2050781250000000
1889.9589              272.9416809082031250
1890.0438              273.5979919433593750
1890.1260              273.7029724121093750
1890.2054              273.3848571777343750
1890.2904              272.5425109863281250
1890.3726              271.5573425292968750
1890.4575              271.5154113769531250
1890.5397              271.6076354980468750
1890.6246              271.5940246582031250
1890.7096              271.5989685058593750
1890.7917              271.6312866210937500
1890.8767              272.1944274902343750
1890.9589              273.1399536132812500
1891.0438              273.7561035156250000
1891.1260              273.7826232910156250
1891.2054              273.1979064941406250
1891.2904              272.5050659179687500
1891.3726              271.6726074218750000
1891.4575              271.2780761718750000
1891.5397              271.6022033691406250
1891.6246              271.5976562500000000
1891.7096              271.5812072753906250
1891.7917              271.6209106445312500
1891.8767              272.3021545410156250
1891.9589              273.3728942871093750
1892.0437              273.7785034179687500
1892.1257              274.0387268066406250
1892.2076              273.6537170410156250
1892.2924              272.7718505859375000
1892.3743              271.6799926757812500
1892.4590              271.3135986328125000
1892.5410              271.6005554199218750
1892.6257              271.5772094726562500
1892.7103              271.5669250488281250
1892.7924              271.5999755859375000
1892.8771              272.1895141601562500
1892.9590              273.0460815429687500
1893.0438              273.7094116210937500
1893.1260              273.8506774902343750
1893.2054              273.3367309570312500
1893.2904              272.6313171386718750
1893.3726              271.5967712402343750
1893.4575              271.4977111816406250
1893.5397              271.5920410156250000
1893.6246              271.5849304199218750
1893.7096              271.5654602050781250
1893.7917              271.5959777832031250
1893.8767              272.1835327148437500
1893.9589              273.2319641113281250
1894.0438              274.0973510742187500
1894.1260              274.3528442382812500
1894.2054              273.8791809082031250
1894.2904              272.9081115722656250
1894.3726              272.3156127929687500
1894.4575              271.3876953125000000
1894.5397              271.5065917968750000
1894.6246              271.5936279296875000
1894.7096              271.5914306640625000
1894.7917              271.7242736816406250
1894.8767              272.4143066406250000
1894.9589              273.3842468261718750
1895.0438              274.0257263183593750
1895.1260              274.3694763183593750
1895.2054              273.7692871093750000
1895.2904              272.8829650878906250
1895.3726              271.9602966308593750
1895.4575              271.4004821777343750
1895.5397              271.5986938476562500
1895.6246              271.5787963867187500
1895.7096              271.5702514648437500
1895.7917              271.6178894042968750
1895.8767              272.3527221679687500
1895.9589              273.3866271972656250
1896.0437              274.0668029785156250
1896.1257              274.3217773437500000
1896.2076              273.7824707031250000
1896.2924              272.8196105957031250
1896.3743              271.9101562500000000
1896.4590              271.5344238281250000
1896.5410              271.5949707031250000
1896.6257              271.5764465332031250
1896.7103              271.5680847167968750
1896.7924              271.6103820800781250
1896.8771              272.3013305664062500
1896.9590              273.3241882324218750
1897.0438              274.1027832031250000
1897.1260              274.4462890625000000
1897.2054              274.2304992675781250
1897.2904              273.3269653320312500
1897.3726              272.5169067382812500
1897.4575              271.4507446289062500
1897.5397              271.6087341308593750
1897.6246              271.5950927734375000
1897.7096              271.5872802734375000
1897.7917              271.5982055664062500
1897.8767              272.2348937988281250
1897.9589              273.2486877441406250
1898.0438              273.9002075195312500
1898.1260              273.8908996582031250
1898.2054              273.5145568847656250
1898.2904              272.8003234863281250
1898.3726              272.0303344726562500
1898.4575              271.4179382324218750
1898.5397              271.5096740722656250
1898.6246              271.6082763671875000
1898.7096              271.6096496582031250
1898.7917              271.6932067871093750
1898.8767              272.3895568847656250
1898.9589              273.4071960449218750
1899.0438              274.2265014648437500
1899.1260              274.0139465332031250
1899.2054              273.9060668945312500
1899.2904              273.0658874511718750
1899.3726              272.4042663574218750
1899.4575              271.6616821289062500
1899.5397              271.3509521484375000
1899.6246              271.6422729492187500
1899.7096              271.6394348144531250
1899.7917              271.6843566894531250
1899.8767              272.4172363281250000
1899.9589              273.2365112304687500
1900.0438              274.0654907226562500
1900.1260              274.1091308593750000
1900.2054              273.5352783203125000
1900.2904              272.7968139648437500
1900.3726              271.8094177246093750
1900.4575              271.4441833496093750
1900.5397              271.6542358398437500
1900.6246              271.6399841308593750
1900.7096              271.6373596191406250
1900.7917              271.6667175292968750
1900.8767              272.3065185546875000
1900.9589              273.3830566406250000
1901.0438              274.0414733886718750
1901.1260              274.1951904296875000
1901.2054              273.7729187011718750
1901.2904              272.8940124511718750
1901.3726              271.9580993652343750
1901.4575              271.4181213378906250
1901.5397              271.6442871093750000
1901.6246              271.6327209472656250
1901.7096              271.6327209472656250
1901.7917              271.6986389160156250
1901.8767              272.4301757812500000
1901.9589              273.4803466796875000
1902.0438              274.2565002441406250
1902.1260              274.3722839355468750
1902.2054              273.7006225585937500
1902.2904              273.0158996582031250
1902.3726              271.8453674316406250
1902.4575              271.4736328125000000
1902.5397              271.6466064453125000
1902.6246              271.6226501464843750
1902.7096              271.6215820312500000
1902.7917              271.6903076171875000
1902.8767              272.4297180175781250
1902.9589              273.3424682617187500
1903.0438              274.0997314453125000
1903.1260              274.3268127441406250
1903.2054              273.8165588378906250
1903.2904              273.0581054687500000
1903.3726              272.0267639160156250
1903.4575              271.5675964355468750
1903.5397              271.6368713378906250
1903.6246              271.6202697753906250
1903.7096              271.6143798828125000
1903.7917              271.7334289550781250
1903.8767              272.4035034179687500
1903.9589              273.4668579101562500
1904.0437              273.9848327636718750
1904.1257              273.9519958496093750
1904.2076              273.7619934082031250
1904.2924              272.7490844726562500
1904.3743              271.8878173828125000
1904.4590              271.3414001464843750
1904.5410              271.6347961425781250
1904.6257              271.6112365722656250
1904.7103              271.6164855957031250
1904.7924              271.6833190917968750
1904.8771              272.1902160644531250
1904.9590              273.3375854492187500
1905.0438              273.8485717773437500
1905.1260              274.0428466796875000
1905.2054              273.5814819335937500
1905.2904              272.8277282714843750
1905.3726              271.8762817382812500
1905.4575              271.3715820312500000
1905.5397              271.6379089355468750
1905.6246              271.6150207519531250
1905.7096              271.6055908203125000
1905.7917              271.6835632324218750
1905.8767              272.2528686523437500
1905.9589              273.1635742187500000
1906.0438              273.9200134277343750
1906.1260              273.9296875000000000
1906.2054              273.5702209472656250
1906.2904              272.7907409667968750
1906.3726              271.9777832031250000
1906.4575              271.3160095214843750
1906.5397              271.6281127929687500
1906.6246              271.6300048828125000
1906.7096              271.6193237304687500
1906.7917              271.7248229980468750
1906.8767              272.2530822753906250
1906.9589              273.0693969726562500
1907.0438              273.7993774414062500
1907.1260              274.0271301269531250
1907.2054              273.6624450683593750
1907.2904              272.8057556152343750
1907.3726              271.8470458984375000
1907.4575              271.3785400390625000
1907.5397              271.6366577148437500
1907.6246              271.6300048828125000
1907.7096              271.6179504394531250
1907.7917              271.6491088867187500
1907.8767              272.2695617675781250
1907.9589              273.2983703613281250
1908.0437              273.7969055175781250
1908.1257              274.2299194335937500
1908.2076              273.8707885742187500
1908.2924              272.7900390625000000
1908.3743              271.9166259765625000
1908.4590              271.3144226074218750
1908.5410              271.6323547363281250
1908.6257              271.6277465820312500
1908.7103              271.6066894531250000
1908.7924              271.6302490234375000
1908.8771              272.3102111816406250
1908.9590              273.1875000000000000
1909.0438              273.9299011230468750
1909.1260              274.0183715820312500
1909.2054              273.5004882812500000
1909.2904              272.9400024414062500
1909.3726              271.9357299804687500
1909.4575              271.3499755859375000
1909.5397              271.6458740234375000
1909.6246              271.6153259277343750
1909.7096              271.6024780273437500
1909.7917              271.7069091796875000
1909.8767              272.3554992675781250
1909.9589              273.3103637695312500
1910.0438              274.0520629882812500
1910.1260              274.1846923828125000
1910.2054              273.6179199218750000
1910.2904              272.7569580078125000
1910.3726              271.6861877441406250
1910.4575              271.5408325195312500
1910.5397              271.6454772949218750
1910.6246              271.6296386718750000
1910.7096              271.6223144531250000
1910.7917              271.6958312988281250
1910.8767              272.2804870605468750
1910.9589              273.3999938964843750
1911.0438              274.1105957031250000
1911.1260              274.2057800292968750
1911.2054              273.8377075195312500
1911.2904              273.0498657226562500
1911.3726              271.9314270019531250
1911.4575              271.5604248046875000
1911.5397              271.6414794921875000
1911.6246              271.6242980957031250
1911.7096              271.6206665039062500
1911.7917              271.7225036621093750
1911.8767              272.3739929199218750
1911.9589              273.4617309570312500
1912.0437              274.2669982910156250
1912.1257              274.2233276367187500
1912.2076              274.0657653808593750
1912.2924              273.1728210449218750
1912.3743              272.4243164062500000
1912.4590              271.7402648925781250
1912.5410              271.5704040527343750
1912.6257              271.6419982910156250
1912.7103              271.6337280273437500
1912.7924              271.7256164550781250
1912.8771              272.5753479003906250
1912.9590              273.4429931640625000
1913.0438              274.2708129882812500
1913.1260              274.3900451660156250
1913.2054              273.7112731933593750
1913.2904              273.2051391601562500
1913.3726              272.0681152343750000
1913.4575              271.4569091796875000
1913.5397              271.3129577636718750
1913.6246              271.6586608886718750
1913.7096              271.6557006835937500
1913.7917              271.7008972167968750
1913.8767              272.2735595703125000
1913.9589              273.3287963867187500
1914.0438              274.1852416992187500
1914.1260              274.3176574707031250
1914.2054              273.8918762207031250
1914.2904              273.1637268066406250
1914.3726              272.1157226562500000
1914.4575              271.5171203613281250
1914.5397              271.5769653320312500
1914.6246              271.6602478027343750
1914.7096              271.6593627929687500
1914.7917              271.7530822753906250
1914.8767              272.3740234375000000
1914.9589              273.4768371582031250
1915.0438              274.1742553710937500
1915.1260              274.3673095703125000
1915.2054              273.8744812011718750
1915.2904              272.9266967773437500
1915.3726              272.2617187500000000
1915.4575              271.6121215820312500
1915.5397              271.5912170410156250
1915.6246              271.6765441894531250
1915.7096              271.6793518066406250
1915.7917              271.8294372558593750
1915.8767              272.3544616699218750
1915.9589              273.0933227539062500
1916.0437              273.7948303222656250
1916.1257              273.8273620605468750
1916.2076              273.2870483398437500
1916.2924              272.6696166992187500
1916.3743              271.7033996582031250
1916.4590              271.3551635742187500
1916.5410              271.6690673828125000
1916.6257              271.6705017089843750
1916.7103              271.6707458496093750
1916.7924              271.7098999023437500
1916.8771              272.5145568847656250
1916.9590              273.4165649414062500
1917.0438              274.0396423339843750
1917.1260              274.2944335937500000
1917.2054              273.7225036621093750
1917.2904              272.9064331054687500
1917.3726              272.1549682617187500
1917.4575              271.4756164550781250
1917.5397              271.6825256347656250
1917.6246              271.6670532226562500
1917.7096              271.6555175781250000
1917.7917              271.7924499511718750
1917.8767              272.5598449707031250
1917.9589              273.4926452636718750
1918.0438              274.1210327148437500
1918.1260              273.9792480468750000
1918.2054              273.6919250488281250
1918.2904              272.9022827148437500
1918.3726              272.3025207519531250
1918.4575              271.4433593750000000
1918.5397              271.6852111816406250
1918.6246              271.6752014160156250
1918.7096              271.6760864257812500
1918.7917              271.7446899414062500
1918.8767              272.4076232910156250
1918.9589              273.5782165527343750
1919.0438              274.3175354003906250
1919.1260              274.2462463378906250
1919.2054              273.7816772460937500
1919.2904              272.9656982421875000
1919.3726              271.9688110351562500
1919.4575              271.6277465820312500
1919.5397              271.6895141601562500
1919.6246              271.6718750000000000
1919.7096              271.6590881347656250
1919.7917              271.7868957519531250
1919.8767              272.5366210937500000
1919.9589              273.6324768066406250
1920.0437              274.2068786621093750
1920.1257              274.3424072265625000
1920.2076              273.6973876953125000
1920.2924              272.9053344726562500
1920.3743              271.8334045410156250
1920.4590              271.4296569824218750
1920.5410              271.6847534179687500
1920.6257              271.6681518554687500
1920.7103              271.6679382324218750
1920.7924              271.8162231445312500
1920.8771              272.4121704101562500
1920.9590              273.5026550292968750
1921.0438              274.3102722167968750
1921.1260              274.3076477050781250
1921.2054              274.1220397949218750
1921.2904              273.2951965332031250
1921.3726              272.3047180175781250
1921.4575              271.6460876464843750
1921.5397              271.2940368652343750
1921.6246              271.6823425292968750
1921.7096              271.6906127929687500
1921.7917              271.7682495117187500
1921.8767              272.2643127441406250
1921.9589              273.1953430175781250
1922.0438              273.8344726562500000
1922.1260              274.0080261230468750
1922.2054              273.5624084472656250
1922.2904              272.7738342285156250
1922.3726              271.8372497558593750
1922.4575              271.4845275878906250
1922.5397              271.6923522949218750
1922.6246              271.6734008789062500
1922.7096              271.6781005859375000
1922.7917              271.7132568359375000
1922.8767              272.3849792480468750
1922.9589              273.5491027832031250
1923.0438              274.2164611816406250
1923.1260              274.3393249511718750
1923.2054              273.8670654296875000
1923.2904              273.0486755371093750
1923.3726              272.0518493652343750
1923.4575              271.6345520019531250
1923.5397              271.6843566894531250
1923.6246              271.6754455566406250
1923.7096              271.6765136718750000
1923.7917              271.8830871582031250
1923.8767              272.4017944335937500
1923.9589              273.5126342773437500
1924.0437              274.3747253417968750
1924.1257              274.3117980957031250
1924.2076              273.8669128417968750
1924.2924              273.0599975585937500
1924.3743              272.1002807617187500
1924.4590              271.5827331542968750
1924.5410              271.4090576171875000
1924.6257              271.6884460449218750
1924.7103              271.6991882324218750
1924.7924              271.8097839355468750
1924.8771              272.4985351562500000
1924.9590              273.3258361816406250
1925.0438              273.9873657226562500
1925.1260              274.2715454101562500
1925.2054              273.7359619140625000
1925.2904              272.9624938964843750
1925.3726              272.0368652343750000
1925.4575              271.5969543457031250
1925.5397              271.6179199218750000
1925.6246              271.6974487304687500
1925.7096              271.6954040527343750
1925.7917              271.7222900390625000
1925.8767              272.4457397460937500
1925.9589              273.5337524414062500
1926.0438              274.1175231933593750
1926.1260              273.9941406250000000
1926.2054              273.3845825195312500
1926.2904              272.6582336425781250
1926.3726              271.6955871582031250
1926.4575              271.3436279296875000
1926.5397              271.7024841308593750
1926.6246              271.6926879882812500
1926.7096              271.6828613281250000
1926.7917              271.8815307617187500
1926.8767              272.4994506835937500
1926.9589              273.5638732910156250
1927.0438              274.3552551269531250
1927.1260              274.4645080566406250
1927.2054              273.9703979492187500
1927.2904              272.9110412597656250
1927.3726              271.9114990234375000
1927.4575              271.4466247558593750
1927.5397              271.6831665039062500
1927.6246              271.6701354980468750
1927.7096              271.6680908203125000
1927.7917              271.7237548828125000
1927.8767              272.4158630371093750
1927.9589              273.4017639160156250
1928.0437              273.9660949707031250
1928.1257              274.1378479003906250
1928.2076              273.6347961425781250
1928.2924              272.8386535644531250
1928.3743              271.8916015625000000
1928.4590              271.4859924316406250
1928.5410              271.6879882812500000
1928.6257              271.6772766113281250
1928.7103              271.6727294921875000
1928.7924              271.7128906250000000
1928.8771              272.4804992675781250
1928.9590              273.5576477050781250
1929.0438              274.1191406250000000
1929.1260              274.2799987792968750
1929.2054              274.0495605468750000
1929.2904              272.9720153808593750
1929.3726              272.2253417968750000
1929.4575              271.6141967773437500
1929.5397              271.3177185058593750
1929.6246              271.6827697753906250
1929.7096              271.6866760253906250
1929.7917              271.7015686035156250
1929.8767              272.3924255371093750
1929.9589              273.3396301269531250
1930.0438              274.1099853515625000
1930.1260              274.3594055175781250
1930.2054              274.1796875000000000
1930.2904              273.3080749511718750
1930.3726              272.3266906738281250
1930.4575              271.5067749023437500
1930.5397              271.6215515136718750
1930.6246              271.6849060058593750
1930.7096              271.6832275390625000
1930.7917              271.8049316406250000
1930.8767              272.5276184082031250
1930.9589              273.4535522460937500
1931.0438              274.0816040039062500
1931.1260              274.2172851562500000
1931.2054              273.5820617675781250
1931.2904              272.8954467773437500
1931.3726              272.2015380859375000
1931.4575              271.6552734375000000
1931.5397              271.5931701660156250
1931.6246              271.6882629394531250
1931.7096              271.6972045898437500
1931.7917              271.7980651855468750
1931.8767              272.5867004394531250
1931.9589              273.7337341308593750
1932.0437              274.2797546386718750
1932.1257              274.3465576171875000
1932.2076              274.0472106933593750
1932.2924              273.0597839355468750
1932.3743              271.8069458007812500
1932.4590              271.6538085937500000
1932.5410              271.7030944824218750
1932.6257              271.6747436523437500
1932.7103              271.6759033203125000
1932.7924              271.8907775878906250
1932.8771              272.7083129882812500
1932.9590              273.7709350585937500
1933.0438              274.4285583496093750
1933.1260              274.4932861328125000
1933.2054              274.0295715332031250
1933.2904              273.1854248046875000
1933.3726              271.9372253417968750
1933.4575              271.4704895019531250
1933.5397              271.6796264648437500
1933.6246              271.6682434082031250
1933.7096              271.6708374023437500
1933.7917              271.7183227539062500
1933.8767              272.4342041015625000
1933.9589              273.4360656738281250
1934.0438              274.3528137207031250
1934.1260              274.3326416015625000
1934.2054              273.7725219726562500
1934.2904              273.1851501464843750
1934.3726              272.3308410644531250
1934.4575              271.6313171386718750
1934.5397              271.6914672851562500
1934.6246              271.6722412109375000
1934.7096              271.6550292968750000
1934.7917              271.7425231933593750
1934.8767              272.4130859375000000
1934.9589              273.5556335449218750
1935.0438              274.2785339355468750
1935.1260              274.1109008789062500
1935.2054              273.8390808105468750
1935.2904              273.0131225585937500
1935.3726              272.0572814941406250
1935.4575              271.6405029296875000
1935.5397              271.6777343750000000
1935.6246              271.6615600585937500
1935.7096              271.6415405273437500
1935.7917              271.7708129882812500
1935.8767              272.5241088867187500
1935.9589              273.5363159179687500
1936.0437              274.1353149414062500
1936.1257              274.1051635742187500
1936.2076              273.9067077636718750
1936.2924              273.1703796386718750
1936.3743              272.2057189941406250
1936.4590              271.5148010253906250
1936.5410              271.6758728027343750
1936.6257              271.6543273925781250
1936.7103              271.6571655273437500
1936.7924              271.7745361328125000
1936.8771              272.4606323242187500
1936.9590              273.3239746093750000
1937.0438              273.9329223632812500
1937.1260              274.1159057617187500
1937.2054              273.6804504394531250
1937.2904              272.8588256835937500
1937.3726              272.0737915039062500
1937.4575              271.4903259277343750
1937.5397              271.5956115722656250
1937.6246              271.6739501953125000
1937.7096              271.6863708496093750
1937.7917              271.7567443847656250
1937.8767              272.4269409179687500
1937.9589              273.4448242187500000
1938.0438              274.2567749023437500
1938.1260              274.4023132324218750
1938.2054              273.9588012695312500
1938.2904              273.2573547363281250
1938.3726              272.6707458496093750
1938.4575              271.7672729492187500
1938.5397              271.4331359863281250
1938.6246              271.7021789550781250
1938.7096              271.6917724609375000
1938.7917              271.7538452148437500
1938.8767              272.2858276367187500
1938.9589              273.4805603027343750
1939.0438              273.9476928710937500
1939.1260              273.8992919921875000
1939.2054              273.9236755371093750
1939.2904              273.0569763183593750
1939.3726              271.9480895996093750
1939.4575              271.5234069824218750
1939.5397              271.5836486816406250
1939.6246              271.5890502929687500
1939.7096              271.6822509765625000
1939.7917              271.7217102050781250
1939.8767              272.3568420410156250
1939.9589              273.3447265625000000
1940.0437              274.0213012695312500
1940.1257              274.1951599121093750
1940.2076              273.8962402343750000
1940.2924              272.9499816894531250
1940.3743              272.0242919921875000
1940.4590              271.4932556152343750
1940.5410              271.5894775390625000
1940.6257              271.6900634765625000
1940.7103              271.6878967285156250
1940.7924              271.7314453125000000
1940.8771              272.3159484863281250
1940.9590              273.4020690917968750
1941.0438              274.0382690429687500
1941.1260              274.0778808593750000
1941.2054              273.7639160156250000
1941.2904              273.0388183593750000
1941.3726              272.1297607421875000
1941.4575              271.5539855957031250
1941.5397              271.6961059570312500
1941.6246              271.6859436035156250
1941.7096              271.6853942871093750
1941.7917              271.8115234375000000
1941.8767              272.5044555664062500
1941.9589              273.4862060546875000
1942.0438              274.2796325683593750
1942.1260              274.2465209960937500
1942.2054              273.6866455078125000
1942.2904              272.8083801269531250
1942.3726              272.0018615722656250
1942.4575              271.6131286621093750
1942.5397              271.6925659179687500
1942.6246              271.6825866699218750
1942.7096              271.6770324707031250
1942.7917              271.8294067382812500
1942.8767              272.4865417480468750
1942.9589              273.6906433105468750
1943.0438              274.5998840332031250
1943.1260              274.6760864257812500
1943.2054              274.1265563964843750
1943.2904              273.5079040527343750
1943.3726              272.4544982910156250
1943.4575              271.9266662597656250
1943.5397              271.6109008789062500
1943.6246              271.6941528320312500
1943.7096              271.6882019042968750
1943.7917              271.8525695800781250
1943.8767              272.5154724121093750
1943.9589              273.4916687011718750
1944.0437              274.0794677734375000
1944.1257              274.0523986816406250
1944.2076              273.7672729492187500
1944.2924              272.9808349609375000
1944.3743              272.2016601562500000
1944.4590              271.4637145996093750
1944.5410              271.5650329589843750
1944.6257              271.6809082031250000
1944.7103              271.6766052246093750
1944.7924              271.7679138183593750
1944.8771              272.4438476562500000
1944.9590              273.5382995605468750
1945.0438              274.1995849609375000
1945.1260              274.3229980468750000
1945.2054              273.7929382324218750
1945.2904              273.0504760742187500
1945.3726              272.1535949707031250
1945.4575              271.4925537109375000
1945.5397              271.5942077636718750
1945.6246              271.6942138671875000
1945.7096              271.6916198730468750
1945.7917              271.7469482421875000
1945.8767              272.4559936523437500
1945.9589              273.5490722656250000
1946.0438              274.0240478515625000
1946.1260              274.1002502441406250
1946.2054              273.5567321777343750
1946.2904              272.7183837890625000
1946.3726              271.8098449707031250
1946.4575              271.3516235351562500
1946.5397              271.6972656250000000
1946.6246              271.6857910156250000
1946.7096              271.6877136230468750
1946.7917              271.7276916503906250
1946.8767              272.3751220703125000
1946.9589              273.4380798339843750
1947.0438              274.0575561523437500
1947.1260              274.1887512207031250
1947.2054              273.8301086425781250
1947.2904              273.1988830566406250
1947.3726              272.2702331542968750
1947.4575              271.5752258300781250
1947.5397              271.3382263183593750
1947.6246              271.6809692382812500
1947.7096              271.6783142089843750
1947.7917              271.7925720214843750
1947.8767              272.3841857910156250
1947.9589              273.3646240234375000
1948.0437              274.0397338867187500
1948.1257              274.2172851562500000
1948.2076              273.6947326660156250
1948.2924              273.0556640625000000
1948.3743              272.1809387207031250
1948.4590              271.5437316894531250
1948.5410              271.6934509277343750
1948.6257              271.6749267578125000
1948.7103              271.6718750000000000
1948.7924              271.7667541503906250
1948.8771              272.4931640625000000
1948.9590              273.1733703613281250
1949.0438              273.9582824707031250
1949.1260              274.1168823242187500
1949.2054              273.7455139160156250
1949.2904              273.1333618164062500
1949.3726              272.2269592285156250
1949.4575              271.5744018554687500
1949.5397              271.6855163574218750
1949.6246              271.6700439453125000
1949.7096              271.6585998535156250
1949.7917              271.7493286132812500
1949.8767              272.3649597167968750
1949.9589              273.4488830566406250
1950.0438              274.2592468261718750
1950.1260              274.1932373046875000
1950.2054              274.0534973144531250
1950.2904              273.3500976562500000
1950.3726              272.3729553222656250
1950.4575              271.5642700195312500
1950.5397              271.5829467773437500
1950.6246              271.6766662597656250
1950.7096              271.6751098632812500
1950.7917              271.8041992187500000
1950.8767              272.3183288574218750
1950.9589              273.3241882324218750
1951.0438              273.9647521972656250
1951.1260              274.0583190917968750
1951.2054              273.5120544433593750
1951.2904              272.7475891113281250
1951.3726              271.9600524902343750
1951.4575              271.4610290527343750
1951.5397              271.5592956542968750
1951.6246              271.6797790527343750
1951.7096              271.6768188476562500
1951.7917              271.8099365234375000
1951.8767              272.5461120605468750
1951.9589              273.5506896972656250
1952.0437              274.0184020996093750
1952.1257              273.9306640625000000
1952.2076              273.6255798339843750
1952.2924              272.7203979492187500
1952.3743              271.9631958007812500
1952.4590              271.3008117675781250
1952.5410              271.6983947753906250
1952.6257              271.6864013671875000
1952.7103              271.6824340820312500
1952.7924              271.7227478027343750
1952.8771              272.3420715332031250
1952.9590              273.4286499023437500
1953.0438              273.9962158203125000
1953.1260              273.9804077148437500
1953.2054              273.6768493652343750
1953.2904              272.8305053710937500
1953.3726              271.9559020996093750
1953.4575              271.3620300292968750
1953.5397              271.6947326660156250
1953.6246              271.6924438476562500
1953.7096              271.6876525878906250
1953.7917              271.7565917968750000
1953.8767              272.2759704589843750
1953.9589              273.3291320800781250
1954.0438              274.1260681152343750
1954.1260              274.1548461914062500
1954.2054              273.5904846191406250
1954.2904              272.9180908203125000
1954.3726              272.1301574707031250
1954.4575              271.5517272949218750
1954.5397              271.6929016113281250
1954.6246              271.6876220703125000
1954.7096              271.6844787597656250
1954.7917              271.7987060546875000
1954.8767              272.5005493164062500
1954.9589              273.5169982910156250
1955.0438              274.0382385253906250
1955.1260              274.1805725097656250
1955.2054              273.9345703125000000
1955.2904              273.0850524902343750
1955.3726              272.1182556152343750
1955.4575              271.6056823730468750
1955.5397              271.3544616699218750
1955.6246              271.6838989257812500
1955.7096              271.6858825683593750
1955.7917              271.7735900878906250
1955.8767              272.5133972167968750
1955.9589              273.3767089843750000
1956.0437              274.1474609375000000
1956.1257              274.3885498046875000
1956.2076              273.7314147949218750
1956.2924              273.0415039062500000
1956.3743              272.2406005859375000
1956.4590              271.5906066894531250
1956.5410              271.3009338378906250
1956.6257              271.6930847167968750
1956.7103              271.6863708496093750
1956.7924              271.7270507812500000
1956.8771              272.4267578125000000
1956.9590              273.1713867187500000
1957.0438              274.0017395019531250
1957.1260              274.1455078125000000
1957.2054              273.7725219726562500
1957.2904              273.1495666503906250
1957.3726              272.1824645996093750
1957.4575              271.5334777832031250
1957.5397              271.7041931152343750
1957.6246              271.6933288574218750
1957.7096              271.6930847167968750
1957.7917              271.7668457031250000
1957.8767              272.4417419433593750
1957.9589              273.5425109863281250
1958.0438              274.0435180664062500
1958.1260              274.1048278808593750
1958.2054              273.8029479980468750
1958.2904              273.1807861328125000
1958.3726              272.2758483886718750
1958.4575              271.6248779296875000
1958.5397              271.5663146972656250
1958.6246              271.6755065917968750
1958.7096              271.6871337890625000
1958.7917              271.7325744628906250
1958.8767              272.3798828125000000
1958.9589              273.4263305664062500
1959.0438              274.0778198242187500
1959.1260              274.3513793945312500
1959.2054              274.0134887695312500
1959.2904              273.2354431152343750
1959.3726              272.4006958007812500
1959.4575              271.5513000488281250
1959.5397              271.6079711914062500
1959.6246              271.6797180175781250
1959.7096              271.6799316406250000
1959.7917              271.6996154785156250
1959.8767              272.1742858886718750
1959.9589              273.2178039550781250
1960.0437              273.8898010253906250
1960.1257              274.0898132324218750
1960.2076              273.7072143554687500
1960.2924              273.0250244140625000
1960.3743              272.2404785156250000
1960.4590              271.5354614257812500
1960.5410              271.2775878906250000
1960.6257              271.6902465820312500
1960.7103              271.6880798339843750
1960.7924              271.6817016601562500
1960.8771              272.1889038085937500
1960.9590              273.3465270996093750
1961.0438              274.0092468261718750
1961.1260              274.0483398437500000
1961.2054              273.5593872070312500
1961.2904              272.7422485351562500
1961.3726              271.7490234375000000
1961.4575              271.6123352050781250
1961.5397              271.6994934082031250
1961.6246              271.6884460449218750
1961.7096              271.6737365722656250
1961.7917              271.7722473144531250
1961.8767              272.3322448730468750
1961.9589              273.2489013671875000
1962.0438              273.8874816894531250
1962.1260              274.0450439453125000
1962.2054              273.6855468750000000
1962.2904              272.9693603515625000
1962.3726              271.8783264160156250
1962.4575              271.4277648925781250
1962.5397              271.5539855957031250
1962.6246              271.6733093261718750
1962.7096              271.6595153808593750
1962.7917              271.8474731445312500
1962.8767              272.5733337402343750
1962.9589              273.3505859375000000
1963.0438              273.9546203613281250
1963.1260              273.9458007812500000
1963.2054              273.5146484375000000
1963.2904              272.8155212402343750
1963.3726              271.9703369140625000
1963.4575              271.4163208007812500
1963.5397              271.3314514160156250
1963.6246              271.6808776855468750
1963.7096              271.6820068359375000
1963.7917              271.7127075195312500
1963.8767              272.4072265625000000
1963.9589              273.2990417480468750
1964.0437              273.9848937988281250
1964.1257              274.0445861816406250
1964.2076              273.3684997558593750
1964.2924              272.5320434570312500
1964.3743              271.9291381835937500
1964.4590              271.4412841796875000
1964.5410              271.5853576660156250
1964.6257              271.6669311523437500
1964.7103              271.6654052734375000
1964.7924              271.7591857910156250
1964.8771              272.4777832031250000
1964.9590              273.3890380859375000
1965.0438              274.1228027343750000
1965.1260              274.3906555175781250
1965.2054              273.8538818359375000
1965.2904              273.0242919921875000
1965.3726              272.1421203613281250
1965.4575              271.5159606933593750
1965.5397              271.3123168945312500
1965.6246              271.6954956054687500
1965.7096              271.6890258789062500
1965.7917              271.8198547363281250
1965.8767              272.4674072265625000
1965.9589              273.7283630371093750
1966.0438              274.4206848144531250
1966.1260              274.3734741210937500
1966.2054              273.9663085937500000
1966.2904              273.0551757812500000
1966.3726              272.1112976074218750
1966.4575              271.5349731445312500
1966.5397              271.6948852539062500
1966.6246              271.6891479492187500
1966.7096              271.6840209960937500
1966.7917              271.7806396484375000
1966.8767              272.5013427734375000
1966.9589              273.5564270019531250
1967.0438              274.1231384277343750
1967.1260              274.4244079589843750
1967.2054              273.9712524414062500
1967.2904              273.0634155273437500
1967.3726              272.1096801757812500
1967.4575              271.4717102050781250
1967.5397              271.6151428222656250
1967.6246              271.6899719238281250
1967.7096              271.6873474121093750
1967.7917              271.8438720703125000
1967.8767              272.5278015136718750
1967.9589              273.6987304687500000
1968.0437              274.1214294433593750
1968.1257              274.4522399902343750
1968.2076              274.1470336914062500
1968.2924              273.0563659667968750
1968.3743              272.1957702636718750
1968.4590              271.5408020019531250
1968.5410              271.7149047851562500
1968.6257              271.7164306640625000
1968.7103              271.7191162109375000
1968.7924              271.8511352539062500
1968.8771              272.4761962890625000
1968.9590              273.6157226562500000
1969.0438              274.3612670898437500
1969.1260              274.2085266113281250
1969.2054              273.6371765136718750
1969.2904              273.1409912109375000
1969.3726              272.2695922851562500
1969.4575              271.5417175292968750
1969.5397              271.6331481933593750
1969.6246              271.7193603515625000
1969.7096              271.7176818847656250
1969.7917              271.8748168945312500
1969.8767              272.5761718750000000
1969.9589              273.7366638183593750
1970.0438              274.4797058105468750
1970.1260              274.4061584472656250
1970.2054              273.9015808105468750
1970.2904              273.2099304199218750
1970.3726              272.2212829589843750
1970.4575              271.6418762207031250
1970.5397              271.3839111328125000
1970.6246              271.6370544433593750
1970.7096              271.7272033691406250
1970.7917              271.8342285156250000
1970.8767              272.5075988769531250
1970.9589              273.3341979980468750
1971.0438              273.9907836914062500
1971.1260              274.0086059570312500
1971.2054              273.4242248535156250
1971.2904              272.6904907226562500
1971.3726              271.7866516113281250
1971.4575              271.5263061523437500
1971.5397              271.3609619140625000
1971.6246              271.7226562500000000
1971.7096              271.7226867675781250
1971.7917              271.8816833496093750
1971.8767              272.5804138183593750
1971.9589              273.6687011718750000
1972.0437              274.3712768554687500
1972.1257              274.3952331542968750
1972.2076              274.0708618164062500
1972.2924              273.0585632324218750
1972.3743              272.0989379882812500
1972.4590              271.5899658203125000
1972.5410              271.7247619628906250
1972.6257              271.7018432617187500
1972.7103              271.7064208984375000
1972.7924              271.7833862304687500
1972.8771              272.5236206054687500
1972.9590              273.4164428710937500
1973.0438              274.0084533691406250
1973.1260              274.0729980468750000
1973.2054              273.5797424316406250
1973.2904              272.8368835449218750
1973.3726              272.0568542480468750
1973.4575              271.5679626464843750
1973.5397              271.7108764648437500
1973.6246              271.7019653320312500
1973.7096              271.6850585937500000
1973.7917              271.7518005371093750
1973.8767              272.5167236328125000
1973.9589              273.4216308593750000
1974.0438              273.9893188476562500
1974.1260              274.0870056152343750
1974.2054              273.5332031250000000
1974.2904              272.8850708007812500
1974.3726              271.9151611328125000
1974.4575              271.4613342285156250
1974.5397              271.6869506835937500
1974.6246              271.6676330566406250
1974.7096              271.6553039550781250
1974.7917              271.8210144042968750
1974.8767              272.5405273437500000
1974.9589              273.6224060058593750
1975.0438              274.1285705566406250
1975.1260              274.3652954101562500
1975.2054              274.0068054199218750
1975.2904              273.3665161132812500
1975.3726              272.6410827636718750
1975.4575              271.6018676757812500
1975.5397              271.5672302246093750
1975.6246              271.6761779785156250
1975.7096              271.6740417480468750
1975.7917              271.7227478027343750
1975.8767              272.3857116699218750
1975.9589              273.4238586425781250
1976.0437              274.1508483886718750
1976.1257              274.1328430175781250
1976.2076              273.7379455566406250
1976.2924              272.9164733886718750
1976.3743              271.9965820312500000
1976.4590              271.5611267089843750
1976.5410              271.5762023925781250
1976.6257              271.6736450195312500
1976.7103              271.6849365234375000
1976.7924              271.7803039550781250
1976.8771              272.5408020019531250
1976.9590              273.6485595703125000
1977.0438              274.3403320312500000
1977.1260              274.4987487792968750
1977.2054              273.9165344238281250
1977.2904              273.1423339843750000
1977.3726              272.2213134765625000
1977.4575              271.6575012207031250
1977.5397              271.6875305175781250
1977.6246              271.6636657714843750
1977.7096              271.6649475097656250
1977.7917              271.7832336425781250
1977.8767              272.4172363281250000
1977.9589              273.4715270996093750
1978.0438              274.2302551269531250
1978.1260              274.3584289550781250
1978.2054              273.7738647460937500
1978.2904              273.0908813476562500
1978.3726              272.3148193359375000
1978.4575              271.6266174316406250
1978.5397              271.6981506347656250
1978.6246              271.6916809082031250
1978.7096              271.6869506835937500
1978.7917              271.8214416503906250
1978.8767              272.5769653320312500
1978.9589              273.6575012207031250
1979.0438              274.4319763183593750
1979.1260              274.8359985351562500
1979.2054              274.3527526855468750
1979.2904              273.4728393554687500
1979.3726              272.0158691406250000
1979.4575              271.5257263183593750
1979.5397              271.6980285644531250
1979.6246              271.6842041015625000
1979.7096              271.6885681152343750
1979.7917              271.8016357421875000
1979.8767              272.4468994140625000
1979.9589              273.3593444824218750
1980.0437              274.2288818359375000
1980.1257              274.2643127441406250
1980.2076              273.7815246582031250
1980.2924              272.9957275390625000
1980.3743              272.2117919921875000
1980.4590              271.5722961425781250
1980.5410              271.3642883300781250
1980.6257              271.7012023925781250
1980.7103              271.7036132812500000
1980.7924              271.7681884765625000
1980.8771              272.4116821289062500
1980.9590              273.4220886230468750
1981.0438              274.1654052734375000
1981.1260              274.3242187500000000
1981.2054              273.8313903808593750
1981.2904              273.0244445800781250
1981.3726              271.9862976074218750
1981.4575              271.4460754394531250
1981.5397              271.7113037109375000
1981.6246              271.6930541992187500
1981.7096              271.6842041015625000
1981.7917              271.8289184570312500
1981.8767              272.4808349609375000
1981.9589              273.3995666503906250
1982.0438              273.8447570800781250
1982.1260              273.9051208496093750
1982.2054              273.4893493652343750
1982.2904              272.9510803222656250
1982.3726              272.0172119140625000
1982.4575              271.3841247558593750
1982.5397              271.6919250488281250
1982.6246              271.6837463378906250
1982.7096              271.6806030273437500
1982.7917              271.8436584472656250
1982.8767              272.5526428222656250
1982.9589              273.5375061035156250
1983.0438              274.1259765625000000
1983.1260              274.1179199218750000
1983.2054              273.6843566894531250
1983.2904              273.1057739257812500
1983.3726              272.2015380859375000
1983.4575              271.4231567382812500
1983.5397              271.6990661621093750
1983.6246              271.6782836914062500
1983.7096              271.6785583496093750
1983.7917              271.7619628906250000
1983.8767              272.3506469726562500
1983.9589              273.4100341796875000
1984.0437              274.3932189941406250
1984.1257              274.3479919433593750
1984.2076              273.9992065429687500
1984.2924              273.1033020019531250
1984.3743              272.3180236816406250
1984.4590              271.6374511718750000
1984.5410              271.4081726074218750
1984.6257              271.6026611328125000
1984.7103              271.6967773437500000
1984.7924              271.8186950683593750
1984.8771              272.5067443847656250
1984.9590              273.3829956054687500
1985.0438              274.0934143066406250
1985.1260              274.3110351562500000
1985.2054              273.7975769042968750
1985.2904              273.0626525878906250
1985.3726              271.7773742675781250
1985.4575              271.5054321289062500
1985.5397              271.5997314453125000
1985.6246              271.6980895996093750
1985.7096              271.6916198730468750
1985.7917              271.9493408203125000
1985.8767              272.6619873046875000
1985.9589              273.6994018554687500
1986.0438              274.4242553710937500
1986.1260              274.3385925292968750
1986.2054              273.9913330078125000
1986.2904              273.0988769531250000
1986.3726              272.2734069824218750
1986.4575              271.6787414550781250
1986.5397              271.5409545898437500
1986.6246              271.7048339843750000
1986.7096              271.7011718750000000
1986.7917              271.7968750000000000
1986.8767              272.4361572265625000
1986.9589              273.2496643066406250
1987.0438              273.8731994628906250
1987.1260              273.8000488281250000
1987.2054              273.5971374511718750
1987.2904              272.9087219238281250
1987.3726              272.1649475097656250
1987.4575              271.4474792480468750
1987.5397              271.2870178222656250
1987.6246              271.5997009277343750
1987.7096              271.7149047851562500
1987.7917              271.7964477539062500
1987.8767              272.4132690429687500
1987.9589              273.3122253417968750
1988.0437              273.9727783203125000
1988.1257              274.0852050781250000
1988.2076              273.5535888671875000
1988.2924              272.7902221679687500
1988.3743              271.9058837890625000
1988.4590              271.4779052734375000
1988.5410              271.6081542968750000
1988.6257              271.7139282226562500
1988.7103              271.7197265625000000
1988.7924              271.8123168945312500
1988.8771              272.4820251464843750
1988.9590              273.4888000488281250
1989.0438              274.1797790527343750
1989.1260              274.4112548828125000
1989.2054              274.0090026855468750
1989.2904              273.0671386718750000
1989.3726              272.2539978027343750
1989.4575              271.5443115234375000
1989.5397              271.6092224121093750
1989.6246              271.7179870605468750
1989.7096              271.7104797363281250
1989.7917              271.8869934082031250
1989.8767              272.5958862304687500
1989.9589              273.6181030273437500
1990.0438              274.1679687500000000
1990.1260              274.2803955078125000
1990.2054              273.7113647460937500
1990.2904              272.9585876464843750
1990.3726              271.9942321777343750
1990.4575              271.5512390136718750
1990.5397              271.6082153320312500
1990.6246              271.7236938476562500
1990.7096              271.7152099609375000
1990.7917              271.7441406250000000
1990.8767              272.3829345703125000
1990.9589              273.2969360351562500
1991.0438              273.9765625000000000
1991.1260              274.0763244628906250
1991.2054              273.3788146972656250
1991.2904              272.6446228027343750
1991.3726              271.7104797363281250
1991.4575              271.6532592773437500
1991.5397              271.7338867187500000
1991.6246              271.7131958007812500
1991.7096              271.7051696777343750
1991.7917              271.7468566894531250
1991.8767              272.4450073242187500
1991.9589              273.3817138671875000
1992.0437              273.8597106933593750
1992.1257              273.9135437011718750
1992.2076              273.5440979003906250
1992.2924              272.5489501953125000
1992.3743              271.8663330078125000
1992.4590              271.6539001464843750
1992.5410              271.7278137207031250
1992.6257              271.7113952636718750
1992.7103              271.7061767578125000
1992.7924              271.8272094726562500
1992.8771              272.5359802246093750
1992.9590              273.5767517089843750
1993.0438              274.1164855957031250
1993.1260              274.5176086425781250
1993.2054              274.2389526367187500
1993.2904              273.5145263671875000
1993.3726              272.6886901855468750
1993.4575              271.7813110351562500
1993.5397              271.6749267578125000
1993.6246              271.7235412597656250
1993.7096              271.7205505371093750
1993.7917              271.7984313964843750
1993.8767              272.4491271972656250
1993.9589              273.4895324707031250
1994.0438              274.0467529296875000
1994.1260              274.1176147460937500
1994.2054              273.8758239746093750
1994.2904              272.9202270507812500
1994.3726              271.9053649902343750
1994.4575              271.6584472656250000
1994.5397              271.7288208007812500
1994.6246              271.7131652832031250
1994.7096              271.7151794433593750
1994.7917              271.7571716308593750
1994.8767              272.3957824707031250
1994.9589              273.4780273437500000
1995.0438              274.2600402832031250
1995.1260              274.3307495117187500
1995.2054              273.7739868164062500
1995.2904              272.8772277832031250
1995.3726              272.1419982910156250
1995.4575              271.5763244628906250
1995.5397              271.6313476562500000
1995.6246              271.7369079589843750
1995.7096              271.7284240722656250
1995.7917              271.9129333496093750
1995.8767              272.6871948242187500
1995.9589              273.8082580566406250
1996.0437              274.3132019042968750
1996.1257              274.3574218750000000
1996.2076              273.9066467285156250
1996.2924              272.8778381347656250
1996.3743              271.8189697265625000
1996.4590              271.4561157226562500
1996.5410              271.7406005859375000
1996.6257              271.7264404296875000
1996.7103              271.7193908691406250
1996.7924              271.8367309570312500
1996.8771              272.6076049804687500
1996.9590              273.6036376953125000
1997.0438              274.3420715332031250
1997.1260              274.2917785644531250
1997.2054              273.7184448242187500
1997.2904              272.8671264648437500
1997.3726              271.9680786132812500
1997.4575              271.6002197265625000
1997.5397              271.7469787597656250
1997.6246              271.7379455566406250
1997.7096              271.7366333007812500
1997.7917              271.8491821289062500
1997.8767              272.6289367675781250
1997.9589              273.6694946289062500
1998.0438              274.4035034179687500
1998.1260              274.5168762207031250
1998.2054              274.0901794433593750
1998.2904              273.2970886230468750
1998.3726              272.4560546875000000
1998.4575              271.7837829589843750
1998.5397              271.4430236816406250
1998.6246              271.7319946289062500
1998.7096              271.7507019042968750
1998.7917              271.8554077148437500
1998.8767              272.6395263671875000
1998.9589              273.7622985839843750
1999.0438              274.2684936523437500
1999.1260              274.3922729492187500
1999.2054              273.9454650878906250
1999.2904              273.0919189453125000
1999.3726              272.2521667480468750
1999.4575              271.6899414062500000
1999.5397              271.6165161132812500
1999.6246              271.7460021972656250
1999.7096              271.7434387207031250
1999.7917              271.7953491210937500
1999.8767              272.4320373535156250
1999.9589              273.3320007324218750
