1850.0438              272.0711059570312500
1850.1260              272.5265502929687500
1850.2054              272.5146179199218750
1850.2904              272.0332336425781250
1850.3726              271.8663330078125000
1850.4575              271.8255310058593750
1850.5397              271.8298034667968750
1850.6246              271.6786193847656250
1850.7096              271.6059570312500000
1850.7917              271.5901794433593750
1850.8767              271.6508178710937500
1850.9589              271.7463378906250000
1851.0438              271.8825683593750000
1851.1260              272.1255493164062500
1851.2054              272.1944885253906250
1851.2904              272.0509033203125000
1851.3726              271.9828796386718750
1851.4575              271.8394470214843750
1851.5397              271.8201904296875000
1851.6246              271.7578735351562500
1851.7096              271.6330871582031250
1851.7917              271.6213378906250000
1851.8767              271.6905517578125000
1851.9589              271.7890930175781250
1852.0437              272.0501098632812500
1852.1257              272.4827575683593750
1852.2076              272.6416320800781250
1852.2924              272.2357788085937500
1852.3743              271.9566650390625000
1852.4590              271.8453369140625000
1852.5410              271.8388671875000000
1852.6257              271.7330932617187500
1852.7103              271.5857543945312500
1852.7924              271.5739135742187500
1852.8771              271.6420288085937500
1852.9590              271.7322082519531250
1853.0438              271.8497314453125000
1853.1260              272.0664672851562500
1853.2054              272.1392822265625000
1853.2904              272.0173950195312500
1853.3726              271.9472961425781250
1853.4575              271.8141479492187500
1853.5397              271.8105468750000000
1853.6246              271.7268066406250000
1853.7096              271.6409301757812500
1853.7917              271.5931091308593750
1853.8767              271.6249694824218750
1853.9589              271.7274475097656250
1854.0438              271.8318176269531250
1854.1260              272.0228881835937500
1854.2054              272.0545043945312500
1854.2904              271.9812622070312500
1854.3726              271.8789062500000000
1854.4575              271.8069458007812500
1854.5397              271.8182373046875000
1854.6246              271.7082824707031250
1854.7096              271.6195373535156250
1854.7917              271.5545349121093750
1854.8767              271.6113891601562500
1854.9589              271.7581481933593750
1855.0438              271.8920898437500000
1855.1260              272.1090087890625000
1855.2054              272.0474548339843750
1855.2904              271.9932861328125000
1855.3726              271.9449462890625000
1855.4575              271.8360900878906250
1855.5397              271.8255004882812500
1855.6246              271.7072448730468750
1855.7096              271.5815734863281250
1855.7917              271.5587158203125000
1855.8767              271.6195068359375000
1855.9589              271.7221984863281250
1856.0437              271.8651733398437500
1856.1257              272.0670776367187500
1856.2076              272.1052856445312500
1856.2924              272.0046691894531250
1856.3743              271.9765319824218750
1856.4590              271.8439331054687500
1856.5410              271.8005676269531250
1856.6257              271.7552490234375000
1856.7103              271.6441955566406250
1856.7924              271.5456848144531250
1856.8771              271.6057128906250000
1856.9590              271.7412719726562500
1857.0438              271.9165954589843750
1857.1260              272.0962524414062500
1857.2054              272.1417846679687500
1857.2904              272.0191955566406250
1857.3726              271.8714294433593750
1857.4575              271.8062744140625000
1857.5397              271.7806701660156250
1857.6246              271.6472778320312500
1857.7096              271.5441894531250000
1857.7917              271.5575561523437500
1857.8767              271.6560668945312500
1857.9589              271.7664794921875000
1858.0438              272.0838317871093750
1858.1260              272.6362609863281250
1858.2054              272.6025085449218750
1858.2904              272.1233825683593750
1858.3726              271.8675537109375000
1858.4575              271.8029174804687500
1858.5397              271.8002929687500000
1858.6246              271.7517395019531250
1858.7096              271.6512145996093750
1858.7917              271.6058959960937500
1858.8767              271.6310729980468750
1858.9589              271.7191162109375000
1859.0438              271.8515625000000000
1859.1260              272.0922851562500000
1859.2054              272.1759643554687500
1859.2904              272.0025329589843750
1859.3726              271.9196166992187500
1859.4575              271.7894897460937500
1859.5397              271.7823486328125000
1859.6246              271.6536254882812500
1859.7096              271.5289611816406250
1859.7917              271.5391235351562500
1859.8767              271.6350708007812500
1859.9589              271.7113342285156250
1860.0437              271.8045959472656250
1860.1257              271.9468994140625000
1860.2076              272.0404052734375000
1860.2924              271.9246520996093750
1860.3743              271.8054809570312500
1860.4590              271.7637939453125000
1860.5410              271.7689208984375000
1860.6257              271.7384338378906250
1860.7103              271.6766967773437500
1860.7924              271.6627502441406250
1860.8771              271.7044677734375000
1860.9590              271.7757568359375000
1861.0438              271.8636169433593750
1861.1260              271.9484558105468750
1861.2054              271.9552307128906250
1861.2904              271.9522705078125000
1861.3726              271.8741455078125000
1861.4575              271.8207397460937500
1861.5397              271.8043823242187500
1861.6246              271.7201232910156250
1861.7096              271.6198730468750000
1861.7917              271.5873413085937500
1861.8767              271.6555480957031250
1861.9589              271.7407531738281250
1862.0438              271.8665466308593750
1862.1260              272.1913757324218750
1862.2054              272.3590087890625000
1862.2904              272.0441589355468750
1862.3726              271.8485412597656250
1862.4575              271.8106079101562500
1862.5397              271.8176269531250000
1862.6246              271.7900085449218750
1862.7096              271.6934814453125000
1862.7917              271.6611328125000000
1862.8767              271.7025756835937500
1862.9589              271.7861022949218750
1863.0438              271.9642639160156250
1863.1260              272.3865966796875000
1863.2054              272.3618774414062500
1863.2904              272.0824279785156250
1863.3726              271.9602661132812500
1863.4575              271.8641357421875000
1863.5397              271.8465576171875000
1863.6246              271.8022766113281250
1863.7096              271.6279296875000000
1863.7917              271.5809631347656250
1863.8767              271.6336364746093750
1863.9589              271.7377319335937500
1864.0437              271.9363098144531250
1864.1257              272.2575988769531250
1864.2076              272.2361450195312500
1864.2924              272.0441894531250000
1864.3743              271.9569091796875000
1864.4590              271.8215637207031250
1864.5410              271.8044433593750000
1864.6257              271.6684875488281250
1864.7103              271.5285034179687500
1864.7924              271.5234680175781250
1864.8771              271.6264953613281250
1864.9590              271.7395935058593750
1865.0438              271.8663940429687500
1865.1260              271.9513244628906250
1865.2054              271.9602966308593750
1865.2904              271.9288024902343750
1865.3726              271.8647766113281250
1865.4575              271.7965393066406250
1865.5397              271.7849121093750000
1865.6246              271.7208862304687500
1865.7096              271.6164550781250000
1865.7917              271.6023864746093750
1865.8767              271.6611022949218750
1865.9589              271.7443237304687500
1866.0438              271.8262329101562500
1866.1260              271.9523010253906250
1866.2054              271.9978027343750000
1866.2904              271.9419860839843750
1866.3726              271.8950500488281250
1866.4575              271.7923583984375000
1866.5397              271.7950439453125000
1866.6246              271.7622375488281250
1866.7096              271.6356506347656250
1866.7917              271.5801391601562500
1866.8767              271.6324462890625000
1866.9589              271.7184448242187500
1867.0438              271.8587646484375000
1867.1260              272.1336975097656250
1867.2054              272.0898437500000000
1867.2904              271.9914550781250000
1867.3726              271.9220275878906250
1867.4575              271.8323974609375000
1867.5397              271.7993164062500000
1867.6246              271.7308959960937500
1867.7096              271.6011047363281250
1867.7917              271.5629577636718750
1867.8767              271.6205749511718750
1867.9589              271.7230224609375000
1868.0437              271.8410034179687500
1868.1257              271.9935607910156250
1868.2076              272.0244750976562500
1868.2924              271.9649353027343750
1868.3743              271.9466857910156250
1868.4590              271.8190612792968750
1868.5410              271.7891540527343750
1868.6257              271.7085571289062500
1868.7103              271.5763854980468750
1868.7924              271.5564880371093750
1868.8771              271.6241760253906250
1868.9590              271.7163696289062500
1869.0438              271.7997131347656250
1869.1260              271.9646911621093750
1869.2054              272.0174255371093750
1869.2904              271.9339904785156250
1869.3726              271.9093322753906250
1869.4575              271.8016662597656250
1869.5397              271.7935180664062500
1869.6246              271.7525329589843750
1869.7096              271.6527099609375000
1869.7917              271.5821533203125000
1869.8767              271.6144104003906250
1869.9589              271.7028503417968750
1870.0438              271.8321838378906250
1870.1260              272.1056518554687500
1870.2054              272.0652770996093750
1870.2904              271.9689025878906250
1870.3726              271.9476318359375000
1870.4575              271.8198547363281250
1870.5397              271.7983703613281250
1870.6246              271.7513427734375000
1870.7096              271.6039428710937500
1870.7917              271.5365600585937500
1870.8767              271.5977172851562500
1870.9589              271.7015075683593750
1871.0438              271.8442993164062500
1871.1260              272.0399169921875000
1871.2054              272.0198669433593750
1871.2904              271.8753967285156250
1871.3726              271.7673645019531250
1871.4575              271.7851257324218750
1871.5397              271.7706909179687500
1871.6246              271.6817321777343750
1871.7096              271.5764160156250000
1871.7917              271.5607604980468750
1871.8767              271.6160278320312500
1871.9589              271.7328796386718750
1872.0437              271.9790649414062500
1872.1257              272.3733520507812500
1872.2076              272.4220886230468750
1872.2924              272.0410461425781250
1872.3743              271.8389587402343750
1872.4590              271.8167724609375000
1872.5410              271.7995300292968750
1872.6257              271.6424865722656250
1872.7103              271.5372619628906250
1872.7924              271.5619201660156250
1872.8771              271.6388549804687500
1872.9590              271.7328796386718750
1873.0438              272.0243530273437500
1873.1260              272.5088500976562500
1873.2054              272.5346069335937500
1873.2904              272.0691223144531250
1873.3726              271.9174194335937500
1873.4575              271.8190307617187500
1873.5397              271.8060913085937500
1873.6246              271.7793884277343750
1873.7096              271.5930480957031250
1873.7917              271.5168762207031250
1873.8767              271.5868835449218750
1873.9589              271.6850585937500000
1874.0438              271.7910461425781250
1874.1260              271.9189147949218750
1874.2054              271.9170532226562500
1874.2904              271.9142150878906250
1874.3726              271.8441772460937500
1874.4575              271.7740478515625000
1874.5397              271.7555847167968750
1874.6246              271.6127929687500000
1874.7096              271.5050964355468750
1874.7917              271.5367126464843750
1874.8767              271.6164855957031250
1874.9589              271.6980895996093750
1875.0438              271.8851623535156250
1875.1260              272.2021484375000000
1875.2054              272.1690979003906250
1875.2904              272.0052795410156250
1875.3726              271.9277343750000000
1875.4575              271.7840576171875000
1875.5397              271.7695617675781250
1875.6246              271.6942749023437500
1875.7096              271.5861206054687500
1875.7917              271.5569152832031250
1875.8767              271.6195983886718750
1875.9589              271.7077331542968750
1876.0437              271.8174133300781250
1876.1257              272.1327819824218750
1876.2076              272.1090698242187500
1876.2924              271.9760742187500000
1876.3743              271.9015502929687500
1876.4590              271.7614746093750000
1876.5410              271.7537231445312500
1876.6257              271.6967468261718750
1876.7103              271.6084594726562500
1876.7924              271.5692443847656250
1876.8771              271.5889282226562500
1876.9590              271.6711425781250000
1877.0438              271.7674865722656250
1877.1260              271.9301147460937500
1877.2054              271.9421691894531250
1877.2904              271.8812561035156250
1877.3726              271.8195190429687500
1877.4575              271.7597351074218750
1877.5397              271.7417297363281250
1877.6246              271.5743408203125000
1877.7096              271.4934692382812500
1877.7917              271.5052795410156250
1877.8767              271.5639953613281250
1877.9589              271.6705932617187500
1878.0438              271.8104858398437500
1878.1260              272.0322875976562500
1878.2054              272.1377258300781250
1878.2904              271.9855651855468750
1878.3726              271.8996582031250000
1878.4575              271.7886962890625000
1878.5397              271.7756958007812500
1878.6246              271.7409362792968750
1878.7096              271.5482788085937500
1878.7917              271.5174255371093750
1878.8767              271.5715637207031250
1878.9589              271.6613769531250000
1879.0438              271.8001098632812500
1879.1260              272.0549011230468750
1879.2054              272.2894287109375000
1879.2904              271.9713439941406250
1879.3726              271.8807678222656250
1879.4575              271.7919311523437500
1879.5397              271.7929077148437500
1879.6246              271.7680664062500000
1879.7096              271.6008911132812500
1879.7917              271.5108947753906250
1879.8767              271.5742187500000000
1879.9589              271.6681823730468750
1880.0437              271.7684020996093750
1880.1257              271.9010314941406250
1880.2076              271.9133300781250000
1880.2924              271.8846130371093750
1880.3743              271.7831420898437500
1880.4590              271.7522277832031250
1880.5410              271.7389526367187500
1880.6257              271.6066284179687500
1880.7103              271.5101623535156250
1880.7924              271.5131225585937500
1880.8771              271.5865783691406250
1880.9590              271.6920776367187500
1881.0438              271.8013916015625000
1881.1260              271.9888610839843750
1881.2054              272.0417480468750000
1881.2904              271.9067687988281250
1881.3726              271.8202209472656250
1881.4575              271.7618408203125000
1881.5397              271.7388000488281250
1881.6246              271.6378479003906250
1881.7096              271.5155944824218750
1881.7917              271.5437927246093750
1881.8767              271.6212768554687500
1881.9589              271.7319030761718750
1882.0438              271.8566894531250000
1882.1260              272.1351013183593750
1882.2054              272.0914611816406250
1882.2904              271.9634704589843750
1882.3726              271.9355163574218750
1882.4575              271.8696594238281250
1882.5397              271.7886962890625000
1882.6246              271.7188110351562500
1882.7096              271.5691833496093750
1882.7917              271.5717773437500000
1882.8767              271.6320495605468750
1882.9589              271.7278747558593750
1883.0438              271.8848266601562500
1883.1260              272.0907897949218750
1883.2054              272.0955505371093750
1883.2904              271.9821472167968750
1883.3726              271.9513854980468750
1883.4575              271.8194885253906250
1883.5397              271.7909240722656250
1883.6246              271.7287902832031250
1883.7096              271.6245422363281250
1883.7917              271.5820922851562500
1883.8767              271.6488952636718750
1883.9589              271.7761230468750000
1884.0437              271.9979858398437500
1884.1257              272.2499084472656250
1884.2076              272.3098144531250000
1884.2924              272.0606079101562500
1884.3743              271.9644775390625000
1884.4590              271.8365783691406250
1884.5410              271.8073120117187500
1884.6257              271.7265319824218750
1884.7103              271.6469421386718750
1884.7924              271.5652465820312500
1884.8771              271.6269531250000000
1884.9590              271.7293395996093750
1885.0438              271.8670959472656250
1885.1260              272.1268615722656250
1885.2054              272.0710754394531250
1885.2904              271.9696960449218750
1885.3726              271.8897705078125000
1885.4575              271.8145141601562500
1885.5397              271.7902221679687500
1885.6246              271.6575317382812500
1885.7096              271.5517578125000000
1885.7917              271.5771179199218750
1885.8767              271.6188354492187500
1885.9589              271.6941223144531250
1886.0438              271.8460083007812500
1886.1260              272.1967773437500000
1886.2054              272.0953369140625000
1886.2904              271.9970092773437500
1886.3726              271.8614807128906250
1886.4575              271.7807006835937500
1886.5397              271.6958007812500000
1886.6246              271.5448303222656250
1886.7096              271.5108642578125000
1886.7917              271.5282897949218750
1886.8767              271.5853881835937500
1886.9589              271.6994934082031250
1887.0438              271.9588928222656250
1887.1260              272.3494873046875000
1887.2054              272.4284667968750000
1887.2904              271.9909973144531250
1887.3726              271.7808532714843750
1887.4575              271.7667236328125000
1887.5397              271.7052612304687500
1887.6246              271.5857849121093750
1887.7096              271.5078430175781250
1887.7917              271.5044250488281250
1887.8767              271.5693359375000000
1887.9589              271.6498413085937500
1888.0437              271.7926940917968750
1888.1257              272.0655517578125000
1888.2076              272.1290283203125000
1888.2924              271.9201965332031250
1888.3743              271.8186340332031250
1888.4590              271.7619323730468750
1888.5410              271.7630615234375000
1888.6257              271.7078857421875000
1888.7103              271.5852966308593750
1888.7924              271.5721435546875000
1888.8771              271.6295776367187500
1888.9590              271.7305297851562500
1889.0438              271.8800659179687500
1889.1260              272.2129516601562500
1889.2054              272.2668457031250000
1889.2904              271.9563598632812500
1889.3726              271.8070068359375000
1889.4575              271.7679443359375000
1889.5397              271.7341308593750000
1889.6246              271.5842285156250000
1889.7096              271.5237731933593750
1889.7917              271.5383605957031250
1889.8767              271.6049194335937500
1889.9589              271.7052612304687500
1890.0438              271.9990844726562500
1890.1260              272.5681152343750000
1890.2054              272.5207519531250000
1890.2904              271.9125061035156250
1890.3726              271.7820129394531250
1890.4575              271.7829284667968750
1890.5397              271.7796020507812500
1890.6246              271.7379455566406250
1890.7096              271.6029357910156250
1890.7917              271.5296325683593750
1890.8767              271.6267395019531250
1890.9589              271.7661743164062500
1891.0438              271.9882507324218750
1891.1260              272.3968811035156250
1891.2054              272.3234863281250000
1891.2904              272.0098571777343750
1891.3726              271.8945617675781250
1891.4575              271.8055419921875000
1891.5397              271.7721557617187500
1891.6246              271.6391601562500000
1891.7096              271.5372924804687500
1891.7917              271.5514526367187500
1891.8767              271.6092834472656250
1891.9589              271.7075805664062500
1892.0437              271.9159240722656250
1892.1257              272.3986816406250000
1892.2076              272.5736694335937500
1892.2924              272.1915588378906250
1892.3743              271.9562377929687500
1892.4590              271.7816162109375000
1892.5410              271.7807312011718750
1892.6257              271.7319946289062500
1892.7103              271.6397094726562500
1892.7924              271.6108093261718750
1892.8771              271.6651611328125000
1892.9590              271.7379455566406250
1893.0438              271.8613891601562500
1893.1260              272.1757202148437500
1893.2054              272.2956237792968750
1893.2904              271.9536132812500000
1893.3726              271.8065795898437500
1893.4575              271.7860107421875000
1893.5397              271.7756652832031250
1893.6246              271.7529602050781250
1893.7096              271.6294250488281250
1893.7917              271.6013183593750000
1893.8767              271.6238098144531250
1893.9589              271.6907653808593750
1894.0438              271.7713012695312500
1894.1260              271.8991088867187500
1894.2054              271.9085693359375000
1894.2904              271.8869934082031250
1894.3726              271.7944641113281250
1894.4575              271.7498779296875000
1894.5397              271.7163696289062500
1894.6246              271.6242980957031250
1894.7096              271.5148010253906250
1894.7917              271.5228271484375000
1894.8767              271.5745239257812500
1894.9589              271.6856384277343750
1895.0438              271.8356933593750000
1895.1260              272.0504760742187500
1895.2054              272.0353393554687500
1895.2904              271.9449768066406250
1895.3726              271.8170166015625000
1895.4575              271.7714843750000000
1895.5397              271.7321472167968750
1895.6246              271.5950012207031250
1895.7096              271.5144348144531250
1895.7917              271.5297241210937500
1895.8767              271.6006164550781250
1895.9589              271.6867370605468750
1896.0437              271.7973937988281250
1896.1257              271.9555969238281250
1896.2076              271.9452209472656250
1896.2924              271.9101867675781250
1896.3743              271.8674621582031250
1896.4590              271.7669067382812500
1896.5410              271.7611694335937500
1896.6257              271.6574096679687500
1896.7103              271.5336303710937500
1896.7924              271.5462951660156250
1896.8771              271.6463928222656250
1896.9590              271.7541198730468750
1897.0438              271.9891052246093750
1897.1260              272.3039855957031250
1897.2054              272.1813049316406250
1897.2904              272.0234069824218750
1897.3726              271.8795471191406250
1897.4575              271.7808837890625000
1897.5397              271.7795715332031250
1897.6246              271.7017517089843750
1897.7096              271.5747375488281250
1897.7917              271.5537414550781250
1897.8767              271.6288757324218750
1897.9589              271.7166748046875000
1898.0438              271.8136901855468750
1898.1260              271.9611206054687500
1898.2054              272.0302734375000000
1898.2904              271.9254760742187500
1898.3726              271.8251647949218750
1898.4575              271.7613525390625000
1898.5397              271.7428894042968750
1898.6246              271.6386718750000000
1898.7096              271.5390625000000000
1898.7917              271.5315551757812500
1898.8767              271.5923767089843750
1898.9589              271.7032775878906250
1899.0438              271.8354797363281250
1899.1260              272.0041809082031250
1899.2054              272.0523986816406250
1899.2904              271.9451904296875000
1899.3726              271.8612365722656250
1899.4575              271.7591857910156250
1899.5397              271.7485351562500000
1899.6246              271.6701965332031250
1899.7096              271.5753784179687500
1899.7917              271.5667114257812500
1899.8767              271.6304626464843750
1899.9589              271.7207641601562500
1900.0438              271.8629455566406250
1900.1260              272.1398010253906250
1900.2054              272.0612487792968750
1900.2904              271.9321289062500000
1900.3726              271.7865905761718750
1900.4575              271.7898559570312500
1900.5397              271.7476501464843750
1900.6246              271.6108398437500000
1900.7096              271.5375061035156250
1900.7917              271.5453796386718750
1900.8767              271.6274108886718750
1900.9589              271.7397766113281250
1901.0438              271.8933105468750000
1901.1260              272.2283630371093750
1901.2054              272.2749938964843750
1901.2904              271.9842529296875000
1901.3726              271.9029846191406250
1901.4575              271.7966003417968750
1901.5397              271.7888183593750000
1901.6246              271.7076110839843750
1901.7096              271.5686035156250000
1901.7917              271.5347900390625000
1901.8767              271.5928039550781250
1901.9589              271.7036437988281250
1902.0438              271.8940124511718750
1902.1260              272.3378295898437500
1902.2054              272.3566894531250000
1902.2904              272.0194396972656250
1902.3726              271.9332580566406250
1902.4575              271.8328552246093750
1902.5397              271.7995910644531250
1902.6246              271.7622680664062500
1902.7096              271.5903320312500000
1902.7917              271.5494384765625000
1902.8767              271.5990600585937500
1902.9589              271.7123718261718750
1903.0438              271.8657836914062500
1903.1260              272.1635131835937500
1903.2054              272.2150268554687500
1903.2904              271.9980163574218750
1903.3726              271.8656616210937500
1903.4575              271.7870483398437500
1903.5397              271.7903137207031250
1903.6246              271.7483520507812500
1903.7096              271.5869750976562500
1903.7917              271.5539855957031250
1903.8767              271.5853271484375000
1903.9589              271.6799926757812500
1904.0437              271.7648315429687500
1904.1257              271.8711853027343750
1904.2076              271.8875122070312500
1904.2924              271.8729553222656250
1904.3743              271.7689514160156250
1904.4590              271.7343139648437500
1904.5410              271.7098388671875000
1904.6257              271.6074829101562500
1904.7103              271.5057067871093750
1904.7924              271.5176391601562500
1904.8771              271.5820922851562500
1904.9590              271.6666564941406250
1905.0438              271.7939147949218750
1905.1260              272.0183410644531250
1905.2054              271.9861145019531250
1905.2904              271.9349060058593750
1905.3726              271.8984985351562500
1905.4575              271.8230895996093750
1905.5397              271.7733459472656250
1905.6246              271.7599182128906250
1905.7096              271.6153869628906250
1905.7917              271.5666809082031250
1905.8767              271.6007690429687500
1905.9589              271.6978454589843750
1906.0438              271.8462829589843750
1906.1260              272.1848144531250000
1906.2054              272.3181762695312500
1906.2904              271.9956359863281250
1906.3726              271.9026489257812500
1906.4575              271.7806396484375000
1906.5397              271.7472839355468750
1906.6246              271.6225585937500000
1906.7096              271.5128173828125000
1906.7917              271.5291442871093750
1906.8767              271.6110534667968750
1906.9589              271.7129211425781250
1907.0438              271.9718627929687500
1907.1260              272.4251098632812500
1907.2054              272.4181213378906250
1907.2904              271.8928833007812500
1907.3726              271.7471618652343750
1907.4575              271.7359619140625000
1907.5397              271.7182922363281250
1907.6246              271.6065063476562500
1907.7096              271.5180664062500000
1907.7917              271.5613708496093750
1907.8767              271.6312255859375000
1907.9589              271.7428588867187500
1908.0437              271.9054870605468750
1908.1257              272.2392272949218750
1908.2076              272.3695068359375000
1908.2924              271.9777526855468750
1908.3743              271.8085632324218750
1908.4590              271.7794494628906250
1908.5410              271.7868957519531250
1908.6257              271.6706542968750000
1908.7103              271.5168762207031250
1908.7924              271.5161132812500000
1908.8771              271.5824584960937500
1908.9590              271.7258911132812500
1909.0438              271.8751220703125000
1909.1260              272.1134033203125000
1909.2054              272.2260131835937500
1909.2904              272.0196533203125000
1909.3726              271.9356079101562500
1909.4575              271.8128967285156250
1909.5397              271.7918701171875000
1909.6246              271.7324829101562500
1909.7096              271.5786743164062500
1909.7917              271.5572509765625000
1909.8767              271.6062011718750000
1909.9589              271.6977539062500000
1910.0438              271.8059082031250000
1910.1260              271.9320068359375000
1910.2054              271.9320678710937500
1910.2904              271.8847351074218750
1910.3726              271.7829284667968750
1910.4575              271.7560119628906250
1910.5397              271.7874450683593750
1910.6246              271.7508239746093750
1910.7096              271.6275024414062500
1910.7917              271.6009521484375000
1910.8767              271.6412658691406250
1910.9589              271.7431640625000000
1911.0438              271.9226074218750000
1911.1260              272.2279357910156250
1911.2054              272.2698974609375000
1911.2904              272.0631408691406250
1911.3726              271.9845886230468750
1911.4575              271.8673095703125000
1911.5397              271.8399963378906250
1911.6246              271.7793579101562500
1911.7096              271.6001281738281250
1911.7917              271.5449218750000000
1911.8767              271.6016540527343750
1911.9589              271.6892700195312500
1912.0437              271.7842407226562500
1912.1257              271.9064331054687500
1912.2076              271.9590454101562500
1912.2924              271.8796997070312500
1912.3743              271.7505493164062500
1912.4590              271.7447509765625000
1912.5410              271.7372131347656250
1912.6257              271.6131591796875000
1912.7103              271.5436401367187500
1912.7924              271.5486145019531250
1912.8771              271.6110839843750000
1912.9590              271.7012634277343750
1913.0438              271.8192443847656250
1913.1260              272.0496826171875000
1913.2054              272.0920104980468750
1913.2904              271.9699401855468750
1913.3726              271.8969421386718750
1913.4575              271.7759399414062500
1913.5397              271.7718200683593750
1913.6246              271.7289428710937500
1913.7096              271.5688476562500000
1913.7917              271.5312194824218750
1913.8767              271.5966796875000000
1913.9589              271.6674499511718750
1914.0438              271.7705383300781250
1914.1260              271.8807678222656250
1914.2054              271.9519042968750000
1914.2904              271.8977661132812500
1914.3726              271.8117370605468750
1914.4575              271.7542724609375000
1914.5397              271.7471008300781250
1914.6246              271.7423400878906250
1914.7096              271.6153259277343750
1914.7917              271.5635375976562500
1914.8767              271.6144409179687500
1914.9589              271.7141418457031250
1915.0438              271.8420410156250000
1915.1260              272.1337585449218750
1915.2054              272.1647644042968750
1915.2904              271.9042968750000000
1915.3726              271.7912597656250000
1915.4575              271.7723693847656250
1915.5397              271.7674560546875000
1915.6246              271.7320251464843750
1915.7096              271.5959167480468750
1915.7917              271.5847473144531250
1915.8767              271.6157226562500000
1915.9589              271.7089843750000000
1916.0437              271.8408203125000000
1916.1257              272.1502685546875000
1916.2076              272.1287536621093750
1916.2924              271.9677734375000000
1916.3743              271.9399719238281250
1916.4590              271.7981567382812500
1916.5410              271.7854003906250000
1916.6257              271.6944580078125000
1916.7103              271.5526733398437500
1916.7924              271.5277709960937500
1916.8771              271.6015319824218750
1916.9590              271.6992797851562500
1917.0438              271.8338623046875000
1917.1260              272.1376342773437500
1917.2054              272.1987304687500000
1917.2904              271.9694824218750000
1917.3726              271.9272766113281250
1917.4575              271.8245849609375000
1917.5397              271.7886962890625000
1917.6246              271.7521667480468750
1917.7096              271.6249389648437500
1917.7917              271.5821533203125000
1917.8767              271.6247558593750000
1917.9589              271.7150878906250000
1918.0438              271.7979736328125000
1918.1260              271.9076232910156250
1918.2054              271.9138793945312500
1918.2904              271.8810119628906250
1918.3726              271.7893371582031250
1918.4575              271.7529296875000000
1918.5397              271.7393188476562500
1918.6246              271.6718750000000000
1918.7096              271.5777282714843750
1918.7917              271.5480346679687500
1918.8767              271.6261901855468750
1918.9589              271.7338867187500000
1919.0438              271.9237670898437500
1919.1260              272.2496337890625000
1919.2054              272.2975769042968750
1919.2904              272.0558776855468750
1919.3726              271.9008178710937500
1919.4575              271.7857666015625000
1919.5397              271.7845458984375000
1919.6246              271.6725158691406250
1919.7096              271.5564575195312500
1919.7917              271.5390014648437500
1919.8767              271.5954284667968750
1919.9589              271.7020263671875000
1920.0437              271.8717956542968750
1920.1257              272.2504882812500000
1920.2076              272.3606262207031250
1920.2924              271.9850769042968750
1920.3743              271.8252563476562500
1920.4590              271.7817993164062500
1920.5410              271.7827148437500000
1920.6257              271.7789306640625000
1920.7103              271.7045898437500000
1920.7924              271.5848693847656250
1920.8771              271.6081848144531250
1920.9590              271.6840820312500000
1921.0438              271.8482666015625000
1921.1260              272.2197265625000000
1921.2054              272.1758422851562500
1921.2904              271.9748229980468750
1921.3726              271.7889404296875000
1921.4575              271.7406311035156250
1921.5397              271.7347106933593750
1921.6246              271.6092224121093750
1921.7096              271.5180969238281250
1921.7917              271.4896545410156250
1921.8767              271.5482177734375000
1921.9589              271.6357421875000000
1922.0438              271.7413940429687500
1922.1260              271.8631286621093750
1922.2054              271.8723449707031250
1922.2904              271.8601074218750000
1922.3726              271.7753601074218750
1922.4575              271.7412414550781250
1922.5397              271.7493896484375000
1922.6246              271.6298217773437500
1922.7096              271.4987487792968750
1922.7917              271.5140075683593750
1922.8767              271.5651550292968750
1922.9589              271.6530761718750000
1923.0438              271.7988891601562500
1923.1260              272.0339355468750000
1923.2054              272.0700683593750000
1923.2904              271.9201660156250000
1923.3726              271.8157653808593750
1923.4575              271.7369689941406250
1923.5397              271.7371215820312500
1923.6246              271.5803833007812500
1923.7096              271.4883117675781250
1923.7917              271.5081787109375000
1923.8767              271.5809631347656250
1923.9589              271.6885375976562500
1924.0437              271.9204711914062500
1924.1257              272.3681030273437500
1924.2076              272.3079528808593750
1924.2924              272.0186462402343750
1924.3743              271.8218688964843750
1924.4590              271.7569580078125000
1924.5410              271.7572021484375000
1924.6257              271.7156982421875000
1924.7103              271.5781250000000000
1924.7924              271.5347900390625000
1924.8771              271.5765991210937500
1924.9590              271.6855773925781250
1925.0438              271.8248596191406250
1925.1260              272.0788269042968750
1925.2054              272.1131286621093750
1925.2904              271.9360046386718750
1925.3726              271.7737426757812500
1925.4575              271.7531738281250000
1925.5397              271.7465209960937500
1925.6246              271.6699829101562500
1925.7096              271.5695190429687500
1925.7917              271.5146179199218750
1925.8767              271.5653991699218750
1925.9589              271.6551818847656250
1926.0438              271.7404479980468750
1926.1260              271.8341369628906250
1926.2054              271.8761596679687500
1926.2904              271.8511047363281250
1926.3726              271.8430175781250000
1926.4575              271.7483215332031250
1926.5397              271.7250976562500000
1926.6246              271.6678771972656250
1926.7096              271.5568237304687500
1926.7917              271.5667724609375000
1926.8767              271.6027832031250000
1926.9589              271.6905822753906250
1927.0438              271.7774963378906250
1927.1260              271.8536682128906250
1927.2054              271.8937683105468750
1927.2904              271.8760681152343750
1927.3726              271.8035888671875000
1927.4575              271.7496337890625000
1927.5397              271.7264709472656250
1927.6246              271.6484069824218750
1927.7096              271.5216674804687500
1927.7917              271.5156250000000000
1927.8767              271.5761108398437500
1927.9589              271.6905822753906250
1928.0437              271.8142089843750000
1928.1257              272.1449279785156250
1928.2076              272.0841369628906250
1928.2924              271.9635620117187500
1928.3743              271.8998413085937500
1928.4590              271.8096923828125000
1928.5410              271.7901306152343750
1928.6257              271.7593078613281250
1928.7103              271.6464233398437500
1928.7924              271.5693969726562500
1928.8771              271.5873413085937500
1928.9590              271.6692199707031250
1929.0438              271.7721252441406250
1929.1260              271.9265441894531250
1929.2054              271.9357604980468750
1929.2904              271.9116821289062500
1929.3726              271.8722839355468750
1929.4575              271.7776794433593750
1929.5397              271.7724914550781250
1929.6246              271.7437438964843750
1929.7096              271.5694885253906250
1929.7917              271.5259399414062500
1929.8767              271.5856933593750000
1929.9589              271.6766357421875000
1930.0438              271.7573242187500000
1930.1260              271.8593139648437500
1930.2054              271.8582153320312500
1930.2904              271.8724365234375000
1930.3726              271.8088684082031250
1930.4575              271.7475585937500000
1930.5397              271.6602478027343750
1930.6246              271.5038757324218750
1930.7096              271.4885864257812500
1930.7917              271.4995727539062500
1930.8767              271.5715026855468750
1930.9589              271.6649169921875000
1931.0438              271.8299255371093750
1931.1260              272.1118469238281250
1931.2054              272.0353088378906250
1931.2904              271.9199218750000000
1931.3726              271.7878723144531250
1931.4575              271.7375793457031250
1931.5397              271.7219543457031250
1931.6246              271.5790710449218750
1931.7096              271.4942016601562500
1931.7917              271.5191040039062500
1931.8767              271.5588378906250000
1931.9589              271.6541442871093750
1932.0437              271.8384094238281250
1932.1257              272.1439208984375000
1932.2076              272.1552429199218750
1932.2924              271.9430236816406250
1932.3743              271.8201904296875000
1932.4590              271.7575683593750000
1932.5410              271.7549743652343750
1932.6257              271.6311950683593750
1932.7103              271.5033264160156250
1932.7924              271.5221557617187500
1932.8771              271.5838623046875000
1932.9590              271.6843872070312500
1933.0438              271.9580078125000000
1933.1260              272.4939575195312500
1933.2054              272.5059814453125000
1933.2904              272.1171264648437500
1933.3726              271.9061889648437500
1933.4575              271.7688903808593750
1933.5397              271.7609558105468750
1933.6246              271.7075500488281250
1933.7096              271.5678710937500000
1933.7917              271.5193176269531250
1933.8767              271.5731811523437500
1933.9589              271.6689147949218750
1934.0438              271.8091430664062500
1934.1260              272.0546875000000000
1934.2054              272.1273193359375000
1934.2904              271.9364929199218750
1934.3726              271.8012390136718750
1934.4575              271.7340087890625000
1934.5397              271.7150878906250000
1934.6246              271.6371154785156250
1934.7096              271.5529174804687500
1934.7917              271.5447998046875000
1934.8767              271.5743103027343750
1934.9589              271.6619262695312500
1935.0438              271.7577819824218750
1935.1260              271.8736572265625000
1935.2054              271.8785705566406250
1935.2904              271.8365783691406250
1935.3726              271.7605590820312500
1935.4575              271.7106628417968750
1935.5397              271.6292724609375000
1935.6246              271.5154113769531250
1935.7096              271.5101318359375000
1935.7917              271.5391845703125000
1935.8767              271.5993041992187500
1935.9589              271.6903381347656250
1936.0437              271.8921813964843750
1936.1257              272.3247375488281250
1936.2076              272.4702758789062500
1936.2924              272.0889282226562500
1936.3743              271.7662963867187500
1936.4590              271.7364196777343750
1936.5410              271.7572021484375000
1936.6257              271.7465209960937500
1936.7103              271.6669006347656250
1936.7924              271.5820312500000000
1936.8771              271.6019897460937500
1936.9590              271.6983642578125000
1937.0438              271.8234558105468750
1937.1260              272.0726318359375000
1937.2054              272.0598754882812500
1937.2904              271.9392700195312500
1937.3726              271.8868103027343750
1937.4575              271.8190002441406250
1937.5397              271.7720947265625000
1937.6246              271.6390991210937500
1937.7096              271.5117187500000000
1937.7917              271.5100402832031250
1937.8767              271.5872497558593750
1937.9589              271.6759033203125000
1938.0438              271.7745971679687500
1938.1260              271.9545593261718750
1938.2054              272.0075073242187500
1938.2904              271.8924255371093750
1938.3726              271.7595825195312500
1938.4575              271.7384643554687500
1938.5397              271.7393493652343750
1938.6246              271.6000976562500000
1938.7096              271.5395812988281250
1938.7917              271.5293579101562500
1938.8767              271.5914306640625000
1938.9589              271.7059631347656250
1939.0438              271.8122863769531250
1939.1260              272.0061645507812500
1939.2054              272.0746765136718750
1939.2904              271.9367980957031250
1939.3726              271.9033813476562500
1939.4575              271.8285217285156250
1939.5397              271.7921142578125000
1939.6246              271.7457885742187500
1939.7096              271.5632019042968750
1939.7917              271.5137939453125000
1939.8767              271.6070861816406250
1939.9589              271.7129516601562500
1940.0437              271.8733520507812500
1940.1257              272.2359619140625000
1940.2076              272.2766418457031250
1940.2924              272.0000915527343750
1940.3743              271.8296813964843750
1940.4590              271.7857666015625000
1940.5410              271.7713623046875000
1940.6257              271.7393493652343750
1940.7103              271.6488037109375000
1940.7924              271.6065979003906250
1940.8771              271.6164245605468750
1940.9590              271.6959838867187500
1941.0438              271.8110961914062500
1941.1260              271.9700012207031250
1941.2054              271.9427490234375000
1941.2904              271.9274597167968750
1941.3726              271.9111633300781250
1941.4575              271.7944030761718750
1941.5397              271.7590942382812500
1941.6246              271.6015319824218750
1941.7096              271.5127563476562500
1941.7917              271.5201110839843750
1941.8767              271.5749206542968750
1941.9589              271.6637573242187500
1942.0438              271.8587951660156250
1942.1260              272.2007751464843750
1942.2054              272.2540893554687500
1942.2904              271.9749450683593750
1942.3726              271.8381652832031250
1942.4575              271.7594604492187500
1942.5397              271.7618103027343750
1942.6246              271.7318420410156250
1942.7096              271.5987854003906250
1942.7917              271.5749816894531250
1942.8767              271.6503906250000000
1942.9589              271.7346801757812500
1943.0438              271.9099426269531250
1943.1260              272.3526611328125000
1943.2054              272.4754028320312500
1943.2904              272.0955810546875000
1943.3726              271.9180603027343750
1943.4575              271.8242187500000000
1943.5397              271.8054504394531250
1943.6246              271.7426757812500000
1943.7096              271.5796508789062500
1943.7917              271.5167236328125000
1943.8767              271.5362854003906250
1943.9589              271.6401672363281250
1944.0437              271.7520141601562500
1944.1257              271.8709106445312500
1944.2076              271.8864440917968750
1944.2924              271.8544921875000000
1944.3743              271.8160095214843750
1944.4590              271.7621459960937500
1944.5410              271.7636413574218750
1944.6257              271.6641540527343750
1944.7103              271.5072021484375000
1944.7924              271.4959411621093750
1944.8771              271.5184631347656250
1944.9590              271.6374816894531250
1945.0438              271.7839660644531250
1945.1260              271.9589843750000000
1945.2054              271.9154968261718750
1945.2904              271.8742065429687500
1945.3726              271.7577819824218750
1945.4575              271.7275695800781250
1945.5397              271.7204589843750000
1945.6246              271.6163024902343750
1945.7096              271.5083923339843750
1945.7917              271.5221252441406250
1945.8767              271.5695190429687500
1945.9589              271.6567077636718750
1946.0438              271.7674255371093750
1946.1260              271.9454345703125000
1946.2054              272.0285034179687500
1946.2904              271.9083251953125000
1946.3726              271.8582458496093750
1946.4575              271.7338256835937500
1946.5397              271.7304077148437500
1946.6246              271.6423339843750000
1946.7096              271.4904174804687500
1946.7917              271.5148315429687500
1946.8767              271.5912780761718750
1946.9589              271.6979675292968750
1947.0438              271.8997192382812500
1947.1260              272.3164978027343750
1947.2054              272.3544921875000000
1947.2904              271.9275512695312500
1947.3726              271.7633361816406250
1947.4575              271.7728881835937500
1947.5397              271.7717590332031250
1947.6246              271.7265625000000000
1947.7096              271.5895385742187500
1947.7917              271.5371704101562500
1947.8767              271.6180114746093750
1947.9589              271.7438354492187500
1948.0437              271.9873657226562500
1948.1257              272.3445129394531250
1948.2076              272.3853454589843750
1948.2924              272.0342712402343750
1948.3743              271.8766479492187500
1948.4590              271.7803344726562500
1948.5410              271.7689208984375000
1948.6257              271.6867675781250000
1948.7103              271.5624084472656250
1948.7924              271.5456237792968750
1948.8771              271.6021118164062500
1948.9590              271.7024230957031250
1949.0438              271.8049316406250000
1949.1260              271.9882812500000000
1949.2054              271.9631652832031250
1949.2904              271.9365844726562500
1949.3726              271.8781433105468750
1949.4575              271.7855529785156250
1949.5397              271.7953796386718750
1949.6246              271.7648620605468750
1949.7096              271.6613769531250000
1949.7917              271.5766601562500000
1949.8767              271.6286010742187500
1949.9589              271.7255859375000000
1950.0438              271.8471984863281250
1950.1260              272.0573730468750000
1950.2054              272.0868225097656250
1950.2904              271.9916992187500000
1950.3726              271.9667968750000000
1950.4575              271.9127807617187500
1950.5397              271.8214111328125000
1950.6246              271.8133544921875000
1950.7096              271.7189025878906250
1950.7917              271.6002807617187500
1950.8767              271.6376953125000000
1950.9589              271.7223205566406250
1951.0438              271.8301391601562500
1951.1260              271.9930725097656250
1951.2054              272.0564880371093750
1951.2904              271.9612426757812500
1951.3726              271.8678283691406250
1951.4575              271.7954711914062500
1951.5397              271.7690429687500000
1951.6246              271.6705627441406250
1951.7096              271.5643920898437500
1951.7917              271.5755615234375000
1951.8767              271.6195678710937500
1951.9589              271.7034606933593750
1952.0437              271.8280639648437500
1952.1257              272.1873779296875000
1952.2076              272.3616943359375000
1952.2924              272.1225891113281250
1952.3743              271.8989562988281250
1952.4590              271.8181152343750000
1952.5410              271.8142395019531250
1952.6257              271.7610168457031250
1952.7103              271.5895385742187500
1952.7924              271.5541992187500000
1952.8771              271.6082458496093750
1952.9590              271.7006225585937500
1953.0438              271.8027038574218750
1953.1260              271.9443664550781250
1953.2054              271.9808349609375000
1953.2904              271.9137268066406250
1953.3726              271.8569030761718750
1953.4575              271.7788085937500000
1953.5397              271.7438354492187500
1953.6246              271.6307373046875000
1953.7096              271.5713195800781250
1953.7917              271.5659484863281250
1953.8767              271.6443481445312500
1953.9589              271.7355346679687500
1954.0438              271.8315734863281250
1954.1260              272.0162658691406250
1954.2054              271.9909362792968750
1954.2904              271.9370727539062500
1954.3726              271.8279724121093750
1954.4575              271.7752685546875000
1954.5397              271.7648925781250000
1954.6246              271.6301574707031250
1954.7096              271.5032653808593750
1954.7917              271.5106506347656250
1954.8767              271.5769042968750000
1954.9589              271.6847839355468750
1955.0438              271.8466186523437500
1955.1260              272.0420837402343750
1955.2054              272.0808715820312500
1955.2904              271.8465576171875000
1955.3726              271.7547912597656250
1955.4575              271.7458190917968750
1955.5397              271.7437438964843750
1955.6246              271.6843566894531250
1955.7096              271.5734863281250000
1955.7917              271.5355224609375000
1955.8767              271.6202087402343750
1955.9589              271.7161254882812500
1956.0437              271.8518981933593750
1956.1257              272.0434570312500000
1956.2076              272.0505065917968750
1956.2924              271.9356384277343750
1956.3743              271.8250732421875000
1956.4590              271.7919616699218750
1956.5410              271.7758483886718750
1956.6257              271.7205810546875000
1956.7103              271.6002807617187500
1956.7924              271.5544433593750000
1956.8771              271.6141052246093750
1956.9590              271.7064208984375000
1957.0438              271.9627685546875000
1957.1260              271.9810180664062500
1957.2054              272.0221862792968750
1957.2904              271.9389343261718750
1957.3726              271.8450317382812500
1957.4575              271.7848815917968750
1957.5397              271.7713012695312500
1957.6246              271.7190246582031250
1957.7096              271.6261291503906250
1957.7917              271.5822448730468750
1957.8767              271.6609497070312500
1957.9589              271.7482299804687500
1958.0438              271.8970336914062500
1958.1260              272.1434936523437500
1958.2054              272.2096862792968750
1958.2904              272.0194091796875000
1958.3726              271.9194030761718750
1958.4575              271.8118591308593750
1958.5397              271.7994689941406250
1958.6246              271.7910766601562500
1958.7096              271.7286376953125000
1958.7917              271.6652221679687500
1958.8767              271.6922912597656250
1958.9589              271.7845458984375000
1959.0438              271.9020080566406250
1959.1260              272.0442504882812500
1959.2054              272.1061706542968750
1959.2904              272.0248413085937500
1959.3726              272.0004882812500000
1959.4575              271.9368286132812500
1959.5397              271.8331298828125000
1959.6246              271.8182373046875000
1959.7096              271.7384033203125000
1959.7917              271.6056518554687500
1959.8767              271.6307983398437500
1959.9589              271.7292175292968750
1960.0437              271.8633728027343750
1960.1257              272.0250854492187500
1960.2076              272.0220947265625000
1960.2924              271.9778747558593750
1960.3743              271.9395141601562500
1960.4590              271.8213195800781250
1960.5410              271.8000183105468750
1960.6257              271.7908935546875000
1960.7103              271.6825866699218750
1960.7924              271.5970764160156250
1960.8771              271.6041870117187500
1960.9590              271.6843872070312500
1961.0438              271.7904052734375000
1961.1260              271.9703063964843750
1961.2054              272.0008850097656250
1961.2904              271.9415893554687500
1961.3726              271.8972167968750000
1961.4575              271.7976379394531250
1961.5397              271.7697753906250000
1961.6246              271.6617431640625000
1961.7096              271.5405578613281250
1961.7917              271.4977722167968750
1961.8767              271.5627441406250000
1961.9589              271.6692199707031250
1962.0438              271.7943115234375000
1962.1260              272.0461425781250000
1962.2054              272.1417846679687500
1962.2904              271.9426879882812500
1962.3726              271.9154968261718750
1962.4575              271.7881469726562500
1962.5397              271.7697753906250000
1962.6246              271.7445373535156250
1962.7096              271.5952758789062500
1962.7917              271.5675964355468750
1962.8767              271.6050415039062500
1962.9589              271.6881103515625000
1963.0438              271.8038940429687500
1963.1260              271.9611511230468750
1963.2054              271.9906005859375000
1963.2904              271.9375915527343750
1963.3726              271.9244079589843750
1963.4575              271.7924499511718750
1963.5397              271.7662353515625000
1963.6246              271.6428527832031250
1963.7096              271.5257263183593750
1963.7917              271.5365600585937500
1963.8767              271.5953369140625000
1963.9589              271.6925048828125000
1964.0437              271.8456726074218750
1964.1257              272.2975769042968750
1964.2076              272.3461914062500000
1964.2924              272.0006713867187500
1964.3743              271.8355102539062500
1964.4590              271.7630920410156250
1964.5410              271.7295227050781250
1964.6257              271.5599365234375000
1964.7103              271.4771728515625000
1964.7924              271.5074768066406250
1964.8771              271.5708312988281250
1964.9590              271.6601257324218750
1965.0438              271.8090820312500000
1965.1260              272.1533508300781250
1965.2054              272.1326904296875000
1965.2904              271.9518737792968750
1965.3726              271.8448486328125000
1965.4575              271.7556762695312500
1965.5397              271.7412109375000000
1965.6246              271.6394042968750000
1965.7096              271.5177001953125000
1965.7917              271.5121459960937500
1965.8767              271.5545349121093750
1965.9589              271.6363830566406250
1966.0438              271.7721557617187500
1966.1260              271.9602355957031250
1966.2054              271.9538269042968750
1966.2904              271.9042358398437500
1966.3726              271.8774719238281250
1966.4575              271.7342834472656250
1966.5397              271.7232055664062500
1966.6246              271.6486206054687500
1966.7096              271.5076293945312500
1966.7917              271.5007019042968750
1966.8767              271.5664672851562500
1966.9589              271.6589965820312500
1967.0438              271.8202819824218750
1967.1260              272.2329101562500000
1967.2054              272.2201538085937500
1967.2904              271.9177856445312500
1967.3726              271.7734985351562500
1967.4575              271.7640686035156250
1967.5397              271.7780761718750000
1967.6246              271.7174377441406250
1967.7096              271.5831604003906250
1967.7917              271.5614929199218750
1967.8767              271.5837707519531250
1967.9589              271.6816406250000000
1968.0437              271.9639587402343750
1968.1257              272.2926025390625000
1968.2076              272.2944641113281250
1968.2924              271.9827270507812500
1968.3743              271.8991394042968750
1968.4590              271.7951965332031250
1968.5410              271.7814331054687500
1968.6257              271.7531433105468750
1968.7103              271.6084289550781250
1968.7924              271.5355834960937500
1968.8771              271.5600280761718750
1968.9590              271.6661682128906250
1969.0438              271.7886657714843750
1969.1260              272.0220336914062500
1969.2054              272.0581054687500000
1969.2904              271.8945922851562500
1969.3726              271.8228454589843750
1969.4575              271.7760314941406250
1969.5397              271.7679138183593750
1969.6246              271.7271118164062500
1969.7096              271.6038513183593750
1969.7917              271.5592346191406250
1969.8767              271.6099853515625000
1969.9589              271.6996459960937500
1970.0438              271.8419494628906250
1970.1260              272.1404724121093750
1970.2054              272.0623168945312500
1970.2904              271.9419860839843750
1970.3726              271.8870849609375000
1970.4575              271.7674255371093750
1970.5397              271.7554931640625000
1970.6246              271.6992187500000000
1970.7096              271.5844726562500000
1970.7917              271.5554199218750000
1970.8767              271.6249389648437500
1970.9589              271.7328796386718750
1971.0438              271.8181457519531250
1971.1260              271.8999023437500000
1971.2054              271.9198303222656250
1971.2904              271.9266357421875000
1971.3726              271.8808288574218750
1971.4575              271.7680358886718750
1971.5397              271.7346191406250000
1971.6246              271.5978393554687500
1971.7096              271.5398254394531250
1971.7917              271.5241699218750000
1971.8767              271.6010131835937500
1971.9589              271.7193603515625000
1972.0437              271.8935241699218750
1972.1257              272.2771606445312500
1972.2076              272.3486633300781250
1972.2924              271.9602050781250000
1972.3743              271.8287658691406250
1972.4590              271.7619323730468750
1972.5410              271.7850646972656250
1972.6257              271.7810668945312500
1972.7103              271.7315673828125000
1972.7924              271.6319580078125000
1972.8771              271.6317443847656250
1972.9590              271.6999206542968750
1973.0438              271.8100280761718750
1973.1260              271.9748535156250000
1973.2054              271.9538879394531250
1973.2904              271.9239196777343750
1973.3726              271.8706970214843750
1973.4575              271.7771606445312500
1973.5397              271.7211608886718750
1973.6246              271.5740966796875000
1973.7096              271.5313110351562500
1973.7917              271.5368652343750000
1973.8767              271.5906677246093750
1973.9589              271.7178039550781250
1974.0438              272.0986328125000000
1974.1260              272.6394958496093750
1974.2054              272.5769653320312500
1974.2904              272.0791931152343750
1974.3726              271.9071960449218750
1974.4575              271.7809753417968750
1974.5397              271.7687377929687500
1974.6246              271.6243591308593750
1974.7096              271.5726928710937500
1974.7917              271.5657958984375000
1974.8767              271.6233520507812500
1974.9589              271.7481384277343750
1975.0438              271.9336853027343750
1975.1260              272.3233032226562500
1975.2054              272.4967041015625000
1975.2904              272.0925292968750000
1975.3726              272.0158386230468750
1975.4575              271.8786010742187500
1975.5397              271.8076171875000000
1975.6246              271.7877807617187500
1975.7096              271.7203063964843750
1975.7917              271.5838317871093750
1975.8767              271.6153869628906250
1975.9589              271.6896057128906250
1976.0437              271.7783508300781250
1976.1257              271.9672546386718750
1976.2076              271.9947814941406250
1976.2924              271.9053649902343750
1976.3743              271.8066406250000000
1976.4590              271.7565917968750000
1976.5410              271.7463684082031250
1976.6257              271.5814514160156250
1976.7103              271.4922485351562500
1976.7924              271.4962463378906250
1976.8771              271.5637207031250000
1976.9590              271.6691284179687500
1977.0438              271.8253479003906250
1977.1260              272.1439514160156250
1977.2054              272.2166748046875000
1977.2904              271.9808959960937500
1977.3726              271.8083801269531250
1977.4575              271.7369384765625000
1977.5397              271.7345886230468750
1977.6246              271.6960449218750000
1977.7096              271.5802001953125000
1977.7917              271.4849853515625000
1977.8767              271.5541992187500000
1977.9589              271.6839904785156250
1978.0438              271.8562316894531250
1978.1260              272.2315063476562500
1978.2054              272.3410644531250000
1978.2904              272.0330810546875000
1978.3726              271.9524841308593750
1978.4575              271.8096313476562500
1978.5397              271.7526855468750000
1978.6246              271.7562561035156250
1978.7096              271.7707824707031250
1978.7917              271.7291564941406250
1978.8767              271.7035827636718750
1978.9589              271.7470092773437500
1979.0438              271.8147277832031250
1979.1260              271.9002990722656250
1979.2054              271.9096679687500000
1979.2904              271.9168701171875000
1979.3726              271.8719787597656250
1979.4575              271.8229980468750000
1979.5397              271.8046264648437500
1979.6246              271.7345581054687500
1979.7096              271.5974121093750000
1979.7917              271.5157470703125000
1979.8767              271.5487365722656250
1979.9589              271.6524963378906250
1980.0437              271.7561340332031250
1980.1257              271.9164428710937500
1980.2076              271.9006347656250000
1980.2924              271.9046936035156250
1980.3743              271.8918151855468750
1980.4590              271.7840270996093750
1980.5410              271.7600708007812500
1980.6257              271.6179504394531250
1980.7103              271.4851074218750000
1980.7924              271.4949951171875000
1980.8771              271.5753173828125000
1980.9590              271.6804504394531250
1981.0438              271.7958984375000000
1981.1260              272.0362243652343750
1981.2054              272.1203613281250000
1981.2904              271.9464416503906250
1981.3726              271.9091491699218750
1981.4575              271.7808532714843750
1981.5397              271.7723083496093750
1981.6246              271.7540893554687500
1981.7096              271.6385192871093750
1981.7917              271.5834045410156250
1981.8767              271.6261291503906250
1981.9589              271.7259216308593750
1982.0438              272.0609130859375000
1982.1260              272.5533752441406250
1982.2054              272.5812988281250000
1982.2904              272.1209411621093750
1982.3726              272.0125732421875000
1982.4575              271.8335266113281250
1982.5397              271.8140869140625000
1982.6246              271.8203735351562500
1982.7096              271.7217712402343750
1982.7917              271.6352233886718750
1982.8767              271.6604309082031250
1982.9589              271.7259216308593750
1983.0438              271.8711853027343750
1983.1260              272.1178588867187500
1983.2054              272.0821228027343750
1983.2904              271.9966430664062500
1983.3726              271.9825439453125000
1983.4575              271.8576660156250000
1983.5397              271.8021850585937500
1983.6246              271.6695861816406250
1983.7096              271.5195007324218750
1983.7917              271.5186767578125000
1983.8767              271.6098022460937500
1983.9589              271.7064208984375000
1984.0437              271.8352050781250000
1984.1257              272.0799560546875000
1984.2076              272.0714416503906250
1984.2924              271.9524536132812500
1984.3743              271.8463134765625000
1984.4590              271.7700805664062500
1984.5410              271.7622680664062500
1984.6257              271.6810302734375000
1984.7103              271.6100463867187500
1984.7924              271.5361633300781250
1984.8771              271.6111145019531250
1984.9590              271.7108154296875000
1985.0438              271.8457336425781250
1985.1260              272.0881042480468750
1985.2054              272.1322631835937500
1985.2904              271.9805297851562500
1985.3726              271.8461914062500000
1985.4575              271.7848510742187500
1985.5397              271.7820129394531250
1985.6246              271.6890869140625000
1985.7096              271.6013183593750000
1985.7917              271.5674743652343750
1985.8767              271.6251220703125000
1985.9589              271.7121582031250000
1986.0438              271.8277587890625000
1986.1260              271.9402770996093750
1986.2054              271.9763488769531250
1986.2904              271.9579467773437500
1986.3726              271.8958129882812500
1986.4575              271.7973937988281250
1986.5397              271.7749328613281250
1986.6246              271.6455383300781250
1986.7096              271.5297241210937500
1986.7917              271.5087585449218750
1986.8767              271.5978698730468750
1986.9589              271.6842041015625000
1987.0438              271.8263549804687500
1987.1260              272.1817321777343750
1987.2054              272.3187255859375000
1987.2904              272.0591735839843750
1987.3726              271.9481506347656250
1987.4575              271.7973937988281250
1987.5397              271.7852172851562500
1987.6246              271.7267456054687500
1987.7096              271.5960998535156250
1987.7917              271.5370788574218750
1987.8767              271.5990905761718750
1987.9589              271.6942443847656250
1988.0437              271.8461608886718750
1988.1257              272.2148132324218750
1988.2076              272.2835998535156250
1988.2924              272.0039672851562500
1988.3743              271.8644104003906250
1988.4590              271.7841491699218750
1988.5410              271.7735595703125000
1988.6257              271.5692443847656250
1988.7103              271.4886474609375000
1988.7924              271.5133666992187500
1988.8771              271.5794982910156250
1988.9590              271.6752929687500000
1989.0438              271.8043212890625000
1989.1260              272.1595458984375000
1989.2054              272.2694396972656250
1989.2904              271.9564514160156250
1989.3726              271.8072814941406250
1989.4575              271.7709350585937500
1989.5397              271.7857055664062500
1989.6246              271.7082519531250000
1989.7096              271.5219421386718750
1989.7917              271.4940490722656250
1989.8767              271.5760498046875000
1989.9589              271.6780395507812500
1990.0438              271.8613891601562500
1990.1260              272.2348937988281250
1990.2054              272.3582458496093750
1990.2904              272.0440368652343750
1990.3726              271.8336791992187500
1990.4575              271.7622985839843750
1990.5397              271.7801818847656250
1990.6246              271.7789916992187500
1990.7096              271.7038269042968750
1990.7917              271.5959472656250000
1990.8767              271.6280517578125000
1990.9589              271.7382507324218750
1991.0438              271.8911132812500000
1991.1260              272.3443603515625000
1991.2054              272.5129699707031250
1991.2904              272.0760192871093750
1991.3726              271.8796386718750000
1991.4575              271.8283386230468750
1991.5397              271.8338012695312500
1991.6246              271.8075866699218750
1991.7096              271.6439208984375000
1991.7917              271.6041259765625000
1991.8767              271.6418457031250000
1991.9589              271.7351684570312500
1992.0437              271.8355102539062500
1992.1257              272.0547790527343750
1992.2076              272.0635070800781250
1992.2924              271.9973449707031250
1992.3743              271.9189453125000000
1992.4590              271.8357543945312500
1992.5410              271.8211059570312500
1992.6257              271.7950134277343750
1992.7103              271.6927185058593750
1992.7924              271.6588745117187500
1992.8771              271.6715393066406250
1992.9590              271.7324218750000000
1993.0438              271.8191223144531250
1993.1260              271.9841308593750000
1993.2054              272.1931152343750000
1993.2904              272.0916137695312500
1993.3726              271.9590148925781250
1993.4575              271.8098144531250000
1993.5397              271.8040771484375000
1993.6246              271.7987365722656250
1993.7096              271.7200317382812500
1993.7917              271.6383361816406250
1993.8767              271.6805419921875000
1993.9589              271.7383117675781250
1994.0438              271.8357238769531250
1994.1260              272.0092773437500000
1994.2054              272.0103759765625000
1994.2904              271.9606933593750000
1994.3726              271.8553161621093750
1994.4575              271.8031311035156250
1994.5397              271.7226867675781250
1994.6246              271.5879821777343750
1994.7096              271.4968261718750000
1994.7917              271.4869689941406250
1994.8767              271.5616455078125000
1994.9589              271.6479492187500000
1995.0438              271.7765197753906250
1995.1260              271.9546203613281250
1995.2054              271.9977416992187500
1995.2904              271.9190673828125000
1995.3726              271.9048461914062500
1995.4575              271.7999877929687500
1995.5397              271.8002014160156250
1995.6246              271.6743469238281250
1995.7096              271.5038757324218750
1995.7917              271.5203857421875000
1995.8767              271.5830688476562500
1995.9589              271.6858520507812500
1996.0437              271.9248046875000000
1996.1257              272.4349975585937500
1996.2076              272.5621032714843750
1996.2924              272.1650695800781250
1996.3743              271.8446655273437500
1996.4590              271.7893371582031250
1996.5410              271.8022155761718750
1996.6257              271.8022460937500000
1996.7103              271.7599487304687500
1996.7924              271.7035827636718750
1996.8771              271.7182312011718750
1996.9590              271.7952575683593750
1997.0438              271.9283142089843750
1997.1260              272.1810913085937500
1997.2054              272.2852172851562500
1997.2904              272.0589599609375000
1997.3726              271.9700317382812500
1997.4575              271.8541259765625000
1997.5397              271.8318786621093750
1997.6246              271.7666320800781250
1997.7096              271.6692199707031250
1997.7917              271.6025085449218750
1997.8767              271.6261596679687500
1997.9589              271.7144165039062500
1998.0438              271.8754882812500000
1998.1260              272.3010253906250000
1998.2054              272.3357238769531250
1998.2904              272.0408325195312500
1998.3726              271.9894409179687500
1998.4575              271.8728027343750000
1998.5397              271.8305969238281250
1998.6246              271.8434143066406250
1998.7096              271.7992858886718750
1998.7917              271.7195434570312500
1998.8767              271.7191162109375000
1998.9589              271.7790832519531250
1999.0438              271.9219970703125000
1999.1260              272.4281616210937500
1999.2054              272.4281005859375000
1999.2904              272.1383361816406250
1999.3726              271.9525451660156250
1999.4575              271.8475646972656250
1999.5397              271.8556213378906250
1999.6246              271.8357238769531250
1999.7096              271.7126770019531250
1999.7917              271.6243591308593750
1999.8767              271.6455078125000000
1999.9589              271.7199096679687500
