1850.0438              275.6629943847656250
1850.1260              276.0158386230468750
1850.2054              275.8613281250000000
1850.2904              275.0888366699218750
1850.3726              274.2797851562500000
1850.4575              273.6727600097656250
1850.5397              273.4695739746093750
1850.6246              273.3006286621093750
1850.7096              273.2389831542968750
1850.7917              273.3354492187500000
1850.8767              273.7313537597656250
1850.9589              274.6001892089843750
1851.0438              275.5614318847656250
1851.1260              275.9454956054687500
1851.2054              275.8347778320312500
1851.2904              274.9829406738281250
1851.3726              274.2016906738281250
1851.4575              273.4512023925781250
1851.5397              273.2840881347656250
1851.6246              273.2610168457031250
1851.7096              273.2451477050781250
1851.7917              273.3233642578125000
1851.8767              273.8446960449218750
1851.9589              274.6597290039062500
1852.0437              275.6377563476562500
1852.1257              276.2221984863281250
1852.2076              275.9498291015625000
1852.2924              275.1340637207031250
1852.3743              274.2432861328125000
1852.4590              273.5487976074218750
1852.5410              273.3831787109375000
1852.6257              273.2789306640625000
1852.7103              273.2536926269531250
1852.7924              273.3635253906250000
1852.8771              273.8240356445312500
1852.9590              274.6629638671875000
1853.0438              275.4099121093750000
1853.1260              275.7287292480468750
1853.2054              275.6683044433593750
1853.2904              274.9509277343750000
1853.3726              274.1153259277343750
1853.4575              273.5523071289062500
1853.5397              273.4183044433593750
1853.6246              273.3143920898437500
1853.7096              273.2480163574218750
1853.7917              273.3463439941406250
1853.8767              273.9104003906250000
1853.9589              274.7647705078125000
1854.0438              275.5615844726562500
1854.1260              276.1927185058593750
1854.2054              276.1452636718750000
1854.2904              275.3656311035156250
1854.3726              274.4120788574218750
1854.4575              273.6214294433593750
1854.5397              273.4352722167968750
1854.6246              273.3313903808593750
1854.7096              273.2648315429687500
1854.7917              273.3682250976562500
1854.8767              273.8782348632812500
1854.9589              274.7096252441406250
1855.0438              275.6034545898437500
1855.1260              275.9587402343750000
1855.2054              275.7392578125000000
1855.2904              275.0721740722656250
1855.3726              274.1904907226562500
1855.4575              273.5804138183593750
1855.5397              273.4213256835937500
1855.6246              273.3303527832031250
1855.7096              273.2551879882812500
1855.7917              273.3343505859375000
1855.8767              273.8033142089843750
1855.9589              274.7094116210937500
1856.0437              275.4399108886718750
1856.1257              275.9782714843750000
1856.2076              275.6686096191406250
1856.2924              274.8361511230468750
1856.3743              273.8656311035156250
1856.4590              273.4411926269531250
1856.5410              273.3524780273437500
1856.6257              273.1826171875000000
1856.7103              273.2350158691406250
1856.7924              273.3258972167968750
1856.8771              273.7289123535156250
1856.9590              274.5919494628906250
1857.0438              275.3487548828125000
1857.1260              275.8713378906250000
1857.2054              275.8164062500000000
1857.2904              275.1038513183593750
1857.3726              274.2912597656250000
1857.4575              273.6828918457031250
1857.5397              273.3934326171875000
1857.6246              273.2395935058593750
1857.7096              273.2924194335937500
1857.7917              273.3797912597656250
1857.8767              273.8138427734375000
1857.9589              274.6950683593750000
1858.0438              275.5508422851562500
1858.1260              276.0653076171875000
1858.2054              276.0075073242187500
1858.2904              275.2543640136718750
1858.3726              274.3676147460937500
1858.4575              273.6499023437500000
1858.5397              273.4047546386718750
1858.6246              273.2649841308593750
1858.7096              273.2964172363281250
1858.7917              273.3476867675781250
1858.8767              273.7302246093750000
1858.9589              274.6054687500000000
1859.0438              275.5991821289062500
1859.1260              275.9615478515625000
1859.2054              275.9672241210937500
1859.2904              275.2237548828125000
1859.3726              274.3757324218750000
1859.4575              273.5887756347656250
1859.5397              273.3534240722656250
1859.6246              273.2012023925781250
1859.7096              273.2641601562500000
1859.7917              273.3526000976562500
1859.8767              273.6768798828125000
1859.9589              274.4710998535156250
1860.0437              275.1771240234375000
1860.1257              275.6696472167968750
1860.2076              275.7023925781250000
1860.2924              275.1445922851562500
1860.3743              274.4536437988281250
1860.4590              273.5093383789062500
1860.5410              272.9909667968750000
1860.6257              272.7749633789062500
1860.7103              273.1331176757812500
1860.7924              273.2821044921875000
1860.8771              273.7524719238281250
1860.9590              274.5843200683593750
1861.0438              275.3073425292968750
1861.1260              275.6698303222656250
1861.2054              275.5590515136718750
1861.2904              274.7486877441406250
1861.3726              273.9896850585937500
1861.4575              273.2520446777343750
1861.5397              273.1466064453125000
1861.6246              273.1312561035156250
1861.7096              273.1638488769531250
1861.7917              273.2064819335937500
1861.8767              273.6564331054687500
1861.9589              274.6389160156250000
1862.0438              275.5011901855468750
1862.1260              275.8611755371093750
1862.2054              275.7146301269531250
1862.2904              274.9798278808593750
1862.3726              274.1160278320312500
1862.4575              273.4103088378906250
1862.5397              273.2832641601562500
1862.6246              273.2685546875000000
1862.7096              273.2519531250000000
1862.7917              273.3003234863281250
1862.8767              273.8140869140625000
1862.9589              274.6664428710937500
1863.0438              275.3367614746093750
1863.1260              275.7963562011718750
1863.2054              275.8986511230468750
1863.2904              275.2225341796875000
1863.3726              274.2196044921875000
1863.4575              273.5651550292968750
1863.5397              273.3889465332031250
1863.6246              273.3288574218750000
1863.7096              273.3138427734375000
1863.7917              273.3616027832031250
1863.8767              273.8232421875000000
1863.9589              274.7450866699218750
1864.0437              275.7236633300781250
1864.1257              276.2073059082031250
1864.2076              276.0419616699218750
1864.2924              275.3035278320312500
1864.3743              274.4110107421875000
1864.4590              273.8655700683593750
1864.5410              273.5266113281250000
1864.6257              273.3665466308593750
1864.7103              273.3664855957031250
1864.7924              273.4426879882812500
1864.8771              273.7985839843750000
1864.9590              274.6524963378906250
1865.0438              275.2338256835937500
1865.1260              275.7836303710937500
1865.2054              275.8310546875000000
1865.2904              275.0172424316406250
1865.3726              274.2182312011718750
1865.4575              273.4969177246093750
1865.5397              273.3689270019531250
1865.6246              273.3634338378906250
1865.7096              273.3570556640625000
1865.7917              273.4005126953125000
1865.8767              273.7946166992187500
1865.9589              274.6372070312500000
1866.0438              275.5848083496093750
1866.1260              275.9353637695312500
1866.2054              275.8799133300781250
1866.2904              275.1965332031250000
1866.3726              274.4004516601562500
1866.4575              273.6645202636718750
1866.5397              273.5007019042968750
1866.6246              273.4097290039062500
1866.7096              273.4242248535156250
1866.7917              273.5431213378906250
1866.8767              273.9965209960937500
1866.9589              274.9539489746093750
1867.0438              275.6716918945312500
1867.1260              275.9957580566406250
1867.2054              275.9068603515625000
1867.2904              275.1254272460937500
1867.3726              274.2983703613281250
1867.4575              273.7219238281250000
1867.5397              273.5603027343750000
1867.6246              273.4804382324218750
1867.7096              273.4842224121093750
1867.7917              273.5838928222656250
1867.8767              274.0118713378906250
1867.9589              274.8706359863281250
1868.0437              275.9515686035156250
1868.1257              276.4112854003906250
1868.2076              276.1828308105468750
1868.2924              275.5856628417968750
1868.3743              274.8482971191406250
1868.4590              274.1212463378906250
1868.5410              273.6826782226562500
1868.6257              273.6499633789062500
1868.7103              273.5909118652343750
1868.7924              273.6337585449218750
1868.8771              274.1149597167968750
1868.9590              275.0115661621093750
1869.0438              275.9466857910156250
1869.1260              276.3340148925781250
1869.2054              276.3016052246093750
1869.2904              275.4287719726562500
1869.3726              274.4371032714843750
1869.4575              273.9075317382812500
1869.5397              273.8154296875000000
1869.6246              273.6469421386718750
1869.7096              273.5561828613281250
1869.7917              273.6132202148437500
1869.8767              274.0335693359375000
1869.9589              274.8960571289062500
1870.0438              275.7784423828125000
1870.1260              276.3485412597656250
1870.2054              276.2812194824218750
1870.2904              275.6296386718750000
1870.3726              274.8383483886718750
1870.4575              274.1524353027343750
1870.5397              273.5787658691406250
1870.6246              273.6004028320312500
1870.7096              273.5793762207031250
1870.7917              273.6374206542968750
1870.8767              274.0967712402343750
1870.9589              274.9671325683593750
1871.0438              275.8435058593750000
1871.1260              276.3041687011718750
1871.2054              276.0674743652343750
1871.2904              275.2912292480468750
1871.3726              274.5321350097656250
1871.4575              273.9243774414062500
1871.5397              273.7243041992187500
1871.6246              273.6201477050781250
1871.7096              273.4959716796875000
1871.7917              273.5421752929687500
1871.8767              273.9903869628906250
1871.9589              274.8235168457031250
1872.0437              275.6167907714843750
1872.1257              276.0694580078125000
1872.2076              275.8156127929687500
1872.2924              275.0253295898437500
1872.3743              274.2768859863281250
1872.4590              273.6611328125000000
1872.5410              273.4721069335937500
1872.6257              273.3573303222656250
1872.7103              273.4041442871093750
1872.7924              273.4871826171875000
1872.8771              273.8314208984375000
1872.9590              274.5447082519531250
1873.0438              275.3392333984375000
1873.1260              275.8204956054687500
1873.2054              275.5372314453125000
1873.2904              274.5602111816406250
1873.3726              273.7534179687500000
1873.4575              272.8333435058593750
1873.5397              272.3928833007812500
1873.6246              272.0066528320312500
1873.7096              271.9584655761718750
1873.7917              271.6471252441406250
1873.8767              272.0547485351562500
1873.9589              273.3354797363281250
1874.0438              274.3410034179687500
1874.1260              274.9119262695312500
1874.2054              274.7903137207031250
1874.2904              274.0862731933593750
1874.3726              273.1381530761718750
1874.4575              272.0050964355468750
1874.5397              271.4163818359375000
1874.6246              271.3032531738281250
1874.7096              271.4046325683593750
1874.7917              271.6628112792968750
1874.8767              272.1329345703125000
1874.9589              273.1731872558593750
1875.0438              274.2008361816406250
1875.1260              274.8276672363281250
1875.2054              274.7545471191406250
1875.2904              274.1673583984375000
1875.3726              273.2974853515625000
1875.4575              272.2271423339843750
1875.5397              272.2193603515625000
1875.6246              272.4290466308593750
1875.7096              272.3878173828125000
1875.7917              272.8196105957031250
1875.8767              273.4893493652343750
1875.9589              274.4234008789062500
1876.0437              275.2358703613281250
1876.1257              275.6345214843750000
1876.2076              275.3921508789062500
1876.2924              274.5910339355468750
1876.3743              273.6735534667968750
1876.4590              273.2839050292968750
1876.5410              273.4248657226562500
1876.6257              273.4063720703125000
1876.7103              273.3780212402343750
1876.7924              273.3484497070312500
1876.8771              273.6694641113281250
1876.9590              274.6448364257812500
1877.0438              275.4612121582031250
1877.1260              275.8306579589843750
1877.2054              275.6453857421875000
1877.2904              275.1327209472656250
1877.3726              274.3101196289062500
1877.4575              273.5331115722656250
1877.5397              273.4188842773437500
1877.6246              273.4314270019531250
1877.7096              273.4191284179687500
1877.7917              273.4506225585937500
1877.8767              273.8358459472656250
1877.9589              274.6589355468750000
1878.0438              275.4985046386718750
1878.1260              275.9212341308593750
1878.2054              275.7664184570312500
1878.2904              275.0918579101562500
1878.3726              274.2828979492187500
1878.4575              273.5329895019531250
1878.5397              273.3259582519531250
1878.6246              273.3684997558593750
1878.7096              273.4131774902343750
1878.7917              273.4820556640625000
1878.8767              273.8979187011718750
1878.9589              274.7284851074218750
1879.0438              275.5584106445312500
1879.1260              275.9886779785156250
1879.2054              275.8879394531250000
1879.2904              275.2155151367187500
1879.3726              274.3873291015625000
1879.4575              273.7247314453125000
1879.5397              273.4830322265625000
1879.6246              273.3287658691406250
1879.7096              273.3750610351562500
1879.7917              273.4393920898437500
1879.8767              273.8629150390625000
1879.9589              274.6406860351562500
1880.0437              275.2857971191406250
1880.1257              275.7660827636718750
1880.2076              275.7467956542968750
1880.2924              275.0217285156250000
1880.3743              274.2203979492187500
1880.4590              273.4950256347656250
1880.5410              273.3376770019531250
1880.6257              273.2534179687500000
1880.7103              273.3453979492187500
1880.7924              273.3746032714843750
1880.8771              273.6987915039062500
1880.9590              274.5769958496093750
1881.0438              275.3969421386718750
1881.1260              275.7910766601562500
1881.2054              275.7371826171875000
1881.2904              275.1217041015625000
1881.3726              274.0457763671875000
1881.4575              273.2358703613281250
1881.5397              273.1654357910156250
1881.6246              273.3074645996093750
1881.7096              273.3651428222656250
1881.7917              273.3268127441406250
1881.8767              273.4295043945312500
1881.9589              274.0025024414062500
1882.0438              274.7943420410156250
1882.1260              275.1556701660156250
1882.2054              275.0620727539062500
1882.2904              274.5346679687500000
1882.3726              273.7506713867187500
1882.4575              272.9185485839843750
1882.5397              272.0636291503906250
1882.6246              272.0719604492187500
1882.7096              272.2298889160156250
1882.7917              272.2026062011718750
1882.8767              272.4900512695312500
1882.9589              273.5578918457031250
1883.0438              274.6656799316406250
1883.1260              275.2328796386718750
1883.2054              275.1697387695312500
1883.2904              274.5987243652343750
1883.3726              273.8178710937500000
1883.4575              272.7721862792968750
1883.5397              272.8411254882812500
1883.6246              272.8113098144531250
1883.7096              272.7573852539062500
1883.7917              272.6186828613281250
1883.8767              272.9259338378906250
1883.9589              273.8453063964843750
1884.0437              274.8290405273437500
1884.1257              275.3622436523437500
1884.2076              275.2228698730468750
1884.2924              274.6396789550781250
1884.3743              273.7009582519531250
1884.4590              272.7073974609375000
1884.5410              272.3856201171875000
1884.6257              272.7449035644531250
1884.7103              272.8438415527343750
1884.7924              273.0165710449218750
1884.8771              273.2799987792968750
1884.9590              274.1209106445312500
1885.0438              274.8815612792968750
1885.1260              275.2829895019531250
1885.2054              275.2564086914062500
1885.2904              274.5816345214843750
1885.3726              273.8614196777343750
1885.4575              273.0179138183593750
1885.5397              273.2302551269531250
1885.6246              273.4088439941406250
1885.7096              273.4461975097656250
1885.7917              273.5226135253906250
1885.8767              273.9195861816406250
1885.9589              274.7470092773437500
1886.0438              275.5997924804687500
1886.1260              275.9969177246093750
1886.2054              275.8609619140625000
1886.2904              275.1758117675781250
1886.3726              274.2193603515625000
1886.4575              273.5167541503906250
1886.5397              273.3615112304687500
1886.6246              273.4759216308593750
1886.7096              273.4647827148437500
1886.7917              273.5018615722656250
1886.8767              273.8550109863281250
1886.9589              274.6721191406250000
1887.0438              275.5456542968750000
1887.1260              276.0433044433593750
1887.2054              275.9499816894531250
1887.2904              275.2633056640625000
1887.3726              274.2697753906250000
1887.4575              273.5468750000000000
1887.5397              273.3104248046875000
1887.6246              273.3658142089843750
1887.7096              273.4213867187500000
1887.7917              273.4595642089843750
1887.8767              273.8318176269531250
1887.9589              274.6896667480468750
1888.0437              275.5053710937500000
1888.1257              275.9610290527343750
1888.2076              275.8806457519531250
1888.2924              275.1790771484375000
1888.3743              274.3456420898437500
1888.4590              273.6323852539062500
1888.5410              273.3650817871093750
1888.6257              273.2435302734375000
1888.7103              273.2874450683593750
1888.7924              273.3852844238281250
1888.8771              273.6997680664062500
1888.9590              274.5968627929687500
1889.0438              275.5776977539062500
1889.1260              276.0133972167968750
1889.2054              275.8857116699218750
1889.2904              275.3364868164062500
1889.3726              274.3017883300781250
1889.4575              273.3830261230468750
1889.5397              273.2161865234375000
1889.6246              273.2258605957031250
1889.7096              273.2596435546875000
1889.7917              272.9519958496093750
1889.8767              272.8378906250000000
1889.9589              273.6468811035156250
1890.0438              274.6346435546875000
1890.1260              275.1916198730468750
1890.2054              275.1801147460937500
1890.2904              274.4881896972656250
1890.3726              273.4696655273437500
1890.4575              272.4553527832031250
1890.5397              272.0600280761718750
1890.6246              271.9421386718750000
1890.7096              271.8610839843750000
1890.7917              272.3018188476562500
1890.8767              272.8139343261718750
1890.9589              273.6972656250000000
1891.0438              274.5734863281250000
1891.1260              274.9793395996093750
1891.2054              275.0037536621093750
1891.2904              274.3485717773437500
1891.3726              273.5415649414062500
1891.4575              272.8773498535156250
1891.5397              273.1631774902343750
1891.6246              273.4186096191406250
1891.7096              273.4875488281250000
1891.7917              273.4943237304687500
1891.8767              273.5867004394531250
1891.9589              274.2962951660156250
1892.0437              275.1219482421875000
1892.1257              275.7382507324218750
1892.2076              275.6574401855468750
1892.2924              274.8726806640625000
1892.3743              274.0123901367187500
1892.4590              273.2055969238281250
1892.5410              273.2716064453125000
1892.6257              273.4491271972656250
1892.7103              273.5459289550781250
1892.7924              273.5713195800781250
1892.8771              273.8528137207031250
1892.9590              274.7156066894531250
1893.0438              275.4415893554687500
1893.1260              275.8597106933593750
1893.2054              275.8500671386718750
1893.2904              274.9929504394531250
1893.3726              274.1890869140625000
1893.4575              273.3740844726562500
1893.5397              273.4967651367187500
1893.6246              273.5399475097656250
1893.7096              273.5434265136718750
1893.7917              273.5901489257812500
1893.8767              274.0419006347656250
1893.9589              274.8880004882812500
1894.0438              275.6110534667968750
1894.1260              276.1100769042968750
1894.2054              275.9601135253906250
1894.2904              275.2860107421875000
1894.3726              274.4277343750000000
1894.4575              273.6384582519531250
1894.5397              273.3786926269531250
1894.6246              273.3367004394531250
1894.7096              273.4109191894531250
1894.7917              273.4747619628906250
1894.8767              273.9661560058593750
1894.9589              274.8986206054687500
1895.0438              275.7681884765625000
1895.1260              276.1938476562500000
1895.2054              276.0192871093750000
1895.2904              275.2601318359375000
1895.3726              274.3721618652343750
1895.4575              273.5975952148437500
1895.5397              273.4156494140625000
1895.6246              273.2484436035156250
1895.7096              273.2754211425781250
1895.7917              273.3783569335937500
1895.8767              273.7160644531250000
1895.9589              274.6170654296875000
1896.0437              275.6407775878906250
1896.1257              276.1271972656250000
1896.2076              275.9687500000000000
1896.2924              275.1858215332031250
1896.3743              274.2725830078125000
1896.4590              273.6091308593750000
1896.5410              273.4682006835937500
1896.6257              273.3280639648437500
1896.7103              273.4060058593750000
1896.7924              273.4678344726562500
1896.8771              273.8700866699218750
1896.9590              274.6975097656250000
1897.0438              275.6738891601562500
1897.1260              276.2456970214843750
1897.2054              276.1864624023437500
1897.2904              275.5501403808593750
1897.3726              274.7322998046875000
1897.4575              273.9798583984375000
1897.5397              273.5309143066406250
1897.6246              273.3367614746093750
1897.7096              273.3453979492187500
1897.7917              273.4175109863281250
1897.8767              273.8201904296875000
1897.9589              274.6851501464843750
1898.0438              275.6315917968750000
1898.1260              276.0889587402343750
1898.2054              276.0429687500000000
1898.2904              275.3692321777343750
1898.3726              274.4890441894531250
1898.4575              273.6659240722656250
1898.5397              273.4411315917968750
1898.6246              273.2345275878906250
1898.7096              273.1477050781250000
1898.7917              273.2378845214843750
1898.8767              273.7095642089843750
1898.9589              274.6986389160156250
1899.0438              275.5078125000000000
1899.1260              276.0920410156250000
1899.2054              276.1154174804687500
1899.2904              275.4069824218750000
1899.3726              274.5799255371093750
1899.4575              273.7055358886718750
1899.5397              273.4109497070312500
1899.6246              273.2407531738281250
1899.7096              273.1988220214843750
1899.7917              273.2872009277343750
1899.8767              273.7799072265625000
1899.9589              274.7266540527343750
1900.0438              275.5539245605468750
1900.1260              275.9576416015625000
1900.2054              275.7814025878906250
1900.2904              275.0290527343750000
1900.3726              274.1220397949218750
1900.4575              273.4473266601562500
1900.5397              273.3297424316406250
1900.6246              273.1708068847656250
1900.7096              273.2150878906250000
1900.7917              273.2620849609375000
1900.8767              273.6755676269531250
1900.9589              274.5366821289062500
1901.0438              275.3001708984375000
1901.1260              275.6257629394531250
1901.2054              275.4030151367187500
1901.2904              274.6050109863281250
1901.3726              273.5164184570312500
1901.4575              272.6310119628906250
1901.5397              272.2286987304687500
1901.6246              272.1467895507812500
1901.7096              271.9619750976562500
1901.7917              271.7425231933593750
1901.8767              272.0961303710937500
1901.9589              273.1364440917968750
1902.0438              274.2019958496093750
1902.1260              274.8617858886718750
1902.2054              274.7980346679687500
1902.2904              274.0484619140625000
1902.3726              273.1205749511718750
1902.4575              272.2468261718750000
1902.5397              272.5369873046875000
1902.6246              273.0224914550781250
1902.7096              273.1734313964843750
1902.7917              273.2225952148437500
1902.8767              273.5895080566406250
1902.9589              274.4578552246093750
1903.0438              275.3052368164062500
1903.1260              275.7632751464843750
1903.2054              275.7630920410156250
1903.2904              275.1340637207031250
1903.3726              274.2168884277343750
1903.4575              273.4413452148437500
1903.5397              273.2526550292968750
1903.6246              273.2545166015625000
1903.7096              273.2326049804687500
1903.7917              273.2612915039062500
1903.8767              273.6134338378906250
1903.9589              274.4470214843750000
1904.0437              275.2079162597656250
1904.1257              275.7561035156250000
1904.2076              275.8086547851562500
1904.2924              275.1832580566406250
1904.3743              274.2443542480468750
1904.4590              273.4175415039062500
1904.5410              273.2520141601562500
1904.6257              273.2930603027343750
1904.7103              273.2953491210937500
1904.7924              273.3387451171875000
1904.8771              273.6677551269531250
1904.9590              274.4815979003906250
1905.0438              275.2673645019531250
1905.1260              275.7160949707031250
1905.2054              275.5733032226562500
1905.2904              274.9401245117187500
1905.3726              274.1832580566406250
1905.4575              273.4595031738281250
1905.5397              272.8228759765625000
1905.6246              273.1812744140625000
1905.7096              273.2337036132812500
1905.7917              273.2605895996093750
1905.8767              273.5759887695312500
1905.9589              274.5006408691406250
1906.0438              275.3494873046875000
1906.1260              275.7225646972656250
1906.2054              275.6181030273437500
1906.2904              274.9339904785156250
1906.3726              274.1871643066406250
1906.4575              273.3060607910156250
1906.5397              273.2165527343750000
1906.6246              273.2253417968750000
1906.7096              273.2002563476562500
1906.7917              273.2747192382812500
1906.8767              273.6567382812500000
1906.9589              274.4836730957031250
1907.0438              275.4733581542968750
1907.1260              275.9691772460937500
1907.2054              275.9185791015625000
1907.2904              275.2304077148437500
1907.3726              274.4421386718750000
1907.4575              273.5487670898437500
1907.5397              273.2762756347656250
1907.6246              273.2797241210937500
1907.7096              273.3003234863281250
1907.7917              273.3325500488281250
1907.8767              273.7347106933593750
1907.9589              274.6467895507812500
1908.0437              275.5251464843750000
1908.1257              275.9269409179687500
1908.2076              275.8417358398437500
1908.2924              274.9380187988281250
1908.3743              274.0906982421875000
1908.4590              273.4586181640625000
1908.5410              273.3129272460937500
1908.6257              273.3180541992187500
1908.7103              273.3022460937500000
1908.7924              273.3576660156250000
1908.8771              273.8274230957031250
1908.9590              274.7945251464843750
1909.0438              275.5883178710937500
1909.1260              275.9385681152343750
1909.2054              275.8897705078125000
1909.2904              275.1814270019531250
1909.3726              274.4096679687500000
1909.4575              273.6746520996093750
1909.5397              273.3482360839843750
1909.6246              273.2251892089843750
1909.7096              273.2596740722656250
1909.7917              273.3577575683593750
1909.8767              273.7695922851562500
1909.9589              274.7340087890625000
1910.0438              275.5621643066406250
1910.1260              275.9182128906250000
1910.2054              275.8509521484375000
1910.2904              275.2142333984375000
1910.3726              274.3929748535156250
1910.4575              273.5497436523437500
1910.5397              273.3443298339843750
1910.6246              273.2124938964843750
1910.7096              273.2835998535156250
1910.7917              273.3977966308593750
1910.8767              273.8067321777343750
1910.9589              274.6342773437500000
1911.0438              275.4818420410156250
1911.1260              275.7843933105468750
1911.2054              275.7447814941406250
1911.2904              274.9886474609375000
1911.3726              274.0736389160156250
1911.4575              273.5280456542968750
1911.5397              273.3669738769531250
1911.6246              273.1731567382812500
1911.7096              273.1082153320312500
1911.7917              273.1677856445312500
1911.8767              273.6744079589843750
1911.9589              274.5360412597656250
1912.0437              275.4006347656250000
1912.1257              275.7464904785156250
1912.2076              275.6557006835937500
1912.2924              274.9631042480468750
1912.3743              273.8739624023437500
1912.4590              273.3430786132812500
1912.5410              273.1701049804687500
1912.6257              273.2306518554687500
1912.7103              273.2853698730468750
1912.7924              273.3260803222656250
1912.8771              273.4593200683593750
1912.9590              273.9463806152343750
1913.0438              274.5652770996093750
1913.1260              274.8629760742187500
1913.2054              274.7496643066406250
1913.2904              274.1108093261718750
1913.3726              273.3912658691406250
1913.4575              272.4382019042968750
1913.5397              271.8413391113281250
1913.6246              271.4952392578125000
1913.7096              271.3201904296875000
1913.7917              271.2961730957031250
1913.8767              271.5195617675781250
1913.9589              272.6172790527343750
1914.0438              273.7176513671875000
1914.1260              274.3448181152343750
1914.2054              274.3659057617187500
1914.2904              273.6183471679687500
1914.3726              272.5978698730468750
1914.4575              271.6369934082031250
1914.5397              271.3218688964843750
1914.6246              271.3427429199218750
1914.7096              271.2978820800781250
1914.7917              271.3287048339843750
1914.8767              271.7773132324218750
1914.9589              272.8317871093750000
1915.0438              273.8140258789062500
1915.1260              274.3884277343750000
1915.2054              274.3678283691406250
1915.2904              273.6864929199218750
1915.3726              272.8240051269531250
1915.4575              271.8747558593750000
1915.5397              271.5783081054687500
1915.6246              271.3007507324218750
1915.7096              271.3519897460937500
1915.7917              271.3244934082031250
1915.8767              271.6258544921875000
1915.9589              272.6191101074218750
1916.0437              273.8562622070312500
1916.1257              274.4598999023437500
1916.2076              274.3601989746093750
1916.2924              273.5913391113281250
1916.3743              272.7800292968750000
1916.4590              271.7729797363281250
1916.5410              271.3630676269531250
1916.6257              271.3355407714843750
1916.7103              271.3224792480468750
1916.7924              271.3687133789062500
1916.8771              271.7090454101562500
1916.9590              272.9239807128906250
1917.0438              274.0163269042968750
1917.1260              274.6539001464843750
1917.2054              274.7982177734375000
1917.2904              274.1798400878906250
1917.3726              273.4251708984375000
1917.4575              272.7451171875000000
1917.5397              272.8916625976562500
1917.6246              273.2809143066406250
1917.7096              273.3323364257812500
1917.7917              273.3298950195312500
1917.8767              273.6749572753906250
1917.9589              274.5646057128906250
1918.0438              275.1493225097656250
1918.1260              275.4904785156250000
1918.2054              275.3820495605468750
1918.2904              274.6799621582031250
1918.3726              273.9737854003906250
1918.4575              273.2338256835937500
1918.5397              273.3122253417968750
1918.6246              273.4558410644531250
1918.7096              273.4394836425781250
1918.7917              273.4360961914062500
1918.8767              273.7330932617187500
1918.9589              274.6268310546875000
1919.0438              275.4161071777343750
1919.1260              275.8489074707031250
1919.2054              275.6979675292968750
1919.2904              275.0682983398437500
1919.3726              274.2453918457031250
1919.4575              273.3530883789062500
1919.5397              273.4888000488281250
1919.6246              273.4620666503906250
1919.7096              273.4414367675781250
1919.7917              273.4914550781250000
1919.8767              273.8959045410156250
1919.9589              274.6556396484375000
1920.0437              275.5606994628906250
1920.1257              276.0038452148437500
1920.2076              275.8527526855468750
1920.2924              275.0869445800781250
1920.3743              274.2227478027343750
1920.4590              273.3803100585937500
1920.5410              273.4295654296875000
1920.6257              273.4611206054687500
1920.7103              273.4576416015625000
1920.7924              273.5048522949218750
1920.8771              273.9473266601562500
1920.9590              274.7324523925781250
1921.0438              275.6001586914062500
1921.1260              275.9423522949218750
1921.2054              275.8267211914062500
1921.2904              275.1057434082031250
1921.3726              274.2491760253906250
1921.4575              273.5760498046875000
1921.5397              273.3467407226562500
1921.6246              273.3799438476562500
1921.7096              273.4148254394531250
1921.7917              273.5006713867187500
1921.8767              273.9549255371093750
1921.9589              274.8696594238281250
1922.0438              275.6730957031250000
1922.1260              276.0732116699218750
1922.2054              276.0725402832031250
1922.2904              275.5080261230468750
1922.3726              274.6833496093750000
1922.4575              273.9541320800781250
1922.5397              273.5226440429687500
1922.6246              273.3630065917968750
1922.7096              273.2709350585937500
1922.7917              273.3727722167968750
1922.8767              273.8792724609375000
1922.9589              274.7612304687500000
1923.0438              275.6233825683593750
1923.1260              276.1719055175781250
1923.2054              276.0115661621093750
1923.2904              275.4489746093750000
1923.3726              274.7476196289062500
1923.4575              273.9912109375000000
1923.5397              273.5364685058593750
1923.6246              273.3462219238281250
1923.7096              273.2501831054687500
1923.7917              273.3163146972656250
1923.8767              273.7431335449218750
1923.9589              274.5662536621093750
1924.0437              275.3983764648437500
1924.1257              275.8772888183593750
1924.2076              275.9071655273437500
1924.2924              275.1660461425781250
1924.3743              274.4267272949218750
1924.4590              273.5416259765625000
1924.5410              273.2922058105468750
1924.6257              273.2906188964843750
1924.7103              273.3768920898437500
1924.7924              273.4306335449218750
1924.8771              273.6527099609375000
1924.9590              274.1408996582031250
1925.0438              274.8257751464843750
1925.1260              274.9165649414062500
1925.2054              274.6849060058593750
1925.2904              273.8383789062500000
1925.3726              272.9237670898437500
1925.4575              272.0335998535156250
1925.5397              271.6483154296875000
1925.6246              271.3301391601562500
1925.7096              271.2933349609375000
1925.7917              271.3039245605468750
1925.8767              271.6413879394531250
1925.9589              272.6156311035156250
1926.0438              273.6840820312500000
1926.1260              274.2700805664062500
1926.2054              274.3232421875000000
1926.2904              273.7965698242187500
1926.3726              272.9071044921875000
1926.4575              271.9844360351562500
1926.5397              271.3389282226562500
1926.6246              271.2997741699218750
1926.7096              271.3121948242187500
1926.7917              271.3073730468750000
1926.8767              271.4132080078125000
1926.9589              272.4414367675781250
1927.0438              273.5190429687500000
1927.1260              274.1749267578125000
1927.2054              274.2932128906250000
1927.2904              273.6413574218750000
1927.3726              272.6243286132812500
1927.4575              271.6948852539062500
1927.5397              271.3189086914062500
1927.6246              271.3052368164062500
1927.7096              271.2906494140625000
1927.7917              271.2925109863281250
1927.8767              271.3881225585937500
1927.9589              272.3433532714843750
1928.0437              273.3050842285156250
1928.1257              273.9376220703125000
1928.2076              274.1805419921875000
1928.2924              273.6188659667968750
1928.3743              272.6697387695312500
1928.4590              271.8241882324218750
1928.5410              271.4080200195312500
1928.6257              271.3712158203125000
1928.7103              271.6972961425781250
1928.7924              272.3568115234375000
1928.8771              272.8797912597656250
1928.9590              273.9238281250000000
1929.0438              274.9074707031250000
1929.1260              275.3730468750000000
1929.2054              275.2024230957031250
1929.2904              274.6252441406250000
1929.3726              273.8251342773437500
1929.4575              272.9631958007812500
1929.5397              273.0651245117187500
1929.6246              273.2008666992187500
1929.7096              273.2343750000000000
1929.7917              273.3352050781250000
1929.8767              273.6478576660156250
1929.9589              274.5322265625000000
1930.0438              275.4169006347656250
1930.1260              275.9594116210937500
1930.2054              276.0361328125000000
1930.2904              275.2985839843750000
1930.3726              274.4256591796875000
1930.4575              273.5885620117187500
1930.5397              273.3268127441406250
1930.6246              273.2151794433593750
1930.7096              273.2615966796875000
1930.7917              273.3329467773437500
1930.8767              273.6260375976562500
1930.9589              274.5968322753906250
1931.0438              275.5643615722656250
1931.1260              276.0914916992187500
1931.2054              275.9096374511718750
1931.2904              275.2473754882812500
1931.3726              274.1761169433593750
1931.4575              273.4429931640625000
1931.5397              273.2637939453125000
1931.6246              273.2190856933593750
1931.7096              273.2833251953125000
1931.7917              273.3556518554687500
1931.8767              273.7266540527343750
1931.9589              274.5721435546875000
1932.0437              275.6273498535156250
1932.1257              276.0969543457031250
1932.2076              275.8243103027343750
1932.2924              275.2347412109375000
1932.3743              274.2489624023437500
1932.4590              273.4373474121093750
1932.5410              273.2661132812500000
1932.6257              273.3555603027343750
1932.7103              273.4040222167968750
1932.7924              273.3985900878906250
1932.8771              273.6876831054687500
1932.9590              274.5184936523437500
1933.0438              275.3640747070312500
1933.1260              275.8385620117187500
1933.2054              275.7333068847656250
1933.2904              275.1140136718750000
1933.3726              274.2308349609375000
1933.4575              273.5225524902343750
1933.5397              273.2553100585937500
1933.6246              273.3433532714843750
1933.7096              273.4041442871093750
1933.7917              273.4519958496093750
1933.8767              273.8194274902343750
1933.9589              274.7733764648437500
1934.0438              275.5876159667968750
1934.1260              276.0031738281250000
1934.2054              275.8277587890625000
1934.2904              275.2585449218750000
1934.3726              274.4212341308593750
1934.4575              273.6351623535156250
1934.5397              273.0809936523437500
1934.6246              273.3039245605468750
1934.7096              273.3751525878906250
1934.7917              273.3822021484375000
1934.8767              273.6242675781250000
1934.9589              274.3692932128906250
1935.0438              275.2749938964843750
1935.1260              275.8420410156250000
1935.2054              275.7681579589843750
1935.2904              275.0057067871093750
1935.3726              274.1122436523437500
1935.4575              273.2608032226562500
1935.5397              273.3621520996093750
1935.6246              273.3631591796875000
1935.7096              273.3534240722656250
1935.7917              273.3830871582031250
1935.8767              273.6380920410156250
1935.9589              274.5056152343750000
1936.0437              275.3755493164062500
1936.1257              275.6510314941406250
1936.2076              275.6744384765625000
1936.2924              275.0330505371093750
1936.3743              274.2257080078125000
1936.4590              273.3143005371093750
1936.5410              273.0632324218750000
1936.6257              273.2527770996093750
1936.7103              273.2991943359375000
1936.7924              273.2453002929687500
1936.8771              273.4545288085937500
1936.9590              274.1253967285156250
1937.0438              274.8694458007812500
1937.1260              275.3095092773437500
1937.2054              275.3062133789062500
1937.2904              274.4252014160156250
1937.3726              273.4454345703125000
1937.4575              272.5984802246093750
1937.5397              272.2787475585937500
1937.6246              271.7748413085937500
1937.7096              271.5805969238281250
1937.7917              271.7815551757812500
1937.8767              272.5146789550781250
1937.9589              273.6123046875000000
1938.0438              274.5885314941406250
1938.1260              275.2043762207031250
1938.2054              275.2126464843750000
1938.2904              274.5607604980468750
1938.3726              273.6572265625000000
1938.4575              272.7660522460937500
1938.5397              272.2202148437500000
1938.6246              272.6919250488281250
1938.7096              273.0633239746093750
1938.7917              273.3025207519531250
1938.8767              273.7490844726562500
1938.9589              274.5166625976562500
1939.0438              275.3053588867187500
1939.1260              275.6615905761718750
1939.2054              275.5225524902343750
1939.2904              274.6333007812500000
1939.3726              273.7648925781250000
1939.4575              273.1261291503906250
1939.5397              272.9542236328125000
1939.6246              273.1087951660156250
1939.7096              273.2872619628906250
1939.7917              273.3354187011718750
1939.8767              273.6834716796875000
1939.9589              274.6675415039062500
1940.0437              275.4241027832031250
1940.1257              275.8242797851562500
1940.2076              275.7864074707031250
1940.2924              275.0234680175781250
1940.3743              273.9992370605468750
1940.4590              273.2981567382812500
1940.5410              273.2496032714843750
1940.6257              273.3528442382812500
1940.7103              273.3889160156250000
1940.7924              273.4096679687500000
1940.8771              273.7473754882812500
1940.9590              274.5873107910156250
1941.0438              275.3853149414062500
1941.1260              275.8010864257812500
1941.2054              275.7304687500000000
1941.2904              275.0068969726562500
1941.3726              273.9119873046875000
1941.4575              273.4237670898437500
1941.5397              273.2980957031250000
1941.6246              273.2957458496093750
1941.7096              273.3381347656250000
1941.7917              273.3920898437500000
1941.8767              273.8424377441406250
1941.9589              274.7681884765625000
1942.0438              275.7807312011718750
1942.1260              276.0885620117187500
1942.2054              275.9252929687500000
1942.2904              275.2457885742187500
1942.3726              274.6970520019531250
1942.4575              273.8060913085937500
1942.5397              273.2516174316406250
1942.6246              273.2042846679687500
1942.7096              273.2931518554687500
1942.7917              273.3813171386718750
1942.8767              273.7453308105468750
1942.9589              274.6974792480468750
1943.0438              275.6184997558593750
1943.1260              276.0728149414062500
1943.2054              276.0118408203125000
1943.2904              275.3799133300781250
1943.3726              274.4460754394531250
1943.4575              273.6503601074218750
1943.5397              273.4069519042968750
1943.6246              273.2365112304687500
1943.7096              273.2760620117187500
1943.7917              273.3826904296875000
1943.8767              273.7676391601562500
1943.9589              274.6287536621093750
1944.0437              275.5275268554687500
1944.1257              275.9166870117187500
1944.2076              275.9956359863281250
1944.2924              275.1118164062500000
1944.3743              274.1958312988281250
1944.4590              273.4653015136718750
1944.5410              273.3133544921875000
1944.6257              273.2622375488281250
1944.7103              273.3478393554687500
1944.7924              273.3630981445312500
1944.8771              273.5672607421875000
1944.9590              274.2121276855468750
1945.0438              274.9375915527343750
1945.1260              275.4714050292968750
1945.2054              275.3767089843750000
1945.2904              274.7554321289062500
1945.3726              273.8489685058593750
1945.4575              272.7023620605468750
1945.5397              271.9734802246093750
1945.6246              271.4587707519531250
1945.7096              271.3327331542968750
1945.7917              271.3023681640625000
1945.8767              271.7059020996093750
1945.9589              272.7945556640625000
1946.0438              273.8832397460937500
1946.1260              274.5914306640625000
1946.2054              274.5302124023437500
1946.2904              273.7199707031250000
1946.3726              272.9718322753906250
1946.4575              271.9696960449218750
1946.5397              271.3634033203125000
1946.6246              271.2969970703125000
1946.7096              271.3397216796875000
1946.7917              271.3418884277343750
1946.8767              271.9367065429687500
1946.9589              273.0675048828125000
1947.0438              274.1936950683593750
1947.1260              274.7348327636718750
1947.2054              274.6595153808593750
1947.2904              274.1371765136718750
1947.3726              273.3681640625000000
1947.4575              272.6368408203125000
1947.5397              271.9153747558593750
1947.6246              272.0148315429687500
1947.7096              271.9105224609375000
1947.7917              272.1482849121093750
1947.8767              272.5708007812500000
1947.9589              273.4912414550781250
1948.0437              274.5332336425781250
1948.1257              274.9540710449218750
1948.2076              274.7809753417968750
1948.2924              274.0566406250000000
1948.3743              273.2239990234375000
1948.4590              272.5142211914062500
1948.5410              273.0838623046875000
1948.6257              273.5609741210937500
1948.7103              273.6312255859375000
1948.7924              273.6290893554687500
1948.8771              273.7888488769531250
1948.9590              274.5547790527343750
1949.0438              275.4073181152343750
1949.1260              275.9216308593750000
1949.2054              275.9934387207031250
1949.2904              275.1200561523437500
1949.3726              274.0473632812500000
1949.4575              273.5079345703125000
1949.5397              273.4914245605468750
1949.6246              273.4950256347656250
1949.7096              273.5066528320312500
1949.7917              273.5458984375000000
1949.8767              273.9757995605468750
1949.9589              274.7864990234375000
1950.0438              275.6170959472656250
1950.1260              276.2079467773437500
1950.2054              276.0810546875000000
1950.2904              275.4557189941406250
1950.3726              274.6956787109375000
1950.4575              273.6318359375000000
1950.5397              273.4312133789062500
1950.6246              273.4731445312500000
1950.7096              273.4747314453125000
1950.7917              273.5125427246093750
1950.8767              273.8960571289062500
1950.9589              274.7834167480468750
1951.0438              275.6569824218750000
1951.1260              276.1854858398437500
1951.2054              276.1713867187500000
1951.2904              275.3757629394531250
1951.3726              274.4663085937500000
1951.4575              273.5973815917968750
1951.5397              273.3470153808593750
1951.6246              273.4137573242187500
1951.7096              273.4832763671875000
1951.7917              273.5513610839843750
1951.8767              274.0164489746093750
1951.9589              274.8711547851562500
1952.0437              275.6553649902343750
1952.1257              275.9728393554687500
1952.2076              275.6687316894531250
1952.2924              274.7739562988281250
1952.3743              273.8752136230468750
1952.4590              273.2442932128906250
1952.5410              273.4288024902343750
1952.6257              273.5058593750000000
1952.7103              273.5119934082031250
1952.7924              273.5301208496093750
1952.8771              273.7898254394531250
1952.9590              274.6253967285156250
1953.0438              275.4159851074218750
1953.1260              275.9176330566406250
1953.2054              275.9357910156250000
1953.2904              275.2575378417968750
1953.3726              274.2874450683593750
1953.4575              273.6023254394531250
1953.5397              273.3475341796875000
1953.6246              273.3114013671875000
1953.7096              273.3695983886718750
1953.7917              273.4202880859375000
1953.8767              273.7793579101562500
1953.9589              274.6984252929687500
1954.0438              275.5390930175781250
1954.1260              276.0555725097656250
1954.2054              275.9005126953125000
1954.2904              275.1854858398437500
1954.3726              274.4734497070312500
1954.4575              273.8183593750000000
1954.5397              273.2525939941406250
1954.6246              273.2102050781250000
1954.7096              273.3011474609375000
1954.7917              273.4470520019531250
1954.8767              273.8234863281250000
1954.9589              274.6925354003906250
1955.0438              275.4731140136718750
1955.1260              275.7306518554687500
1955.2054              275.6539916992187500
1955.2904              274.8965148925781250
1955.3726              274.0597534179687500
1955.4575              273.1958618164062500
1955.5397              273.1985168457031250
1955.6246              273.3390197753906250
1955.7096              273.4412536621093750
1955.7917              273.4719543457031250
1955.8767              273.7857971191406250
1955.9589              274.6878356933593750
1956.0437              275.5411071777343750
1956.1257              276.0065307617187500
1956.2076              276.1086120605468750
1956.2924              275.2677001953125000
1956.3743              274.3119812011718750
1956.4590              273.3871459960937500
1956.5410              273.2641906738281250
1956.6257              273.3412170410156250
1956.7103              273.4042358398437500
1956.7924              273.4671936035156250
1956.8771              273.8005981445312500
1956.9590              274.4899291992187500
1957.0438              275.3686523437500000
1957.1260              275.8866882324218750
1957.2054              275.7027587890625000
1957.2904              275.0816040039062500
1957.3726              274.2188720703125000
1957.4575              273.5321655273437500
1957.5397              273.2929992675781250
1957.6246              273.3781738281250000
1957.7096              273.4613342285156250
1957.7917              273.4532775878906250
1957.8767              273.8235778808593750
1957.9589              274.6012573242187500
1958.0438              275.4031372070312500
1958.1260              275.8851928710937500
1958.2054              275.9312133789062500
1958.2904              275.1790161132812500
1958.3726              273.9179687500000000
1958.4575              273.1602478027343750
1958.5397              273.2311096191406250
1958.6246              273.4086608886718750
1958.7096              273.4602661132812500
1958.7917              273.4814147949218750
1958.8767              273.8168029785156250
1958.9589              274.6655273437500000
1959.0438              275.6569213867187500
1959.1260              276.0283508300781250
1959.2054              275.8562316894531250
1959.2904              275.0140991210937500
1959.3726              274.0739135742187500
1959.4575              273.4329528808593750
1959.5397              273.3114929199218750
1959.6246              273.4125366210937500
1959.7096              273.4436340332031250
1959.7917              273.5188903808593750
1959.8767              273.9143676757812500
1959.9589              274.8451232910156250
1960.0437              275.7126464843750000
1960.1257              276.2311096191406250
1960.2076              276.0950012207031250
1960.2924              275.4713134765625000
1960.3743              274.3645935058593750
1960.4590              273.5483093261718750
1960.5410              273.3556823730468750
1960.6257              273.3784179687500000
1960.7103              273.4045410156250000
1960.7924              273.4616699218750000
1960.8771              273.8925476074218750
1960.9590              274.7362365722656250
1961.0438              275.7004089355468750
1961.1260              276.1636047363281250
1961.2054              275.9768371582031250
1961.2904              275.2036743164062500
1961.3726              274.3035278320312500
1961.4575              273.6184387207031250
1961.5397              273.4688110351562500
1961.6246              273.3389587402343750
1961.7096              273.2688293457031250
1961.7917              273.3557739257812500
1961.8767              273.8497924804687500
1961.9589              274.8421325683593750
1962.0438              275.8443603515625000
1962.1260              276.4105529785156250
1962.2054              276.2103271484375000
1962.2904              275.4868164062500000
1962.3726              274.6803283691406250
1962.4575              273.7762451171875000
1962.5397              273.5195617675781250
1962.6246              273.3341674804687500
1962.7096              273.3071289062500000
1962.7917              273.3589172363281250
1962.8767              273.8079223632812500
1962.9589              274.7922363281250000
1963.0438              275.5962829589843750
1963.1260              276.0673828125000000
1963.2054              276.0235290527343750
1963.2904              275.2872924804687500
1963.3726              274.4439086914062500
1963.4575              273.7067260742187500
1963.5397              273.4915771484375000
1963.6246              273.3293457031250000
1963.7096              273.2418823242187500
1963.7917              273.3111877441406250
1963.8767              273.7310791015625000
1963.9589              274.5166931152343750
1964.0437              275.5332641601562500
1964.1257              276.1351928710937500
1964.2076              275.9360351562500000
1964.2924              274.9545288085937500
1964.3743              274.1510925292968750
1964.4590              273.2550354003906250
1964.5410              273.0785827636718750
1964.6257              273.0382385253906250
1964.7103              271.8603515625000000
1964.7924              271.5791931152343750
1964.8771              271.9228515625000000
1964.9590              272.9164428710937500
1965.0438              273.8442382812500000
1965.1260              274.5242004394531250
1965.2054              274.4423828125000000
1965.2904              274.0714416503906250
1965.3726              273.2940368652343750
1965.4575              272.1271057128906250
1965.5397              271.3589782714843750
1965.6246              271.3175354003906250
1965.7096              271.3074645996093750
1965.7917              271.2943115234375000
1965.8767              271.6867675781250000
1965.9589              272.6824951171875000
1966.0438              273.7633666992187500
1966.1260              274.4232788085937500
1966.2054              274.5117797851562500
1966.2904              274.0148010253906250
1966.3726              272.9361877441406250
1966.4575              271.9076232910156250
1966.5397              271.4205627441406250
1966.6246              271.3038940429687500
1966.7096              271.3039245605468750
1966.7917              271.2960205078125000
1966.8767              271.6345520019531250
1966.9589              272.6116943359375000
1967.0438              273.6875915527343750
1967.1260              274.2596435546875000
1967.2054              274.4745788574218750
1967.2904              273.9221801757812500
1967.3726              272.9415283203125000
1967.4575              271.5381164550781250
1967.5397              271.3166503906250000
1967.6246              271.3099365234375000
1967.7096              271.3631286621093750
1967.7917              271.4303894042968750
1967.8767              272.1241149902343750
1967.9589              273.2983093261718750
1968.0437              274.2960205078125000
1968.1257              274.7011413574218750
1968.2076              274.7189331054687500
1968.2924              274.1938476562500000
1968.3743              273.4769287109375000
1968.4590              272.5968322753906250
1968.5410              272.9072570800781250
1968.6257              273.4107971191406250
1968.7103              273.4553527832031250
1968.7924              273.4420776367187500
1968.8771              273.8240051269531250
1968.9590              274.5973510742187500
1969.0438              275.3713073730468750
1969.1260              275.9189758300781250
1969.2054              275.7433166503906250
1969.2904              274.8915100097656250
1969.3726              274.0983581542968750
1969.4575              273.3964233398437500
1969.5397              273.3570861816406250
1969.6246              273.3607177734375000
1969.7096              273.3501892089843750
1969.7917              273.4034118652343750
1969.8767              273.9230041503906250
1969.9589              274.8484191894531250
1970.0438              275.7183532714843750
1970.1260              276.0404357910156250
1970.2054              275.9952392578125000
1970.2904              275.2754516601562500
1970.3726              274.4107971191406250
1970.4575              273.7315368652343750
1970.5397              273.4711608886718750
1970.6246              273.3240661621093750
1970.7096              273.3109741210937500
1970.7917              273.4096374511718750
1970.8767              273.9524841308593750
1970.9589              274.7421569824218750
1971.0438              275.5877990722656250
1971.1260              276.0945739746093750
1971.2054              276.1011047363281250
1971.2904              275.4102783203125000
1971.3726              274.4094848632812500
1971.4575              273.6684875488281250
1971.5397              273.5097656250000000
1971.6246              273.3896179199218750
1971.7096              273.3299865722656250
1971.7917              273.3930358886718750
1971.8767              273.8610534667968750
1971.9589              274.7655029296875000
1972.0437              275.7365722656250000
1972.1257              276.1324768066406250
1972.2076              275.9635620117187500
1972.2924              275.2466735839843750
1972.3743              274.2888793945312500
1972.4590              273.6659851074218750
1972.5410              273.5168151855468750
1972.6257              273.3781127929687500
1972.7103              273.4053649902343750
1972.7924              273.4897155761718750
1972.8771              273.8566589355468750
1972.9590              274.8409118652343750
1973.0438              275.5603332519531250
1973.1260              276.0472717285156250
1973.2054              275.9389953613281250
1973.2904              275.2156372070312500
1973.3726              274.2791137695312500
1973.4575              273.6298828125000000
1973.5397              273.4331970214843750
1973.6246              273.4398193359375000
1973.7096              273.4437866210937500
1973.7917              273.4672546386718750
1973.8767              273.8449707031250000
1973.9589              274.7743835449218750
1974.0438              275.5927429199218750
1974.1260              275.9893188476562500
1974.2054              275.9795837402343750
1974.2904              275.1543579101562500
1974.3726              274.1142578125000000
1974.4575              273.6102905273437500
1974.5397              273.4471130371093750
1974.6246              273.3177490234375000
1974.7096              273.3721923828125000
1974.7917              273.4814147949218750
1974.8767              273.8797607421875000
1974.9589              274.7751159667968750
1975.0438              275.5774841308593750
1975.1260              276.0231628417968750
1975.2054              275.9274597167968750
1975.2904              275.2315979003906250
1975.3726              274.4426879882812500
1975.4575              273.7580261230468750
1975.5397              273.4977722167968750
1975.6246              273.2912902832031250
1975.7096              273.2276000976562500
1975.7917              273.3547668457031250
1975.8767              273.7520751953125000
1975.9589              274.6356506347656250
1976.0437              275.3565979003906250
1976.1257              275.6184692382812500
1976.2076              275.6930236816406250
1976.2924              274.9990844726562500
1976.3743              274.1440734863281250
1976.4590              273.3090515136718750
1976.5410              273.1887512207031250
1976.6257              273.2673034667968750
1976.7103              273.3476562500000000
1976.7924              273.3540954589843750
1976.8771              273.5161743164062500
1976.9590              274.1602478027343750
1977.0438              274.8619995117187500
1977.1260              275.1445922851562500
1977.2054              274.9919128417968750
1977.2904              274.1943054199218750
1977.3726              273.4327697753906250
1977.4575              272.3567199707031250
1977.5397              271.8865051269531250
1977.6246              271.3952026367187500
1977.7096              271.3187561035156250
1977.7917              271.3958740234375000
1977.8767              272.0312194824218750
1977.9589              273.0468444824218750
1978.0438              274.0948181152343750
1978.1260              274.8031005859375000
1978.2054              274.8669738769531250
1978.2904              274.4483032226562500
1978.3726              273.4017639160156250
1978.4575              272.3727111816406250
1978.5397              271.5614318847656250
1978.6246              271.4088745117187500
1978.7096              271.5176391601562500
1978.7917              271.5046691894531250
1978.8767              271.9333190917968750
1978.9589              273.0768127441406250
1979.0438              274.2406921386718750
1979.1260              274.8071289062500000
1979.2054              274.9980163574218750
1979.2904              274.3209838867187500
1979.3726              273.2898864746093750
1979.4575              272.1538085937500000
1979.5397              271.4798278808593750
1979.6246              271.8992004394531250
1979.7096              272.2837219238281250
1979.7917              272.3256530761718750
1979.8767              272.6461181640625000
1979.9589              273.6618347167968750
1980.0437              274.7702636718750000
1980.1257              275.2659912109375000
1980.2076              275.1523742675781250
1980.2924              274.4736328125000000
1980.3743              273.5768432617187500
1980.4590              272.6594848632812500
1980.5410              272.5556945800781250
1980.6257              272.7848205566406250
1980.7103              273.0672912597656250
1980.7924              273.2972412109375000
1980.8771              273.6594238281250000
1980.9590              274.4870910644531250
1981.0438              275.3640441894531250
1981.1260              275.7560729980468750
1981.2054              275.8004150390625000
1981.2904              275.0908813476562500
1981.3726              274.3214721679687500
1981.4575              273.4302062988281250
1981.5397              273.4900512695312500
1981.6246              273.5321655273437500
1981.7096              273.5329589843750000
1981.7917              273.5586547851562500
1981.8767              273.8591003417968750
1981.9589              274.7647399902343750
1982.0438              275.7642211914062500
1982.1260              276.1469726562500000
1982.2054              276.0838928222656250
1982.2904              275.4208984375000000
1982.3726              274.7689819335937500
1982.4575              273.7775878906250000
1982.5397              273.4342651367187500
1982.6246              273.4765625000000000
1982.7096              273.5076904296875000
1982.7917              273.5151977539062500
1982.8767              273.8610229492187500
1982.9589              274.5576171875000000
1983.0438              275.4913330078125000
1983.1260              275.8973999023437500
1983.2054              275.7823181152343750
1983.2904              275.1331176757812500
1983.3726              274.2526855468750000
1983.4575              273.3994445800781250
1983.5397              273.3211669921875000
1983.6246              273.4666137695312500
1983.7096              273.5084533691406250
1983.7917              273.5540466308593750
1983.8767              273.8208312988281250
1983.9589              274.6727905273437500
1984.0437              275.5367126464843750
1984.1257              275.7691650390625000
1984.2076              275.6020202636718750
1984.2924              274.7351684570312500
1984.3743              273.9335937500000000
1984.4590              273.2333068847656250
1984.5410              273.3854064941406250
1984.6257              273.5303344726562500
1984.7103              273.5465087890625000
1984.7924              273.5762634277343750
1984.8771              273.9057617187500000
1984.9590              274.6569519042968750
1985.0438              275.3390502929687500
1985.1260              275.8440856933593750
1985.2054              275.8417358398437500
1985.2904              274.9623413085937500
1985.3726              274.0076904296875000
1985.4575              273.3441467285156250
1985.5397              273.4557800292968750
1985.6246              273.5783081054687500
1985.7096              273.5782165527343750
1985.7917              273.6177062988281250
1985.8767              273.9229736328125000
1985.9589              274.8476867675781250
1986.0438              275.7806701660156250
1986.1260              275.8980407714843750
1986.2054              275.8234863281250000
1986.2904              275.1287841796875000
1986.3726              274.3153686523437500
1986.4575              273.3949279785156250
1986.5397              273.5155944824218750
1986.6246              273.6363830566406250
1986.7096              273.6524353027343750
1986.7917              273.6735229492187500
1986.8767              274.0211181640625000
1986.9589              274.9731140136718750
1987.0438              275.6998291015625000
1987.1260              276.0473937988281250
1987.2054              275.9693908691406250
1987.2904              275.2480468750000000
1987.3726              274.2318115234375000
1987.4575              273.4616699218750000
1987.5397              273.5034179687500000
1987.6246              273.5912170410156250
1987.7096              273.6212463378906250
1987.7917              273.6553039550781250
1987.8767              274.0128479003906250
1987.9589              274.8755493164062500
1988.0437              275.8439941406250000
1988.1257              276.2864074707031250
1988.2076              276.2131347656250000
1988.2924              275.3998107910156250
1988.3743              274.5711669921875000
1988.4590              273.7762756347656250
1988.5410              273.5011291503906250
1988.6257              273.5305175781250000
1988.7103              273.5521545410156250
1988.7924              273.6008300781250000
1988.8771              274.0264892578125000
1988.9590              275.0789794921875000
1989.0438              275.8951416015625000
1989.1260              276.3440551757812500
1989.2054              276.1395263671875000
1989.2904              275.3467407226562500
1989.3726              274.4140625000000000
1989.4575              273.7836608886718750
1989.5397              273.5437011718750000
1989.6246              273.4381408691406250
1989.7096              273.4910278320312500
1989.7917              273.5347595214843750
1989.8767              273.9458923339843750
1989.9589              274.8663940429687500
1990.0438              275.7210083007812500
1990.1260              276.2273559570312500
1990.2054              276.0986328125000000
1990.2904              275.3553466796875000
1990.3726              274.5027770996093750
1990.4575              273.7584533691406250
1990.5397              273.5350341796875000
1990.6246              273.3782043457031250
1990.7096              273.4111328125000000
1990.7917              273.5315856933593750
1990.8767              274.0406188964843750
1990.9589              274.9020690917968750
1991.0438              275.6606140136718750
1991.1260              276.0413513183593750
1991.2054              275.9216308593750000
1991.2904              275.2343444824218750
1991.3726              274.4729614257812500
1991.4575              273.7139587402343750
1991.5397              273.5839538574218750
1991.6246              273.4501342773437500
1991.7096              273.4092102050781250
1991.7917              273.5004882812500000
1991.8767              273.9915771484375000
1991.9589              274.8134765625000000
1992.0437              275.7929382324218750
1992.1257              276.2793579101562500
1992.2076              276.1901245117187500
1992.2924              275.4053649902343750
1992.3743              274.6597290039062500
1992.4590              273.8195800781250000
1992.5410              273.4891967773437500
1992.6257              273.5429077148437500
1992.7103              273.4480590820312500
1992.7924              273.5263366699218750
1992.8771              273.9672546386718750
1992.9590              274.8537597656250000
1993.0438              275.6509704589843750
1993.1260              276.2119140625000000
1993.2054              276.0416870117187500
1993.2904              275.5065002441406250
1993.3726              274.5863037109375000
1993.4575              273.8912658691406250
1993.5397              273.7065429687500000
1993.6246              273.5577392578125000
1993.7096              273.4587707519531250
1993.7917              273.5182495117187500
1993.8767              274.0539245605468750
1993.9589              274.9525146484375000
1994.0438              275.6305236816406250
1994.1260              275.9450683593750000
1994.2054              275.9252929687500000
1994.2904              275.2841491699218750
1994.3726              274.3865356445312500
1994.4575              273.7720642089843750
1994.5397              273.6139831542968750
1994.6246              273.5358886718750000
1994.7096              273.4599609375000000
1994.7917              273.5327453613281250
1994.8767              274.0436401367187500
1994.9589              274.9460144042968750
1995.0438              275.7336120605468750
1995.1260              276.0862121582031250
1995.2054              276.0201110839843750
1995.2904              275.2988281250000000
1995.3726              274.5263671875000000
1995.4575              273.8841552734375000
1995.5397              273.6296997070312500
1995.6246              273.5544128417968750
1995.7096              273.4489746093750000
1995.7917              273.4649658203125000
1995.8767              273.8987121582031250
1995.9589              274.7293701171875000
1996.0437              275.5706481933593750
1996.1257              275.8721313476562500
1996.2076              275.6196899414062500
1996.2924              274.8961181640625000
1996.3743              274.1190490722656250
1996.4590              273.4503784179687500
1996.5410              273.2914733886718750
1996.6257              273.3076782226562500
1996.7103              273.2610473632812500
1996.7924              272.8782348632812500
1996.8771              272.5895690917968750
1996.9590              273.2943725585937500
1997.0438              274.0899047851562500
1997.1260              274.6045227050781250
1997.2054              274.6082458496093750
1997.2904              273.9561462402343750
1997.3726              273.0142822265625000
1997.4575              271.8804931640625000
1997.5397              271.3204040527343750
1997.6246              271.3134460449218750
1997.7096              271.2959594726562500
1997.7917              271.3499145507812500
1997.8767              271.6682434082031250
1997.9589              272.7790222167968750
1998.0438              273.7909851074218750
1998.1260              274.3275451660156250
1998.2054              274.3749694824218750
1998.2904              273.9342651367187500
1998.3726              273.2893981933593750
1998.4575              272.3390808105468750
1998.5397              271.3853149414062500
1998.6246              271.3422851562500000
1998.7096              271.3123474121093750
1998.7917              271.3311157226562500
1998.8767              271.5166625976562500
1998.9589              272.6886901855468750
1999.0438              273.6622924804687500
1999.1260              274.2407836914062500
1999.2054              274.3779907226562500
1999.2904              273.7526245117187500
1999.3726              273.0046386718750000
1999.4575              272.0053100585937500
1999.5397              271.7039184570312500
1999.6246              271.3482055664062500
1999.7096              272.3753051757812500
1999.7917              273.1299438476562500
1999.8767              273.3462219238281250
1999.9589              274.1662292480468750
2000.0437              274.9435729980468750
2000.1257              275.3914184570312500
2000.2076              275.3037109375000000
2000.2924              274.6574401855468750
2000.3743              273.8606872558593750
2000.4590              273.2367248535156250
2000.5410              273.4698181152343750
2000.6257              273.5297546386718750
2000.7103              273.5460815429687500
2000.7924              273.5624084472656250
2000.8771              273.8923950195312500
2000.9590              274.7592468261718750
