1860.0437              271.3084106445312500
1860.1284              271.5969238281250000
1860.2076              271.7962646484375000
1860.2924              271.5302124023437500
1860.3743              271.3802185058593750
1860.4590              271.3149719238281250
1860.5410              271.2965087890625000
1860.6257              271.2977294921875000
1860.7103              271.2957458496093750
1860.7924              271.2805175781250000
1860.8771              271.2792358398437500
1860.9590              271.5753173828125000
1861.0438              272.0199584960937500
1861.1288              272.4801330566406250
1861.2054              272.6226501464843750
1861.2904              272.3768615722656250
1861.3726              271.8461303710937500
1861.4575              271.6073608398437500
1861.5397              271.4183959960937500
1861.6246              271.4083557128906250
1861.7096              271.3068542480468750
1861.7917              271.2720031738281250
1861.8767              271.3356018066406250
1861.9589              271.3489379882812500
1862.0438              271.5180664062500000
1862.1288              272.1200256347656250
1862.2054              272.3842163085937500
1862.2904              272.1244201660156250
1862.3726              271.6558227539062500
1862.4575              271.4206848144531250
1862.5397              271.3570556640625000
1862.6246              271.2743225097656250
1862.7096              271.2913513183593750
1862.7917              271.3150634765625000
1862.8767              271.2898254394531250
1862.9589              271.2933044433593750
1863.0438              271.5618896484375000
1863.1288              272.1210937500000000
1863.2054              272.1653747558593750
1863.2904              271.8652343750000000
1863.3726              271.5548095703125000
1863.4575              271.3536682128906250
1863.5397              271.2994079589843750
1863.6246              271.2949829101562500
1863.7096              271.3465576171875000
1863.7917              272.5690002441406250
1863.8767              272.3709716796875000
1863.9589              272.3881225585937500
1864.0437              273.1469116210937500
1864.1284              273.5283203125000000
1864.2076              273.5768432617187500
1864.2924              273.2048645019531250
1864.3743              272.3294982910156250
1864.4590              271.5861816406250000
1864.5410              271.4676513671875000
1864.6257              271.4258422851562500
1864.7103              271.3107604980468750
1864.7924              271.2781066894531250
1864.8771              271.2797546386718750
1864.9590              271.3219909667968750
1865.0438              271.6833496093750000
1865.1288              272.3167724609375000
1865.2054              272.4996948242187500
1865.2904              272.1257019042968750
1865.3726              271.6677551269531250
1865.4575              271.4859008789062500
1865.5397              271.3729553222656250
1865.6246              271.3178710937500000
1865.7096              271.3112182617187500
1865.7917              271.3074951171875000
1865.8767              271.2817382812500000
1865.9589              271.2969970703125000
1866.0438              271.7366333007812500
1866.1288              272.4193420410156250
1866.2054              272.6334838867187500
1866.2904              272.3936767578125000
1866.3726              271.9997558593750000
1866.4575              271.7037658691406250
1866.5397              271.4316711425781250
1866.6246              271.3742980957031250
1866.7096              271.2887268066406250
1866.7917              271.3558654785156250
1866.8767              271.3609008789062500
1866.9589              271.5317993164062500
1867.0438              272.3716125488281250
1867.1288              272.9521484375000000
1867.2054              273.1157531738281250
1867.2904              272.8006591796875000
1867.3726              272.0984191894531250
1867.4575              271.6900329589843750
1867.5397              271.4332885742187500
1867.6246              271.4006347656250000
1867.7096              271.2949829101562500
1867.7917              271.3524169921875000
1867.8767              271.2839660644531250
1867.9589              271.3536071777343750
1868.0437              272.0638122558593750
1868.1284              272.7472839355468750
1868.2076              272.8233947753906250
1868.2924              272.5745544433593750
1868.3743              272.0932922363281250
1868.4590              271.6340942382812500
1868.5410              271.4204101562500000
1868.6257              271.3595581054687500
1868.7103              271.2958984375000000
1868.7924              271.2795715332031250
1868.8771              271.2848205566406250
1868.9590              271.3722229003906250
1869.0438              272.2159118652343750
1869.1288              272.9732360839843750
1869.2054              273.1196289062500000
1869.2904              272.8196411132812500
1869.3726              272.2373046875000000
1869.4575              271.5222473144531250
1869.5397              271.3352966308593750
1869.6246              271.3156127929687500
1869.7096              271.3134460449218750
1869.7917              271.3529968261718750
1869.8767              271.6233520507812500
1869.9589              272.4944152832031250
1870.0438              273.4074707031250000
1870.1288              274.0100097656250000
1870.2054              274.1176147460937500
1870.2904              273.6367492675781250
1870.3726              272.9555358886718750
1870.4575              272.3370361328125000
1870.5397              271.7740783691406250
1870.6246              271.4462890625000000
1870.7096              271.3374633789062500
1870.7917              271.2948913574218750
1870.8767              271.3208923339843750
1870.9589              271.8490295410156250
1871.0438              273.0004272460937500
1871.1288              273.6958923339843750
1871.2054              273.8645324707031250
1871.2904              273.3877258300781250
1871.3726              272.8807983398437500
1871.4575              272.3253173828125000
1871.5397              271.5552062988281250
1871.6246              271.3041381835937500
1871.7096              271.3188171386718750
1871.7917              271.2984619140625000
1871.8767              271.3096008300781250
1871.9589              271.6864318847656250
1872.0437              272.5634155273437500
1872.1284              273.2249145507812500
1872.2076              273.2465820312500000
1872.2924              272.9015502929687500
1872.3743              272.3564453125000000
1872.4590              271.8015747070312500
1872.5410              271.4301147460937500
1872.6257              271.3292541503906250
1872.7103              271.2830810546875000
1872.7924              271.3468017578125000
1872.8771              271.3198852539062500
1872.9590              271.6760253906250000
1873.0438              272.6197814941406250
1873.1288              273.2837524414062500
1873.2054              273.5191955566406250
1873.2904              273.0905761718750000
1873.3726              272.5407714843750000
1873.4575              271.9319763183593750
1873.5397              271.5196228027343750
1873.6246              271.3296508789062500
1873.7096              271.2734680175781250
1873.7917              271.3414916992187500
1873.8767              271.3257446289062500
1873.9589              271.6705322265625000
1874.0438              272.6262207031250000
1874.1288              273.3443908691406250
1874.2054              273.5232238769531250
1874.2904              273.0713500976562500
1874.3726              272.5717773437500000
1874.4575              272.0839233398437500
1874.5397              271.5310363769531250
1874.6246              271.4467468261718750
1874.7096              271.2896728515625000
1874.7917              271.3442993164062500
1874.8767              271.4283142089843750
1874.9589              272.2468872070312500
1875.0438              273.2784729003906250
1875.1288              273.9978027343750000
1875.2054              274.1312255859375000
1875.2904              273.7626342773437500
1875.3726              273.2278747558593750
1875.4575              272.5908508300781250
1875.5397              271.7944641113281250
1875.6246              271.3542480468750000
1875.7096              271.2835388183593750
1875.7917              271.4503479003906250
1875.8767              271.5127258300781250
1875.9589              272.2316284179687500
1876.0437              273.0903625488281250
1876.1284              273.7710266113281250
1876.2076              274.0100708007812500
1876.2924              273.6804504394531250
1876.3743              273.1261596679687500
1876.4590              272.5498046875000000
1876.5410              271.9498596191406250
1876.6257              271.5242614746093750
1876.7103              271.2978515625000000
1876.7924              271.3257751464843750
1876.8771              271.2876586914062500
1876.9590              271.6268920898437500
1877.0438              272.6107482910156250
1877.1288              273.2141418457031250
1877.2054              273.2344665527343750
1877.2904              272.8058166503906250
1877.3726              272.1510314941406250
1877.4575              271.5872497558593750
1877.5397              271.3504028320312500
1877.6246              271.3148803710937500
1877.7096              271.2854614257812500
1877.7917              271.3488159179687500
1877.8767              271.3694763183593750
1877.9589              271.7800903320312500
1878.0438              272.7001342773437500
1878.1288              273.5113830566406250
1878.2054              273.6463317871093750
1878.2904              273.3559875488281250
1878.3726              272.5713500976562500
1878.4575              271.8926696777343750
1878.5397              271.6301269531250000
1878.6246              271.4442443847656250
1878.7096              271.3893432617187500
1878.7917              271.3103332519531250
1878.8767              271.2850036621093750
1878.9589              271.3194580078125000
1879.0438              271.6721496582031250
1879.1288              272.2875366210937500
1879.2054              272.4642028808593750
1879.2904              272.2238159179687500
1879.3726              271.6569213867187500
1879.4575              271.3912658691406250
1879.5397              271.3081665039062500
1879.6246              271.2948913574218750
1879.7096              271.3271484375000000
1879.7917              271.2853088378906250
1879.8767              271.3171997070312500
1879.9589              271.6598205566406250
1880.0437              272.5556030273437500
1880.1284              273.2858581542968750
1880.2076              273.4467773437500000
1880.2924              273.0766906738281250
1880.3743              272.3845825195312500
1880.4590              271.7118835449218750
1880.5410              271.4488220214843750
1880.6257              271.2974243164062500
1880.7103              271.4103088378906250
1880.7924              271.4432067871093750
1880.8771              271.4479370117187500
1880.9590              271.8534545898437500
1881.0438              272.7658081054687500
1881.1288              273.3234863281250000
1881.2054              273.4015502929687500
1881.2904              273.0950622558593750
1881.3726              272.5837097167968750
1881.4575              271.9797058105468750
1881.5397              271.5279235839843750
1881.6246              271.3543701171875000
1881.7096              271.2751770019531250
1881.7917              271.2748107910156250
1881.8767              271.2821655273437500
1881.9589              271.3348693847656250
1882.0438              271.9508972167968750
1882.1288              272.6244201660156250
1882.2054              272.8055419921875000
1882.2904              272.7708129882812500
1882.3726              272.1174316406250000
1882.4575              271.5804138183593750
1882.5397              271.3775634765625000
1882.6246              271.3055419921875000
1882.7096              271.3150329589843750
1882.7917              271.2911682128906250
1882.8767              271.2764587402343750
1882.9589              271.3109436035156250
1883.0438              271.6509704589843750
1883.1288              272.1655578613281250
1883.2054              272.3358459472656250
1883.2904              272.1344604492187500
1883.3726              271.7167663574218750
1883.4575              271.4267578125000000
1883.5397              271.3600769042968750
1883.6246              271.2958068847656250
1883.7096              271.3121337890625000
1883.7917              271.3227844238281250
1883.8767              271.3116455078125000
1883.9589              271.4922180175781250
1884.0437              272.0164184570312500
1884.1284              272.6137695312500000
1884.2076              272.9060058593750000
1884.2924              272.5503540039062500
1884.3743              271.9509277343750000
1884.4590              271.6869812011718750
1884.5410              271.4688110351562500
1884.6257              271.4519348144531250
1884.7103              271.3415527343750000
1884.7924              271.3096008300781250
1884.8771              271.2924499511718750
1884.9590              271.4129943847656250
1885.0438              272.3012390136718750
1885.1288              273.0456542968750000
1885.2054              273.2073364257812500
1885.2904              272.8883972167968750
1885.3726              272.3362121582031250
1885.4575              271.6824645996093750
1885.5397              271.4012756347656250
1885.6246              271.3209533691406250
1885.7096              271.3251037597656250
1885.7917              271.3105773925781250
1885.8767              271.3952636718750000
1885.9589              271.6552429199218750
1886.0438              272.6103820800781250
1886.1288              273.3717956542968750
1886.2054              273.6107788085937500
1886.2904              273.3208618164062500
1886.3726              272.6533508300781250
1886.4575              271.9158325195312500
1886.5397              271.4464416503906250
1886.6246              271.3225402832031250
1886.7096              271.3066101074218750
1886.7917              271.3091430664062500
1886.8767              271.3722534179687500
1886.9589              271.5137329101562500
1887.0438              272.2227478027343750
1887.1288              272.9950866699218750
1887.2054              273.3106689453125000
1887.2904              273.1139831542968750
1887.3726              272.6726074218750000
1887.4575              272.0427856445312500
1887.5397              271.4530639648437500
1887.6246              271.3148498535156250
1887.7096              271.2738647460937500
1887.7917              271.3250732421875000
1887.8767              271.3246765136718750
1887.9589              271.3091735839843750
1888.0437              271.6425170898437500
1888.1284              272.3263854980468750
1888.2076              272.5051269531250000
1888.2924              272.2011718750000000
1888.3743              271.7439880371093750
1888.4590              271.4321289062500000
1888.5410              271.3221435546875000
1888.6257              271.2779846191406250
1888.7103              271.3244323730468750
1888.7924              271.2973327636718750
1888.8771              271.2835083007812500
1888.9590              271.3341979980468750
1889.0438              271.8565673828125000
1889.1288              272.5831909179687500
1889.2054              272.7839965820312500
1889.2904              272.4667968750000000
1889.3726              271.8810119628906250
1889.4575              271.6317443847656250
1889.5397              271.4491577148437500
1889.6246              271.3908691406250000
1889.7096              271.2803955078125000
1889.7917              271.4517211914062500
1889.8767              271.8193054199218750
1889.9589              272.5952148437500000
1890.0438              273.5243835449218750
1890.1288              274.1781921386718750
1890.2054              274.1562194824218750
1890.2904              273.7361145019531250
1890.3726              273.2191467285156250
1890.4575              272.3909912109375000
1890.5397              271.6673889160156250
1890.6246              271.3990783691406250
1890.7096              271.2941894531250000
1890.7917              271.2780456542968750
1890.8767              271.2900695800781250
1890.9589              271.4548645019531250
1891.0438              272.2532043457031250
1891.1288              272.9673156738281250
1891.2054              273.1417236328125000
1891.2904              272.8108825683593750
1891.3726              272.2155761718750000
1891.4575              271.6472167968750000
1891.5397              271.3995971679687500
1891.6246              271.3055114746093750
1891.7096              271.3135375976562500
1891.7917              271.2820129394531250
1891.8767              271.3130493164062500
1891.9589              271.3155212402343750
1892.0437              271.9785461425781250
1892.1284              272.7657775878906250
1892.2076              272.8966674804687500
1892.2924              272.6210327148437500
1892.3743              272.0445861816406250
1892.4590              271.4938354492187500
1892.5410              271.3655395507812500
1892.6257              271.3282470703125000
1892.7103              272.4092712402343750
1892.7924              272.7008972167968750
1892.8771              272.8719482421875000
1892.9590              273.6174011230468750
1893.0438              274.5141601562500000
1893.1288              275.1755981445312500
1893.2054              275.1610107421875000
1893.2904              274.6294555664062500
1893.3726              273.9111328125000000
1893.4575              273.0745849609375000
1893.5397              272.0668029785156250
1893.6246              271.4461669921875000
1893.7096              271.4085388183593750
1893.7917              271.3934936523437500
1893.8767              271.8948059082031250
1893.9589              272.8491210937500000
1894.0438              273.8930053710937500
1894.1288              274.4860229492187500
1894.2054              274.6198120117187500
1894.2904              274.0991516113281250
1894.3726              273.3657836914062500
1894.4575              272.5249938964843750
1894.5397              271.8143615722656250
1894.6246              271.4091491699218750
1894.7096              271.3976440429687500
1894.7917              272.6416320800781250
1894.8767              272.5563049316406250
1894.9589              273.1937866210937500
1895.0438              273.9075012207031250
1895.1288              274.4157409667968750
1895.2054              274.3936767578125000
1895.2904              273.9922180175781250
1895.3726              273.5761718750000000
1895.4575              272.7946777343750000
1895.5397              271.7272338867187500
1895.6246              271.3099670410156250
1895.7096              271.3764648437500000
1895.7917              271.3865051269531250
1895.8767              271.5263366699218750
1895.9589              271.9372558593750000
1896.0437              273.0467224121093750
1896.1284              273.6335449218750000
1896.2076              273.7095642089843750
1896.2924              273.3540039062500000
1896.3743              272.6427612304687500
1896.4590              271.8251647949218750
1896.5410              271.4078063964843750
1896.6257              271.2751159667968750
1896.7103              271.3461608886718750
1896.7924              271.3077087402343750
1896.8771              271.2862243652343750
1896.9590              271.3524169921875000
1897.0438              272.0273132324218750
1897.1288              272.8913269042968750
1897.2054              273.0868835449218750
1897.2904              272.7703552246093750
1897.3726              272.3109130859375000
1897.4575              271.8408203125000000
1897.5397              271.4090576171875000
1897.6246              271.2756042480468750
1897.7096              271.3451232910156250
1897.7917              271.2957458496093750
1897.8767              271.3404235839843750
1897.9589              271.5147094726562500
1898.0438              272.2558288574218750
1898.1288              273.0385131835937500
1898.2054              273.2582397460937500
1898.2904              273.0402221679687500
1898.3726              272.6749572753906250
1898.4575              271.9699707031250000
1898.5397              271.4660339355468750
1898.6246              271.3551025390625000
1898.7096              271.2833557128906250
1898.7917              271.2786560058593750
1898.8767              271.3048400878906250
1898.9589              271.4671630859375000
1899.0438              272.2361145019531250
1899.1288              273.0253295898437500
1899.2054              273.2141723632812500
1899.2904              272.8390808105468750
1899.3726              272.0106201171875000
1899.4575              271.4532775878906250
1899.5397              271.3408813476562500
1899.6246              271.2735900878906250
1899.7096              271.3431091308593750
1899.7917              271.3088989257812500
1899.8767              271.3453063964843750
1899.9589              271.4835510253906250
1900.0438              272.3535766601562500
1900.1288              273.0146484375000000
1900.2054              273.1227416992187500
1900.2904              272.8175964355468750
1900.3726              272.1643676757812500
1900.4575              271.8451843261718750
1900.5397              271.6370239257812500
1900.6246              271.4234619140625000
1900.7096              271.4011230468750000
1900.7917              271.3394165039062500
1900.8767              271.3502197265625000
1900.9589              271.4364929199218750
1901.0438              271.9859008789062500
1901.1288              272.7007751464843750
1901.2054              272.9977416992187500
1901.2904              272.6787414550781250
1901.3726              272.0596618652343750
1901.4575              271.5802612304687500
1901.5397              271.3450927734375000
1901.6246              271.2717285156250000
1901.7096              271.3135375976562500
1901.7917              271.2890319824218750
1901.8767              271.2992858886718750
1901.9589              271.3478088378906250
1902.0438              272.0181884765625000
1902.1288              272.7448425292968750
1902.2054              272.8767089843750000
1902.2904              272.4983825683593750
1902.3726              271.9300537109375000
1902.4575              271.4614257812500000
1902.5397              271.3510742187500000
1902.6246              271.2790832519531250
1902.7096              271.3111267089843750
1902.7917              271.3165283203125000
1902.8767              271.7139892578125000
1902.9589              272.0897521972656250
1903.0438              273.0144042968750000
1903.1288              273.6949157714843750
1903.2054              273.7642211914062500
1903.2904              273.4161376953125000
1903.3726              272.9008789062500000
1903.4575              272.1336364746093750
1903.5397              271.5423278808593750
1903.6246              271.2937316894531250
1903.7096              271.3726196289062500
1903.7917              271.3141479492187500
1903.8767              271.3895263671875000
1903.9589              272.1437072753906250
1904.0437              273.2546691894531250
1904.1284              274.0314941406250000
1904.2076              274.1542358398437500
1904.2924              273.8105163574218750
1904.3743              273.1109619140625000
1904.4590              272.1394958496093750
1904.5410              271.5480651855468750
1904.6257              271.3191528320312500
1904.7103              271.3618164062500000
1904.7924              271.4482116699218750
1904.8771              271.5836791992187500
1904.9590              272.1727905273437500
1905.0438              273.2407836914062500
1905.1288              273.8679504394531250
1905.2054              274.0674133300781250
1905.2904              273.7086791992187500
1905.3726              273.0936279296875000
1905.4575              272.1971130371093750
1905.5397              271.5128479003906250
1905.6246              271.3545227050781250
1905.7096              271.2734985351562500
1905.7917              271.3778381347656250
1905.8767              271.3077392578125000
1905.9589              271.4109802246093750
1906.0438              272.1305236816406250
1906.1288              272.8523254394531250
1906.2054              272.9403686523437500
1906.2904              272.6066589355468750
1906.3726              272.0704650878906250
1906.4575              271.5198059082031250
1906.5397              271.3680725097656250
1906.6246              271.2976074218750000
1906.7096              271.3323364257812500
1906.7917              271.2979125976562500
1906.8767              271.2822875976562500
1906.9589              271.5021362304687500
1907.0438              272.2220764160156250
1907.1288              272.7861938476562500
1907.2054              272.9491271972656250
1907.2904              272.7476196289062500
1907.3726              272.2846374511718750
1907.4575              271.6537780761718750
1907.5397              271.4422302246093750
1907.6246              271.3883361816406250
1907.7096              271.2856445312500000
1907.7917              271.2832336425781250
1907.8767              271.3476867675781250
1907.9589              271.3695678710937500
1908.0437              272.0629272460937500
1908.1284              272.8961486816406250
1908.2076              273.1922607421875000
1908.2924              272.8644714355468750
1908.3743              272.2422485351562500
1908.4590              271.6464538574218750
1908.5410              271.4278564453125000
1908.6257              271.3527832031250000
1908.7103              271.3140869140625000
1908.7924              271.2719421386718750
1908.8771              271.2772521972656250
1908.9590              271.3062438964843750
1909.0438              271.6049804687500000
1909.1288              272.2329406738281250
1909.2054              272.3643798828125000
1909.2904              271.9128112792968750
1909.3726              271.5220642089843750
1909.4575              271.3701782226562500
1909.5397              271.2970886230468750
1909.6246              271.3038635253906250
1909.7096              271.4497070312500000
1909.7917              272.7518920898437500
1909.8767              272.6416625976562500
1909.9589              273.4736633300781250
1910.0438              274.5585327148437500
1910.1288              275.1924438476562500
1910.2054              275.2391662597656250
1910.2904              274.7757263183593750
1910.3726              274.1172790527343750
1910.4575              273.1642761230468750
1910.5397              272.3771362304687500
1910.6246              271.6924743652343750
1910.7096              271.3627319335937500
1910.7917              271.3221435546875000
1910.8767              271.3961181640625000
1910.9589              272.2561035156250000
1911.0438              273.2540283203125000
1911.1288              273.8223571777343750
1911.2054              273.9417724609375000
1911.2904              273.5265197753906250
1911.3726              273.0426940917968750
1911.4575              272.3588562011718750
1911.5397              271.6775817871093750
1911.6246              271.4066772460937500
1911.7096              271.3223266601562500
1911.7917              271.7181091308593750
1911.8767              272.5353393554687500
1911.9589              273.4143676757812500
1912.0437              274.2727966308593750
1912.1284              275.0065612792968750
1912.2076              275.0860595703125000
1912.2924              274.6016845703125000
1912.3743              273.9680175781250000
1912.4590              273.3782958984375000
1912.5410              272.7955932617187500
1912.6257              272.0604248046875000
1912.7103              271.5878601074218750
1912.7924              271.3871459960937500
1912.8771              271.3759460449218750
1912.9590              271.9622802734375000
1913.0438              272.9909057617187500
1913.1288              273.6324768066406250
1913.2054              273.7969055175781250
1913.2904              273.5444335937500000
1913.3726              273.0902709960937500
1913.4575              272.2839355468750000
1913.5397              271.5922241210937500
1913.6246              271.3218994140625000
1913.7096              271.3776855468750000
1913.7917              271.3273010253906250
1913.8767              271.4548034667968750
1913.9589              272.0224304199218750
1914.0438              272.9902648925781250
1914.1288              273.5390014648437500
1914.2054              273.6222229003906250
1914.2904              273.3156738281250000
1914.3726              272.7822875976562500
1914.4575              272.0079650878906250
1914.5397              271.4589233398437500
1914.6246              271.3347778320312500
1914.7096              271.3369750976562500
1914.7917              271.3386840820312500
1914.8767              271.4190368652343750
1914.9589              271.8498229980468750
1915.0438              272.6906738281250000
1915.1288              273.3769836425781250
1915.2054              273.5570068359375000
1915.2904              273.2937622070312500
1915.3726              272.5712890625000000
1915.4575              271.7957763671875000
1915.5397              271.4871215820312500
1915.6246              271.4375915527343750
1915.7096              271.3487243652343750
1915.7917              271.2866821289062500
1915.8767              271.3153991699218750
1915.9589              271.4500732421875000
1916.0437              272.2407531738281250
1916.1284              272.7707519531250000
1916.2076              272.9332580566406250
1916.2924              272.6218566894531250
1916.3743              271.9959106445312500
1916.4590              271.5892639160156250
1916.5410              271.3995971679687500
1916.6257              271.3370666503906250
1916.7103              271.2770690917968750
1916.7924              271.3352355957031250
1916.8771              271.3081359863281250
1916.9590              271.3363037109375000
1917.0438              271.8802490234375000
1917.1288              272.5288391113281250
1917.2054              272.7680664062500000
1917.2904              272.5145568847656250
1917.3726              272.0859985351562500
1917.4575              271.5094909667968750
1917.5397              271.3802185058593750
1917.6246              271.3116760253906250
1917.7096              271.2736511230468750
1917.7917              271.3430480957031250
1917.8767              271.3049926757812500
1917.9589              271.3763122558593750
1918.0438              272.2496643066406250
1918.1288              273.1026916503906250
1918.2054              273.3041381835937500
1918.2904              273.1065673828125000
1918.3726              272.6618347167968750
1918.4575              271.8681030273437500
1918.5397              271.3777160644531250
1918.6246              271.2755432128906250
1918.7096              271.3461914062500000
1918.7917              271.3047485351562500
1918.8767              271.3063659667968750
1918.9589              271.5078125000000000
1919.0438              272.4017639160156250
1919.1288              273.0936584472656250
1919.2054              273.2701416015625000
1919.2904              272.9268188476562500
1919.3726              272.1669921875000000
1919.4575              271.5910644531250000
1919.5397              271.3456726074218750
1919.6246              271.2776489257812500
1919.7096              271.3421936035156250
1919.7917              271.3438720703125000
1919.8767              271.4298706054687500
1919.9589              271.9020690917968750
1920.0437              272.8921508789062500
1920.1284              273.5608215332031250
1920.2076              273.6067810058593750
1920.2924              273.1508789062500000
1920.3743              272.5833740234375000
1920.4590              272.1098937988281250
1920.5410              271.6582031250000000
1920.6257              271.4861450195312500
1920.7103              271.3536071777343750
1920.7924              271.2777404785156250
1920.8771              271.3139648437500000
1920.9590              271.7801208496093750
1921.0438              272.6336975097656250
1921.1288              273.3787841796875000
1921.2054              273.5625610351562500
1921.2904              273.1860046386718750
1921.3726              272.3980102539062500
1921.4575              271.5966796875000000
1921.5397              271.3426818847656250
1921.6246              271.3536376953125000
1921.7096              271.2952880859375000
1921.7917              271.2918701171875000
1921.8767              271.6629943847656250
1921.9589              272.4538269042968750
1922.0438              273.3516540527343750
1922.1288              274.0396728515625000
1922.2054              274.1604614257812500
1922.2904              273.7700195312500000
1922.3726              273.1651306152343750
1922.4575              272.4840393066406250
1922.5397              271.5365905761718750
1922.6246              271.3256530761718750
1922.7096              271.3589172363281250
1922.7917              271.4098205566406250
1922.8767              271.7598876953125000
1922.9589              272.4956359863281250
1923.0438              273.4282836914062500
1923.1288              274.0178833007812500
1923.2054              274.1013488769531250
1923.2904              273.6503906250000000
1923.3726              272.9186401367187500
1923.4575              272.0946960449218750
1923.5397              271.5604248046875000
1923.6246              271.4257812500000000
1923.7096              271.3163757324218750
1923.7917              271.3547973632812500
1923.8767              271.4115905761718750
1923.9589              271.5319519042968750
1924.0437              272.1600341796875000
1924.1284              272.8413696289062500
1924.2076              273.0133056640625000
1924.2924              272.5956726074218750
1924.3743              272.1119995117187500
1924.4590              271.5072326660156250
1924.5410              271.3070678710937500
1924.6257              271.2935180664062500
1924.7103              271.3155212402343750
1924.7924              271.2772827148437500
1924.8771              271.3171997070312500
1924.9590              271.3652954101562500
1925.0438              272.0814208984375000
1925.1288              272.9160766601562500
1925.2054              273.0074157714843750
1925.2904              272.6871032714843750
1925.3726              272.0433654785156250
1925.4575              271.4401245117187500
1925.5397              271.3454895019531250
1925.6246              271.2763061523437500
1925.7096              271.3492736816406250
1925.7917              271.3435974121093750
1925.8767              271.3805236816406250
1925.9589              271.6229553222656250
1926.0438              272.3648376464843750
1926.1288              273.0166320800781250
1926.2054              273.1920166015625000
1926.2904              272.8664245605468750
1926.3726              272.3517761230468750
1926.4575              271.6212158203125000
1926.5397              271.4580078125000000
1926.6246              271.3151550292968750
1926.7096              271.3453369140625000
1926.7917              271.3099975585937500
1926.8767              271.4796142578125000
1926.9589              272.4503784179687500
1927.0438              273.5040283203125000
1927.1288              274.2273864746093750
1927.2054              274.3269958496093750
1927.2904              273.8247070312500000
1927.3726              273.1638488769531250
1927.4575              272.6450805664062500
1927.5397              272.1024169921875000
1927.6246              271.5082702636718750
1927.7096              271.3854675292968750
1927.7917              271.4223327636718750
1927.8767              271.6867980957031250
1927.9589              272.5588989257812500
1928.0437              273.7468261718750000
1928.1284              274.3219909667968750
1928.2076              274.4135437011718750
1928.2924              273.8187255859375000
1928.3743              273.0133972167968750
1928.4590              272.4527893066406250
1928.5410              271.6896972656250000
1928.6257              271.3318481445312500
1928.7103              271.4056396484375000
1928.7924              271.3853149414062500
1928.8771              271.7320861816406250
1928.9590              272.7392272949218750
1929.0438              273.8227233886718750
1929.1288              274.4944763183593750
1929.2054              274.5940551757812500
1929.2904              274.1834411621093750
1929.3726              273.4961853027343750
1929.4575              272.6598205566406250
1929.5397              271.5889282226562500
1929.6246              271.3082580566406250
1929.7096              271.3731079101562500
1929.7917              271.3085327148437500
1929.8767              271.5870971679687500
1929.9589              272.3338928222656250
1930.0438              273.2734375000000000
1930.1288              273.9375610351562500
1930.2054              274.0394897460937500
1930.2904              273.5848388671875000
1930.3726              272.8973999023437500
1930.4575              271.9602355957031250
1930.5397              271.4794006347656250
1930.6246              271.3550415039062500
1930.7096              271.3486022949218750
1930.7917              271.4165954589843750
1930.8767              271.5024414062500000
1930.9589              271.7756347656250000
1931.0438              272.6785583496093750
1931.1288              273.3964233398437500
1931.2054              273.5140686035156250
1931.2904              273.0890197753906250
1931.3726              272.3379516601562500
1931.4575              271.7501220703125000
1931.5397              271.5016174316406250
1931.6246              271.4573059082031250
1931.7096              271.3812866210937500
1931.7917              271.3216247558593750
1931.8767              271.3382568359375000
1931.9589              271.3946228027343750
1932.0437              272.0173645019531250
1932.1284              272.5016174316406250
1932.2076              272.4706115722656250
1932.2924              272.1885986328125000
1932.3743              271.8228149414062500
1932.4590              271.5308532714843750
1932.5410              271.4209899902343750
1932.6257              271.3828125000000000
1932.7103              271.3439636230468750
1932.7924              271.3062133789062500
1932.8771              271.3440551757812500
1932.9590              271.3421020507812500
1933.0438              271.7947387695312500
1933.1288              272.5685119628906250
1933.2054              272.6858825683593750
1933.2904              272.4155578613281250
1933.3726              271.9478149414062500
1933.4575              271.6358642578125000
1933.5397              271.4812622070312500
1933.6246              271.3740539550781250
1933.7096              271.3023986816406250
1933.7917              271.2795715332031250
1933.8767              272.0290222167968750
1933.9589              272.5353088378906250
1934.0438              273.3467102050781250
1934.1288              273.9437255859375000
1934.2054              274.0165100097656250
1934.2904              273.4189147949218750
1934.3726              272.7651672363281250
1934.4575              272.1655883789062500
1934.5397              271.6482849121093750
1934.6246              271.4758911132812500
1934.7096              271.3317871093750000
1934.7917              271.2730407714843750
1934.8767              271.2773742675781250
1934.9589              271.4757995605468750
1935.0438              272.3028259277343750
1935.1288              273.0083618164062500
1935.2054              273.2408447265625000
1935.2904              272.9429016113281250
1935.3726              272.2085266113281250
1935.4575              271.5466918945312500
1935.5397              271.3703918457031250
1935.6246              271.2767028808593750
1935.7096              271.3189697265625000
1935.7917              271.2953186035156250
1935.8767              271.2907714843750000
1935.9589              271.3180847167968750
1936.0437              271.7861938476562500
1936.1284              272.4573059082031250
1936.2076              272.7680053710937500
1936.2924              272.4829101562500000
1936.3743              271.9751892089843750
1936.4590              271.5930480957031250
1936.5410              271.4133605957031250
1936.6257              271.3232116699218750
1936.7103              271.2865295410156250
1936.7924              271.3106384277343750
1936.8771              271.2857666015625000
1936.9590              271.2986450195312500
1937.0438              271.5440368652343750
1937.1288              272.0199279785156250
1937.2054              272.1821594238281250
1937.2904              272.0111083984375000
1937.3726              271.6782226562500000
1937.4575              271.5471191406250000
1937.5397              271.4789733886718750
1937.6246              271.3893737792968750
1937.7096              271.3174438476562500
1937.7917              271.2736511230468750
1937.8767              271.2835693359375000
1937.9589              271.3293762207031250
1938.0438              271.5022583007812500
1938.1288              272.0794067382812500
1938.2054              272.3945007324218750
1938.2904              272.1698913574218750
1938.3726              271.6797180175781250
1938.4575              271.4664611816406250
1938.5397              271.3933105468750000
1938.6246              271.3359680175781250
1938.7096              271.2736206054687500
1938.7917              271.3627624511718750
1938.8767              271.3638610839843750
1938.9589              271.4166870117187500
1939.0438              271.9599609375000000
1939.1288              272.7570495605468750
1939.2054              273.0280761718750000
1939.2904              272.7192687988281250
1939.3726              272.0466308593750000
1939.4575              271.7075500488281250
1939.5397              271.4903564453125000
1939.6246              271.3933715820312500
1939.7096              271.2879028320312500
1939.7917              271.2735290527343750
1939.8767              271.2796020507812500
1939.9589              271.4308776855468750
1940.0437              272.2884216308593750
1940.1284              273.0798645019531250
1940.2076              273.3093872070312500
1940.2924              272.9757995605468750
1940.3743              272.2190551757812500
1940.4590              271.6375122070312500
1940.5410              271.3503417968750000
1940.6257              271.2763671875000000
1940.7103              271.3430175781250000
1940.7924              271.6693420410156250
1940.8771              272.6847229003906250
1940.9590              272.9433593750000000
1941.0438              273.8174743652343750
1941.1288              274.4360656738281250
1941.2054              274.4784545898437500
1941.2904              274.1250915527343750
1941.3726              273.4989624023437500
1941.4575              272.7388305664062500
1941.5397              271.7822570800781250
1941.6246              271.4608459472656250
1941.7096              271.3741455078125000
1941.7917              271.3426818847656250
1941.8767              271.3093261718750000
1941.9589              271.3821716308593750
1942.0438              272.0184631347656250
1942.1288              272.7231750488281250
1942.2054              272.9663696289062500
1942.2904              272.6270446777343750
1942.3726              272.0284118652343750
1942.4575              271.5518798828125000
1942.5397              271.4213256835937500
1942.6246              271.4003906250000000
1942.7096              271.2820129394531250
1942.7917              271.3505859375000000
1942.8767              271.8587341308593750
1942.9589              272.5398864746093750
1943.0438              273.3272094726562500
1943.1288              273.9821472167968750
1943.2054              273.9986877441406250
1943.2904              273.6015014648437500
1943.3726              273.0151977539062500
1943.4575              272.2590332031250000
1943.5397              271.6690063476562500
1943.6246              271.5201416015625000
1943.7096              271.3816833496093750
1943.7917              271.3422851562500000
1943.8767              271.3653259277343750
1943.9589              271.7031555175781250
1944.0437              272.5935058593750000
1944.1284              273.2283935546875000
1944.2076              273.3097839355468750
1944.2924              272.9798583984375000
1944.3743              272.4269409179687500
1944.4590              271.7821655273437500
1944.5410              271.4691772460937500
1944.6257              271.2890625000000000
1944.7103              271.3442687988281250
1944.7924              271.2954711914062500
1944.8771              271.2889099121093750
1944.9590              271.4808654785156250
1945.0438              272.4659729003906250
1945.1288              273.2130126953125000
1945.2054              273.3299560546875000
1945.2904              272.9784851074218750
1945.3726              272.5308837890625000
1945.4575              272.0473937988281250
1945.5397              271.5845947265625000
1945.6246              271.4706726074218750
1945.7096              271.3568725585937500
1945.7917              271.3030700683593750
1945.8767              271.3180236816406250
1945.9589              271.8234558105468750
1946.0438              272.9769287109375000
1946.1288              273.6570739746093750
1946.2054              273.6834716796875000
1946.2904              273.2837829589843750
1946.3726              272.5607604980468750
1946.4575              271.8774414062500000
1946.5397              271.5150756835937500
1946.6246              271.4165344238281250
1946.7096              272.6815795898437500
1946.7917              272.3436584472656250
1946.8767              272.5255432128906250
1946.9589              273.2714538574218750
1947.0438              274.1336364746093750
1947.1288              274.5846252441406250
1947.2054              274.5875244140625000
1947.2904              274.1684875488281250
1947.3726              273.4006347656250000
1947.4575              272.4020385742187500
1947.5397              271.6774597167968750
1947.6246              271.3874816894531250
1947.7096              271.8968505859375000
1947.7917              272.4932250976562500
1947.8767              272.5437011718750000
1947.9589              273.2478332519531250
1948.0437              274.1080932617187500
1948.1284              274.7373046875000000
1948.2076              274.6949462890625000
1948.2924              274.2436828613281250
1948.3743              273.5706787109375000
1948.4590              272.6291503906250000
1948.5410              271.8541259765625000
1948.6257              271.3487243652343750
1948.7103              271.3890686035156250
1948.7924              271.3185424804687500
1948.8771              271.3792724609375000
1948.9590              271.9892578125000000
1949.0438              273.1118469238281250
1949.1288              273.6440734863281250
1949.2054              273.6875610351562500
1949.2904              273.3532714843750000
1949.3726              272.8069458007812500
1949.4575              272.0971374511718750
1949.5397              271.5131530761718750
1949.6246              271.3181152343750000
1949.7096              271.3605041503906250
1949.7917              271.4443054199218750
1949.8767              271.5354919433593750
1949.9589              272.0738525390625000
1950.0438              273.1371765136718750
1950.1288              273.8688354492187500
1950.2054              274.0620422363281250
1950.2904              273.8498229980468750
1950.3726              273.2075195312500000
1950.4575              272.4620666503906250
1950.5397              271.5909729003906250
1950.6246              271.3076477050781250
1950.7096              271.3378906250000000
1950.7917              271.2950134277343750
1950.8767              271.3380737304687500
1950.9589              271.8597106933593750
1951.0438              272.8611450195312500
1951.1288              273.4777832031250000
1951.2054              273.5880432128906250
1951.2904              273.3001098632812500
1951.3726              272.4742126464843750
1951.4575              271.5892333984375000
1951.5397              271.3303527832031250
1951.6246              271.3178710937500000
1951.7096              271.3505554199218750
1951.7917              271.4096679687500000
1951.8767              271.5001220703125000
1951.9589              272.0392150878906250
1952.0437              273.1493225097656250
1952.1284              273.8702392578125000
1952.2076              274.1097106933593750
1952.2924              273.7818603515625000
1952.3743              273.2185058593750000
1952.4590              272.4953002929687500
1952.5410              271.8436584472656250
1952.6257              271.4143981933593750
1952.7103              271.3378295898437500
1952.7924              271.3059692382812500
1952.8771              271.3029785156250000
1952.9590              271.5803222656250000
1953.0438              272.3517456054687500
1953.1288              272.9916992187500000
1953.2054              273.1734313964843750
1953.2904              272.9333801269531250
1953.3726              272.3591308593750000
1953.4575              271.7336425781250000
1953.5397              271.3908386230468750
1953.6246              271.2763671875000000
1953.7096              271.3186035156250000
1953.7917              271.3050842285156250
1953.8767              271.3317260742187500
1953.9589              271.7092590332031250
1954.0438              272.7243347167968750
1954.1288              273.3797912597656250
1954.2054              273.5592956542968750
1954.2904              273.2001342773437500
1954.3726              272.6936340332031250
1954.4575              272.0411682128906250
1954.5397              271.5962219238281250
1954.6246              271.4197082519531250
1954.7096              271.3213806152343750
1954.7917              271.3318786621093750
1954.8767              271.3415527343750000
1954.9589              271.7044677734375000
1955.0438              272.7389831542968750
1955.1288              273.4764709472656250
1955.2054              273.6533508300781250
1955.2904              273.2363281250000000
1955.3726              272.4552612304687500
1955.4575              271.7488403320312500
1955.5397              271.3097534179687500
1955.6246              271.3791503906250000
1955.7096              271.2967224121093750
1955.7917              271.4442749023437500
1955.8767              271.7985839843750000
1955.9589              272.6833801269531250
1956.0437              273.8084106445312500
1956.1284              274.4895324707031250
1956.2076              274.6978454589843750
1956.2924              274.4982299804687500
1956.3743              273.9387817382812500
1956.4590              273.1788024902343750
1956.5410              272.3335571289062500
1956.6257              271.6027221679687500
1956.7103              271.3340454101562500
1956.7924              271.2763061523437500
1956.8771              271.3033752441406250
1956.9590              271.6322937011718750
1957.0438              272.5930786132812500
1957.1288              273.1901855468750000
1957.2054              273.3347778320312500
1957.2904              273.1384582519531250
1957.3726              272.5380554199218750
1957.4575              271.6881103515625000
1957.5397              271.3611450195312500
1957.6246              271.3139038085937500
1957.7096              271.2902526855468750
1957.7917              271.3015136718750000
1957.8767              271.3251342773437500
1957.9589              271.7039184570312500
1958.0438              272.6983642578125000
1958.1288              273.3016967773437500
1958.2054              273.4786071777343750
1958.2904              273.2002563476562500
1958.3726              272.6044616699218750
1958.4575              271.8108825683593750
1958.5397              271.4405212402343750
1958.6246              271.2937622070312500
1958.7096              271.4071350097656250
1958.7917              271.3564147949218750
1958.8767              271.3706970214843750
1958.9589              271.8006591796875000
1959.0438              272.7798461914062500
1959.1288              273.4330749511718750
1959.2054              273.6074523925781250
1959.2904              273.4955139160156250
1959.3726              273.0733947753906250
1959.4575              272.3676147460937500
1959.5397              271.5676879882812500
1959.6246              271.4335937500000000
1959.7096              271.3719787597656250
1959.7917              271.2983398437500000
1959.8767              271.2825622558593750
1959.9589              271.3638000488281250
1960.0437              271.8533630371093750
1960.1284              272.3343505859375000
1960.2076              272.4657592773437500
1960.2924              272.1588134765625000
1960.3743              271.7392272949218750
1960.4590              271.5792236328125000
1960.5410              271.4250488281250000
1960.6257              271.3595275878906250
1960.7103              271.2940063476562500
1960.7924              271.2730712890625000
1960.8771              271.3556518554687500
1960.9590              271.3488769531250000
1961.0438              271.5430908203125000
1961.1288              272.1748657226562500
1961.2054              272.3331604003906250
1961.2904              272.0482482910156250
1961.3726              271.5857849121093750
1961.4575              271.3687133789062500
1961.5397              271.3493652343750000
1961.6246              271.2835693359375000
1961.7096              271.3283081054687500
1961.7917              271.2950744628906250
1961.8767              271.9903564453125000
1961.9589              272.4969177246093750
1962.0438              273.3013305664062500
1962.1288              273.9403381347656250
1962.2054              274.0168762207031250
1962.2904              273.5908508300781250
1962.3726              273.0336303710937500
1962.4575              272.2673645019531250
1962.5397              271.4586181640625000
1962.6246              271.3985595703125000
1962.7096              271.3778686523437500
1962.7917              271.6059570312500000
1962.8767              272.2038879394531250
1962.9589              273.2028808593750000
1963.0438              274.2049255371093750
1963.1288              274.8979187011718750
1963.2054              274.9090270996093750
1963.2904              274.4557495117187500
1963.3726              273.7033996582031250
1963.4575              272.8844909667968750
1963.5397              271.8740844726562500
1963.6246              271.3692321777343750
1963.7096              271.2821960449218750
1963.7917              271.2892150878906250
1963.8767              271.3445129394531250
1963.9589              271.4930114746093750
1964.0437              272.3167419433593750
1964.1284              273.0605468750000000
1964.2076              273.1038818359375000
1964.2924              272.7513122558593750
1964.3743              272.1389770507812500
1964.4590              271.6712951660156250
1964.5410              271.4209594726562500
1964.6257              271.3277282714843750
1964.7103              271.2894592285156250
1964.7924              271.3281555175781250
1964.8771              271.2967224121093750
1964.9590              271.2895812988281250
1965.0438              271.6906433105468750
1965.1288              272.4631347656250000
1965.2054              272.6760864257812500
1965.2904              272.4378967285156250
1965.3726              271.8681640625000000
1965.4575              271.4570922851562500
1965.5397              271.3264465332031250
1965.6246              271.2913513183593750
1965.7096              271.3429565429687500
1965.7917              271.2895202636718750
1965.8767              271.3142700195312500
1965.9589              271.3390502929687500
1966.0438              271.6090698242187500
1966.1288              272.2672119140625000
1966.2054              272.4483947753906250
1966.2904              272.1252441406250000
1966.3726              271.7891235351562500
1966.4575              271.5487976074218750
1966.5397              271.3952941894531250
1966.6246              271.3576354980468750
1966.7096              271.2834167480468750
1966.7917              271.2753906250000000
1966.8767              271.2904968261718750
1966.9589              271.4848327636718750
1967.0438              272.3694152832031250
1967.1288              273.0401611328125000
1967.2054              273.2364196777343750
1967.2904              272.8285827636718750
1967.3726              272.1845703125000000
1967.4575              271.6170959472656250
1967.5397              271.3487854003906250
1967.6246              271.2754211425781250
1967.7096              271.3358459472656250
1967.7917              271.2997131347656250
1967.8767              271.3222961425781250
1967.9589              271.5554199218750000
1968.0437              272.5251464843750000
1968.1284              273.2261352539062500
1968.2076              273.3128051757812500
1968.2924              273.0913391113281250
1968.3743              272.5910644531250000
1968.4590              271.9556884765625000
1968.5410              271.5549621582031250
1968.6257              271.3989562988281250
1968.7103              271.2750549316406250
1968.7924              271.3591308593750000
1968.8771              271.3108215332031250
1968.9590              271.4981079101562500
1969.0438              272.4735107421875000
1969.1288              273.3280029296875000
1969.2054              273.7274169921875000
1969.2904              273.3315124511718750
1969.3726              272.6725463867187500
1969.4575              271.9339599609375000
1969.5397              271.4621887207031250
1969.6246              271.4187316894531250
1969.7096              271.3687438964843750
1969.7917              271.3193664550781250
1969.8767              271.2860412597656250
1969.9589              271.3351745605468750
1970.0438              271.7828979492187500
1970.1288              272.5923767089843750
1970.2054              272.7563171386718750
1970.2904              272.4902954101562500
1970.3726              271.8782653808593750
1970.4575              271.4652099609375000
1970.5397              271.3658752441406250
1970.6246              271.2862854003906250
1970.7096              271.2984313964843750
1970.7917              271.3075561523437500
1970.8767              271.3163757324218750
1970.9589              271.3410949707031250
1971.0438              271.6390075683593750
1971.1288              272.2618713378906250
1971.2054              272.4694213867187500
1971.2904              272.2043151855468750
1971.3726              271.7820129394531250
1971.4575              271.5299682617187500
1971.5397              271.4208679199218750
1971.6246              271.4189758300781250
1971.7096              271.3354187011718750
1971.7917              271.2874450683593750
1971.8767              271.3144531250000000
1971.9589              271.4698181152343750
1972.0437              272.3367614746093750
1972.1284              273.1105041503906250
1972.2076              273.3445434570312500
1972.2924              273.1517944335937500
1972.3743              272.5778198242187500
1972.4590              272.1311035156250000
1972.5410              271.7143249511718750
1972.6257              271.4792175292968750
1972.7103              271.3843994140625000
1972.7924              271.3153381347656250
1972.8771              271.2988891601562500
1972.9590              271.4454040527343750
1973.0438              272.4397583007812500
1973.1288              273.1231384277343750
1973.2054              273.2738647460937500
1973.2904              272.8778991699218750
1973.3726              272.3799133300781250
1973.4575              271.8454589843750000
1973.5397              271.4349975585937500
1973.6246              271.2953491210937500
1973.7096              271.3437194824218750
1973.7917              271.3086547851562500
1973.8767              271.2875976562500000
1973.9589              271.4056396484375000
1974.0438              272.2677307128906250
1974.1288              273.0278625488281250
1974.2054              273.3153991699218750
1974.2904              273.0817871093750000
1974.3726              272.6267395019531250
1974.4575              272.0786437988281250
1974.5397              271.5883789062500000
1974.6246              271.3544311523437500
1974.7096              271.2723083496093750
1974.7917              271.3236694335937500
1974.8767              271.3009033203125000
1974.9589              271.6271972656250000
1975.0438              272.5347290039062500
1975.1288              273.0854187011718750
1975.2054              273.2441101074218750
1975.2904              272.9608459472656250
1975.3726              272.2512512207031250
1975.4575              271.4824218750000000
1975.5397              271.2783508300781250
1975.6246              271.3464965820312500
1975.7096              271.2865295410156250
1975.7917              271.4723510742187500
1975.8767              272.9164123535156250
1975.9589              273.7089538574218750
1976.0437              274.4887084960937500
1976.1284              274.9234619140625000
1976.2076              274.9438781738281250
1976.2924              274.5748291015625000
1976.3743              273.7892761230468750
1976.4590              272.9387817382812500
1976.5410              272.1525878906250000
1976.6257              271.4445495605468750
1976.7103              271.4038391113281250
1976.7924              271.3260192871093750
1976.8771              271.3827819824218750
1976.9590              271.5708007812500000
1977.0438              272.4780883789062500
1977.1288              273.2404174804687500
1977.2054              273.4423828125000000
1977.2904              273.1970825195312500
1977.3726              272.7755737304687500
1977.4575              271.9036254882812500
1977.5397              271.4179992675781250
1977.6246              271.2928771972656250
1977.7096              271.3229980468750000
1977.7917              271.3441467285156250
1977.8767              271.3465576171875000
1977.9589              271.7085876464843750
1978.0438              272.7481079101562500
1978.1288              273.4113159179687500
1978.2054              273.5513305664062500
1978.2904              273.3280334472656250
1978.3726              272.7174072265625000
1978.4575              271.8658447265625000
1978.5397              271.4583435058593750
1978.6246              271.3489074707031250
1978.7096              271.2750549316406250
1978.7917              271.3309326171875000
1978.8767              271.3302001953125000
1978.9589              271.6354980468750000
1979.0438              272.5460205078125000
1979.1288              273.1101989746093750
1979.2054              273.3239440917968750
1979.2904              272.9872741699218750
1979.3726              272.3264160156250000
1979.4575              271.6557312011718750
1979.5397              271.4063110351562500
1979.6246              271.3715820312500000
1979.7096              271.2870483398437500
1979.7917              271.2730712890625000
1979.8767              271.2733764648437500
1979.9589              271.3115539550781250
1980.0437              271.8488464355468750
1980.1284              272.6528015136718750
1980.2076              272.8017883300781250
1980.2924              272.3753356933593750
1980.3743              271.8765258789062500
1980.4590              271.6099853515625000
1980.5410              271.4294738769531250
1980.6257              271.3668518066406250
1980.7103              271.2946472167968750
1980.7924              271.2728271484375000
1980.8771              271.2753601074218750
1980.9590              271.3239440917968750
1981.0438              271.9371643066406250
1981.1288              272.7253723144531250
1981.2054              272.9717407226562500
1981.2904              272.7068176269531250
1981.3726              272.1191406250000000
1981.4575              271.6870727539062500
1981.5397              271.4870605468750000
1981.6246              271.4106750488281250
1981.7096              271.4133605957031250
1981.7917              271.3868408203125000
1981.8767              271.3472595214843750
1981.9589              271.4399719238281250
1982.0438              271.9520568847656250
1982.1288              272.6323852539062500
1982.2054              272.7646179199218750
1982.2904              272.5420837402343750
1982.3726              272.0767517089843750
1982.4575              271.6520690917968750
1982.5397              271.4968261718750000
1982.6246              271.4257507324218750
1982.7096              271.3531188964843750
1982.7917              271.2880859375000000
1982.8767              271.3054809570312500
1982.9589              271.7119140625000000
1983.0438              272.7784118652343750
1983.1288              273.5295715332031250
1983.2054              273.7388000488281250
1983.2904              273.4404907226562500
1983.3726              272.7227478027343750
1983.4575              272.1875915527343750
1983.5397              271.6112976074218750
1983.6246              271.3931884765625000
1983.7096              271.2845153808593750
1983.7917              271.2822875976562500
1983.8767              271.2972106933593750
1983.9589              271.7293090820312500
1984.0437              272.6568603515625000
1984.1284              273.3287963867187500
1984.2076              273.5191650390625000
1984.2924              273.2460632324218750
1984.3743              272.6667785644531250
1984.4590              271.9223327636718750
1984.5410              271.4275207519531250
1984.6257              271.2897338867187500
1984.7103              271.3405761718750000
1984.7924              271.2859802246093750
1984.8771              271.4474182128906250
1984.9590              272.5482177734375000
1985.0438              273.6697387695312500
1985.1288              274.3049011230468750
1985.2054              274.4698486328125000
1985.2904              274.1094360351562500
1985.3726              273.5646972656250000
1985.4575              272.8241577148437500
1985.5397              272.0220336914062500
1985.6246              271.4847106933593750
1985.7096              271.4357604980468750
1985.7917              271.4472351074218750
1985.8767              271.7037963867187500
1985.9589              272.5432739257812500
1986.0438              273.5603027343750000
1986.1288              274.2263488769531250
1986.2054              274.2910766601562500
1986.2904              273.9094848632812500
1986.3726              273.3314514160156250
1986.4575              272.7580871582031250
1986.5397              271.9926757812500000
1986.6246              271.4212646484375000
1986.7096              271.3019104003906250
1986.7917              272.5707702636718750
1986.8767              272.9577026367187500
1986.9589              273.6395874023437500
1987.0438              274.3666992187500000
1987.1288              274.7028503417968750
1987.2054              274.7149353027343750
1987.2904              274.3172302246093750
1987.3726              273.6798706054687500
1987.4575              272.8418273925781250
1987.5397              271.8094177246093750
1987.6246              271.3460388183593750
1987.7096              271.3973388671875000
1987.7917              271.3521423339843750
1987.8767              271.3683166503906250
1987.9589              271.9782409667968750
1988.0437              272.7742004394531250
1988.1284              273.3822631835937500
1988.2076              273.5743103027343750
1988.2924              273.2927551269531250
1988.3743              272.6364135742187500
1988.4590              271.9643859863281250
1988.5410              271.4833679199218750
1988.6257              271.3331909179687500
1988.7103              271.2803039550781250
1988.7924              271.2907714843750000
1988.8771              271.3680725097656250
1988.9590              271.5272521972656250
1989.0438              272.4952392578125000
1989.1288              273.1599121093750000
1989.2054              273.2434387207031250
1989.2904              272.9690246582031250
1989.3726              272.5536804199218750
1989.4575              271.9705505371093750
1989.5397              271.5684204101562500
1989.6246              271.3771362304687500
1989.7096              271.2957458496093750
1989.7917              271.2722778320312500
1989.8767              271.2841186523437500
1989.9589              271.3417663574218750
1990.0438              272.0005187988281250
1990.1288              272.7203063964843750
1990.2054              272.9219665527343750
1990.2904              272.6216430664062500
1990.3726              272.1632690429687500
1990.4575              271.6396179199218750
1990.5397              271.4158325195312500
1990.6246              271.3818359375000000
1990.7096              271.2975769042968750
1990.7917              271.2734985351562500
1990.8767              271.3036804199218750
1990.9589              271.3609619140625000
1991.0438              271.7204895019531250
1991.1288              272.3532714843750000
1991.2054              272.4204711914062500
1991.2904              272.0763854980468750
1991.3726              271.7733764648437500
1991.4575              271.5832214355468750
1991.5397              271.4840393066406250
1991.6246              271.4179687500000000
1991.7096              271.3840942382812500
1991.7917              271.3316650390625000
1991.8767              271.2907104492187500
1991.9589              271.3007507324218750
1992.0437              271.6288757324218750
1992.1284              272.3811645507812500
1992.2076              272.6086730957031250
1992.2924              272.2942810058593750
1992.3743              271.8678588867187500
1992.4590              271.4953308105468750
1992.5410              271.3918151855468750
1992.6257              271.2805175781250000
1992.7103              271.9918518066406250
1992.7924              272.8214721679687500
1992.8771              272.6789245605468750
1992.9590              273.5595703125000000
1993.0438              274.5035400390625000
1993.1288              275.1105041503906250
1993.2054              275.2950439453125000
1993.2904              274.8002014160156250
1993.3726              274.0102233886718750
1993.4575              273.2898254394531250
1993.5397              272.6374816894531250
1993.6246              272.1159362792968750
1993.7096              271.4506835937500000
1993.7917              271.3908691406250000
1993.8767              271.3379821777343750
1993.9589              271.5187377929687500
1994.0438              272.3450012207031250
1994.1288              272.9987182617187500
1994.2054              273.0966796875000000
1994.2904              272.9071655273437500
1994.3726              272.4426879882812500
1994.4575              271.7852478027343750
1994.5397              271.4162292480468750
1994.6246              271.3094482421875000
1994.7096              271.2904663085937500
1994.7917              271.3559875488281250
1994.8767              271.3014831542968750
1994.9589              271.4196777343750000
1995.0438              272.2370910644531250
1995.1288              272.9808349609375000
1995.2054              273.1012268066406250
1995.2904              272.6230773925781250
1995.3726              271.9758605957031250
1995.4575              271.5069580078125000
1995.5397              271.3906555175781250
1995.6246              271.2848510742187500
1995.7096              271.8053894042968750
1995.7917              272.7731933593750000
1995.8767              272.7582092285156250
1995.9589              273.6077880859375000
1996.0437              274.3719177246093750
1996.1284              274.7761535644531250
1996.2076              274.7839355468750000
1996.2924              274.3040771484375000
1996.3743              273.6047363281250000
1996.4590              272.8486938476562500
1996.5410              272.0028686523437500
1996.6257              271.4570922851562500
1996.7103              271.2895507812500000
1996.7924              271.4309692382812500
1996.8771              271.4184265136718750
1996.9590              271.8725891113281250
1997.0438              272.6926879882812500
1997.1288              273.4156188964843750
1997.2054              273.5704345703125000
1997.2904              273.2333068847656250
1997.3726              272.7147521972656250
1997.4575              272.0552673339843750
1997.5397              271.4689025878906250
1997.6246              271.2944946289062500
1997.7096              271.3337707519531250
1997.7917              271.3699951171875000
1997.8767              271.4487304687500000
1997.9589              271.9097290039062500
1998.0438              272.9628295898437500
1998.1288              273.5801391601562500
1998.2054              273.6082763671875000
1998.2904              273.2261047363281250
1998.3726              272.5646362304687500
1998.4575              271.9145812988281250
1998.5397              271.4240112304687500
1998.6246              271.3024291992187500
1998.7096              271.2734985351562500
1998.7917              271.3564147949218750
1998.8767              271.2965087890625000
1998.9589              271.3124084472656250
1999.0438              271.8023681640625000
1999.1288              272.5874328613281250
1999.2054              272.6973266601562500
1999.2904              272.3113708496093750
1999.3726              271.8192138671875000
1999.4575              271.4563293457031250
1999.5397              271.3503112792968750
1999.6246              271.2779235839843750
1999.7096              271.2996520996093750
1999.7917              271.3567199707031250
1999.8767              271.2953186035156250
1999.9589              271.6281127929687500
2000.0437              272.4241027832031250
2000.1284              273.0924682617187500
2000.2076              273.1944274902343750
2000.2924              272.7929382324218750
2000.3743              272.1913146972656250
2000.4590              271.7664184570312500
2000.5410              271.5702209472656250
2000.6257              271.4357604980468750
2000.7103              271.4013977050781250
2000.7924              271.3819885253906250
2000.8771              271.3620910644531250
2000.9590              271.4264526367187500
