1870.0438              271.6542968750000000
1870.1260              271.9690856933593750
1870.2054              272.0459899902343750
1870.2904              271.6966857910156250
1870.3726              271.4247131347656250
1870.4575              271.3670349121093750
1870.5397              271.3591308593750000
1870.6246              271.3735961914062500
1870.7096              271.3973999023437500
1870.7917              271.3912353515625000
1870.8767              271.4167480468750000
1870.9589              271.4783020019531250
1871.0438              271.6188659667968750
1871.1260              271.9481506347656250
1871.2054              271.9713745117187500
1871.2904              271.5838928222656250
1871.3726              271.5268554687500000
1871.4575              271.4307556152343750
1871.5397              271.3752441406250000
1871.6246              271.4000244140625000
1871.7096              271.3839111328125000
1871.7917              271.4034729003906250
1871.8767              271.4139404296875000
1871.9589              271.4722290039062500
1872.0437              271.5791931152343750
1872.1257              271.9558105468750000
1872.2076              271.9892272949218750
1872.2924              271.6315917968750000
1872.3743              271.4907531738281250
1872.4590              271.4020080566406250
1872.5410              271.3862304687500000
1872.6257              271.4085693359375000
1872.7103              271.3719482421875000
1872.7924              271.3845825195312500
1872.8771              271.4234313964843750
1872.9590              271.5587463378906250
1873.0438              271.9150085449218750
1873.1260              272.3127136230468750
1873.2054              272.3873291015625000
1873.2904              272.0492248535156250
1873.3726              271.4410400390625000
1873.4575              271.3976135253906250
1873.5397              271.3625183105468750
1873.6246              271.3991088867187500
1873.7096              271.3875732421875000
1873.7917              271.4064331054687500
1873.8767              271.4228515625000000
1873.9589              271.5076293945312500
1874.0438              271.7154846191406250
1874.1260              272.0985107421875000
1874.2054              272.1771545410156250
1874.2904              271.8234863281250000
1874.3726              271.4847717285156250
1874.4575              271.4109191894531250
1874.5397              271.3837890625000000
1874.6246              271.3812866210937500
1874.7096              271.3876953125000000
1874.7917              271.4097290039062500
1874.8767              271.4253234863281250
1874.9589              271.4764404296875000
1875.0438              271.7039184570312500
1875.1260              272.0192260742187500
1875.2054              271.9152221679687500
1875.2904              271.6018676757812500
1875.3726              271.5029602050781250
1875.4575              271.3756713867187500
1875.5397              271.3792724609375000
1875.6246              271.3718566894531250
1875.7096              271.4036560058593750
1875.7917              271.3809814453125000
1875.8767              271.4104309082031250
1875.9589              271.4799194335937500
1876.0437              271.6390991210937500
1876.1257              272.0404357910156250
1876.2076              272.0320129394531250
1876.2924              271.6145629882812500
1876.3743              271.4818725585937500
1876.4590              271.3925170898437500
1876.5410              271.3775024414062500
1876.6257              271.3736267089843750
1876.7103              271.4044189453125000
1876.7924              271.4505004882812500
1876.8771              271.4421691894531250
1876.9590              271.5742187500000000
1877.0438              272.0720520019531250
1877.1260              272.4200134277343750
1877.2054              272.3995971679687500
1877.2904              271.9841918945312500
1877.3726              271.5708312988281250
1877.4575              271.4494323730468750
1877.5397              271.3880004882812500
1877.6246              271.3726501464843750
1877.7096              271.3755798339843750
1877.7917              271.3977355957031250
1877.8767              271.4117736816406250
1877.9589              271.5095520019531250
1878.0438              271.9864807128906250
1878.1260              272.4389953613281250
1878.2054              272.3014526367187500
1878.2904              271.6945190429687500
1878.3726              271.4298706054687500
1878.4575              271.3745117187500000
1878.5397              271.4196472167968750
1878.6246              271.3758239746093750
1878.7096              271.4089660644531250
1878.7917              271.3923339843750000
1878.8767              271.4242858886718750
1878.9589              271.5607910156250000
1879.0438              271.8792114257812500
1879.1260              272.2889404296875000
1879.2054              272.3352966308593750
1879.2904              272.0495605468750000
1879.3726              271.4559020996093750
1879.4575              271.4226989746093750
1879.5397              271.3742675781250000
1879.6246              271.3773193359375000
1879.7096              271.3970947265625000
1879.7917              271.3850708007812500
1879.8767              271.4054870605468750
1879.9589              271.4731750488281250
1880.0437              271.5185852050781250
1880.1257              271.6443786621093750
1880.2076              271.7196350097656250
1880.2924              271.5079345703125000
1880.3743              271.4330444335937500
1880.4590              271.3861083984375000
1880.5410              271.3908996582031250
1880.6257              271.3598632812500000
1880.7103              271.4156188964843750
1880.7924              271.3957824707031250
1880.8771              271.4095458984375000
1880.9590              271.4686889648437500
1881.0438              271.6082458496093750
1881.1260              271.8369445800781250
1881.2054              271.9089355468750000
1881.2904              271.5440368652343750
1881.3726              271.5016479492187500
1881.4575              271.4445495605468750
1881.5397              271.3807983398437500
1881.6246              271.3829650878906250
1881.7096              271.3691711425781250
1881.7917              271.4373779296875000
1881.8767              271.4731750488281250
1881.9589              271.5491333007812500
1882.0438              271.6903076171875000
1882.1260              272.0592346191406250
1882.2054              272.0290832519531250
1882.2904              271.5773315429687500
1882.3726              271.4096984863281250
1882.4575              271.3566894531250000
1882.5397              271.3594055175781250
1882.6246              271.4098815917968750
1882.7096              271.3706970214843750
1882.7917              271.3714599609375000
1882.8767              271.3904113769531250
1882.9589              271.4520874023437500
1883.0438              271.6215820312500000
1883.1260              271.9577636718750000
1883.2054              271.9163208007812500
1883.2904              271.6751708984375000
1883.3726              271.4069824218750000
1883.4575              271.3734741210937500
1883.5397              271.3638610839843750
1883.6246              271.3730163574218750
1883.7096              271.3645935058593750
1883.7917              271.3913879394531250
1883.8767              271.4148559570312500
1883.9589              271.5046691894531250
1884.0437              271.7656860351562500
1884.1257              272.1909179687500000
1884.2076              272.2393798828125000
1884.2924              271.8737792968750000
1884.3743              271.4551696777343750
1884.4590              271.4168395996093750
1884.5410              271.3724365234375000
1884.6257              271.3942565917968750
1884.7103              271.3654479980468750
1884.7924              271.3915405273437500
1884.8771              271.4260864257812500
1884.9590              271.5076599121093750
