2000.0437              271.7062072753906250
2000.1257              272.0355529785156250
2000.2076              272.1102294921875000
2000.2924              271.6996765136718750
2000.3743              271.5207519531250000
2000.4590              271.4476928710937500
2000.5410              271.3788757324218750
2000.6257              271.3676147460937500
2000.7103              271.4140319824218750
2000.7924              271.4113464355468750
2000.8771              271.4649658203125000
2000.9590              271.6213073730468750
2001.0438              272.0792541503906250
2001.1260              272.4982299804687500
2001.2054              272.4273986816406250
2001.2904              271.9389343261718750
2001.3726              271.4780883789062500
2001.4575              271.4539184570312500
2001.5397              271.3731079101562500
2001.6246              271.3531799316406250
2001.7096              271.3935241699218750
2001.7917              271.3704528808593750
2001.8767              271.4305725097656250
2001.9589              271.5925903320312500
2002.0438              271.8453979492187500
2002.1260              272.1038513183593750
2002.2054              272.1264343261718750
2002.2904              271.8428649902343750
2002.3726              271.5895690917968750
2002.4575              271.5373535156250000
2002.5397              271.4837646484375000
2002.6246              271.4153747558593750
2002.7096              271.4010314941406250
2002.7917              271.4145507812500000
2002.8767              271.4800720214843750
2002.9589              271.5709838867187500
2003.0438              271.8587341308593750
2003.1260              272.2822570800781250
2003.2054              272.3234863281250000
2003.2904              271.9660034179687500
2003.3726              271.6064453125000000
2003.4575              271.4887390136718750
2003.5397              271.4145812988281250
2003.6246              271.3778381347656250
2003.7096              271.3945312500000000
2003.7917              271.3964233398437500
2003.8767              271.4408874511718750
2003.9589              271.5367736816406250
2004.0437              271.7813110351562500
2004.1257              272.1381530761718750
2004.2076              272.2641296386718750
2004.2924              271.8263244628906250
2004.3743              271.5767822265625000
2004.4590              271.5066223144531250
2004.5410              271.4033813476562500
2004.6257              271.4401245117187500
2004.7103              271.3812561035156250
2004.7924              271.3862915039062500
2004.8771              271.4558105468750000
2004.9590              271.5747680664062500
2005.0438              271.7686767578125000
2005.1260              272.1645507812500000
2005.2054              272.1955261230468750
2005.2904              271.8586120605468750
2005.3726              271.5438232421875000
2005.4575              271.4746398925781250
2005.5397              271.3973999023437500
2005.6246              271.3600769042968750
2005.7096              271.3803710937500000
2005.7917              271.3937072753906250
2005.8767              271.4574584960937500
2005.9589              271.5706481933593750
2006.0438              271.8760681152343750
2006.1260              272.1720581054687500
2006.2054              272.1717224121093750
2006.2904              271.8069458007812500
2006.3726              271.5536499023437500
2006.4575              271.4870300292968750
2006.5397              271.4005737304687500
2006.6246              271.4164123535156250
2006.7096              271.3770141601562500
2006.7917              271.3737792968750000
2006.8767              271.4186706542968750
2006.9589              271.5165405273437500
2007.0438              271.7602844238281250
2007.1260              272.1987304687500000
2007.2054              272.1138916015625000
2007.2904              271.7401428222656250
2007.3726              271.5878601074218750
2007.4575              271.4957885742187500
2007.5397              271.4336547851562500
2007.6246              271.4209594726562500
2007.7096              271.3695068359375000
2007.7917              271.3850097656250000
2007.8767              271.4268493652343750
2007.9589              271.5030517578125000
2008.0437              271.7178955078125000
2008.1257              272.0368041992187500
2008.2076              272.0628051757812500
2008.2924              271.8346252441406250
2008.3743              271.5992431640625000
2008.4590              271.5112304687500000
2008.5410              271.4246520996093750
2008.6257              271.4220581054687500
2008.7103              271.3786621093750000
2008.7924              271.4362182617187500
2008.8771              271.5016174316406250
2008.9590              271.5676574707031250
2009.0438              271.9947814941406250
2009.1260              272.3297729492187500
2009.2054              272.2968139648437500
2009.2904              271.7160034179687500
2009.3726              271.4756774902343750
2009.4575              271.4120178222656250
2009.5397              271.3708496093750000
2009.6246              271.3863830566406250
2009.7096              271.4244384765625000
2009.7917              271.3989868164062500
2009.8767              271.4198303222656250
2009.9589              271.4762268066406250
2010.0438              271.5933532714843750
2010.1260              271.8500671386718750
2010.2054              271.8966674804687500
2010.2904              271.6269836425781250
2010.3726              271.5878906250000000
2010.4575              271.5211181640625000
2010.5397              271.4298706054687500
2010.6246              271.3943786621093750
2010.7096              271.4129943847656250
2010.7917              271.4232788085937500
2010.8767              271.4783630371093750
2010.9589              271.5851135253906250
2011.0438              271.6670837402343750
2011.1260              271.8044433593750000
2011.2054              271.9015502929687500
2011.2904              271.7280883789062500
2011.3726              271.6659545898437500
2011.4575              271.6064147949218750
2011.5397              271.4930114746093750
2011.6246              271.4365234375000000
2011.7096              271.4328308105468750
2011.7917              271.4450378417968750
2011.8767              271.5025024414062500
2011.9589              271.5914611816406250
2012.0437              271.7678222656250000
2012.1257              272.2439880371093750
2012.2076              272.3088684082031250
2012.2924              272.0016174316406250
2012.3743              271.5882568359375000
2012.4590              271.4860534667968750
2012.5410              271.4011230468750000
2012.6257              271.3809204101562500
2012.7103              271.3779602050781250
2012.7924              271.4102172851562500
2012.8771              271.4506225585937500
2012.9590              271.5886535644531250
2013.0438              271.9031982421875000
2013.1260              272.2889404296875000
2013.2054              272.2475280761718750
2013.2904              271.7058410644531250
2013.3726              271.4722900390625000
2013.4575              271.4017639160156250
2013.5397              271.3663940429687500
2013.6246              271.3588256835937500
2013.7096              271.3654174804687500
2013.7917              271.4133300781250000
2013.8767              271.4678955078125000
2013.9589              271.5633850097656250
2014.0438              271.8189086914062500
2014.1260              272.2411804199218750
2014.2054              272.3255920410156250
2014.2904              271.9649963378906250
2014.3726              271.5245056152343750
2014.4575              271.4381713867187500
2014.5397              271.3793029785156250
2014.6246              271.3770141601562500
2014.7096              271.3744201660156250
2014.7917              271.4089965820312500
2014.8767              271.4549560546875000
2014.9589              271.5496520996093750
2015.0438              271.7818603515625000
2015.1260              272.1042175292968750
2015.2054              272.1863708496093750
2015.2904              271.8819274902343750
2015.3726              271.5710449218750000
2015.4575              271.4506835937500000
2015.5397              271.4111633300781250
2015.6246              271.3876953125000000
2015.7096              271.3864440917968750
2015.7917              271.3901672363281250
2015.8767              271.4507751464843750
2015.9589              271.5401916503906250
2016.0437              271.6326599121093750
2016.1257              271.8631896972656250
2016.2076              272.0354003906250000
2016.2924              271.7782287597656250
2016.3743              271.6050109863281250
2016.4590              271.5346679687500000
2016.5410              271.4609985351562500
2016.6257              271.4628601074218750
2016.7103              271.4725646972656250
2016.7924              271.5177917480468750
2016.8771              271.5836791992187500
2016.9590              271.6865844726562500
2017.0438              272.0597534179687500
2017.1260              272.4976196289062500
2017.2054              272.5509643554687500
2017.2904              272.2314147949218750
2017.3726              271.7333984375000000
2017.4575              271.6757202148437500
2017.5397              271.5437927246093750
2017.6246              271.4565124511718750
2017.7096              271.4257202148437500
2017.7917              271.4396972656250000
2017.8767              271.5303955078125000
2017.9589              271.6784362792968750
2018.0438              271.9022216796875000
2018.1260              272.2418212890625000
2018.2054              272.3387451171875000
2018.2904              272.0411682128906250
2018.3726              271.6293945312500000
2018.4575              271.5690612792968750
2018.5397              271.4784240722656250
2018.6246              271.4224853515625000
2018.7096              271.4038696289062500
2018.7917              271.4200439453125000
2018.8767              271.4537658691406250
2018.9589              271.5750732421875000
2019.0438              271.9126281738281250
2019.1260              272.2283325195312500
2019.2054              272.2886352539062500
2019.2904              271.9363708496093750
2019.3726              271.6165161132812500
2019.4575              271.5581359863281250
2019.5397              271.4738159179687500
2019.6246              271.4057617187500000
2019.7096              271.3823242187500000
2019.7917              271.4495544433593750
2019.8767              271.4972839355468750
2019.9589              271.5593872070312500
2020.0437              271.8034973144531250
2020.1257              272.3556518554687500
2020.2076              272.4623718261718750
2020.2924              272.1079711914062500
2020.3743              271.6202697753906250
2020.4590              271.5403137207031250
2020.5410              271.4501037597656250
2020.6257              271.3799438476562500
2020.7103              271.3653259277343750
2020.7924              271.4154052734375000
2020.8771              271.4817504882812500
2020.9590              271.6083984375000000
2021.0438              271.9337768554687500
2021.1260              272.2572326660156250
2021.2054              272.3485107421875000
2021.2904              272.0335083007812500
2021.3726              271.5758972167968750
2021.4575              271.4888000488281250
2021.5397              271.3818664550781250
2021.6246              271.3677368164062500
2021.7096              271.3979187011718750
2021.7917              271.4195861816406250
2021.8767              271.4395141601562500
2021.9589              271.5569763183593750
2022.0438              271.8477783203125000
2022.1260              272.2006225585937500
2022.2054              272.2118530273437500
2022.2904              271.8615722656250000
2022.3726              271.5824279785156250
2022.4575              271.4814453125000000
2022.5397              271.4107055664062500
2022.6246              271.3827819824218750
2022.7096              271.4493713378906250
2022.7917              271.4428100585937500
2022.8767              271.4317016601562500
2022.9589              271.4980468750000000
2023.0438              271.7219848632812500
2023.1260              272.0944519042968750
2023.2054              272.1565856933593750
2023.2904              271.8001098632812500
2023.3726              271.5162353515625000
2023.4575              271.4653015136718750
2023.5397              271.4132995605468750
2023.6246              271.3909301757812500
2023.7096              271.3903808593750000
2023.7917              271.4194946289062500
2023.8767              271.4768066406250000
2023.9589              271.5588378906250000
2024.0437              271.7861633300781250
2024.1257              272.1614074707031250
2024.2076              272.2542419433593750
2024.2924              271.9416503906250000
2024.3743              271.5876464843750000
2024.4590              271.4835510253906250
2024.5410              271.4082031250000000
2024.6257              271.3947753906250000
2024.7103              271.3936157226562500
2024.7924              271.3890075683593750
2024.8771              271.4581604003906250
2024.9590              271.5868530273437500
2025.0438              271.7962646484375000
2025.1260              272.2026672363281250
2025.2054              272.3417358398437500
2025.2904              271.9354553222656250
2025.3726              271.5104370117187500
2025.4575              271.4520568847656250
2025.5397              271.4544372558593750
2025.6246              271.4593200683593750
2025.7096              271.4102172851562500
2025.7917              271.4114685058593750
2025.8767              271.4816589355468750
2025.9589              271.5304260253906250
2026.0438              271.7145385742187500
2026.1260              272.1358032226562500
2026.2054              272.1718444824218750
2026.2904              271.9083251953125000
2026.3726              271.6000061035156250
2026.4575              271.5323791503906250
2026.5397              271.4328918457031250
2026.6246              271.3687744140625000
2026.7096              271.3828735351562500
2026.7917              271.4048461914062500
2026.8767              271.4876403808593750
2026.9589              271.6504211425781250
2027.0438              271.8652038574218750
2027.1260              272.1687011718750000
2027.2054              272.1625366210937500
2027.2904              271.7622680664062500
2027.3726              271.6643066406250000
2027.4575              271.6207885742187500
2027.5397              271.5800781250000000
2027.6246              271.4863281250000000
2027.7096              271.4480285644531250
2027.7917              271.4787902832031250
2027.8767              271.5507507324218750
2027.9589              271.6747741699218750
2028.0437              271.9993286132812500
2028.1257              272.3339538574218750
2028.2076              272.3873291015625000
2028.2924              272.1674804687500000
2028.3743              271.7364807128906250
2028.4590              271.5562438964843750
2028.5410              271.4271545410156250
2028.6257              271.3927001953125000
2028.7103              271.4290161132812500
2028.7924              271.4260559082031250
2028.8771              271.4822692871093750
2028.9590              271.5516357421875000
2029.0438              271.8989257812500000
2029.1260              272.3164062500000000
2029.2054              272.3941345214843750
2029.2904              272.1463928222656250
2029.3726              271.6611328125000000
2029.4575              271.5273742675781250
2029.5397              271.4243164062500000
2029.6246              271.4048767089843750
2029.7096              271.3807678222656250
2029.7917              271.4070129394531250
2029.8767              271.4574890136718750
2029.9589              271.5431823730468750
2030.0438              271.7430114746093750
2030.1260              272.1266479492187500
2030.2054              272.1821899414062500
2030.2904              271.8748474121093750
2030.3726              271.5795288085937500
2030.4575              271.5103759765625000
2030.5397              271.3942260742187500
2030.6246              271.3662414550781250
2030.7096              271.3652343750000000
2030.7917              271.3819580078125000
2030.8767              271.4499206542968750
2030.9589              271.5603027343750000
2031.0438              271.9525756835937500
2031.1260              272.4637451171875000
2031.2054              272.5759887695312500
2031.2904              272.2042541503906250
2031.3726              271.7170715332031250
2031.4575              271.5542602539062500
2031.5397              271.4314575195312500
2031.6246              271.3809814453125000
2031.7096              271.3870849609375000
2031.7917              271.3939819335937500
2031.8767              271.4441223144531250
2031.9589              271.5084533691406250
2032.0437              271.9123840332031250
2032.1257              272.3752441406250000
2032.2076              272.4549865722656250
2032.2924              272.2020874023437500
2032.3743              271.7365722656250000
2032.4590              271.4612426757812500
2032.5410              271.3840026855468750
2032.6257              271.3851928710937500
2032.7103              271.3539428710937500
2032.7924              271.3776855468750000
2032.8771              271.4159851074218750
2032.9590              271.5062255859375000
2033.0438              271.7464294433593750
2033.1260              272.0865173339843750
2033.2054              272.1322937011718750
2033.2904              271.9263610839843750
2033.3726              271.5916442871093750
2033.4575              271.5643005371093750
2033.5397              271.4800720214843750
2033.6246              271.3920593261718750
2033.7096              271.4208679199218750
2033.7917              271.4107360839843750
2033.8767              271.4242248535156250
2033.9589              271.5574645996093750
2034.0438              271.8884582519531250
2034.1260              272.3805541992187500
2034.2054              272.4273986816406250
2034.2904              272.1225585937500000
2034.3726              271.5945739746093750
2034.4575              271.5185852050781250
2034.5397              271.3952636718750000
2034.6246              271.3871459960937500
2034.7096              271.3523559570312500
2034.7917              271.3961486816406250
2034.8767              271.4178771972656250
2034.9589              271.4993286132812500
2035.0438              271.8325805664062500
2035.1260              272.2505187988281250
2035.2054              272.3775634765625000
2035.2904              272.0641784667968750
2035.3726              271.4750671386718750
2035.4575              271.4333190917968750
2035.5397              271.3875122070312500
2035.6246              271.3601989746093750
2035.7096              271.3935852050781250
2035.7917              271.3662109375000000
2035.8767              271.4359436035156250
2035.9589              271.5741882324218750
2036.0437              271.7959594726562500
2036.1257              272.1883850097656250
2036.2076              272.2239379882812500
2036.2924              271.8927307128906250
2036.3743              271.6598205566406250
2036.4590              271.6193542480468750
2036.5410              271.5575866699218750
2036.6257              271.4664001464843750
2036.7103              271.4200744628906250
2036.7924              271.4446411132812500
2036.8771              271.5087585449218750
2036.9590              271.6395874023437500
2037.0438              271.9128723144531250
2037.1260              272.2895812988281250
2037.2054              272.3819274902343750
2037.2904              272.0433959960937500
2037.3726              271.7781677246093750
2037.4575              271.6979370117187500
2037.5397              271.5123596191406250
2037.6246              271.4233093261718750
2037.7096              271.3628845214843750
2037.7917              271.3642578125000000
2037.8767              271.4284057617187500
2037.9589              271.5105285644531250
2038.0438              271.8121643066406250
2038.1260              272.3049621582031250
2038.2054              272.3703308105468750
2038.2904              272.0798339843750000
2038.3726              271.6021118164062500
2038.4575              271.5166625976562500
2038.5397              271.4840087890625000
2038.6246              271.4528503417968750
2038.7096              271.4087524414062500
2038.7917              271.4099731445312500
2038.8767              271.4489440917968750
2038.9589              271.5857543945312500
2039.0438              272.0615844726562500
2039.1260              272.4085388183593750
2039.2054              272.4817199707031250
2039.2904              272.2371826171875000
2039.3726              271.7550048828125000
2039.4575              271.5600891113281250
2039.5397              271.4471740722656250
2039.6246              271.3677978515625000
2039.7096              271.3704223632812500
2039.7917              271.4500427246093750
2039.8767              271.5072326660156250
2039.9589              271.6205749511718750
2040.0437              271.9548645019531250
2040.1257              272.3735961914062500
2040.2076              272.4552917480468750
2040.2924              272.1820068359375000
2040.3743              271.7097473144531250
2040.4590              271.6265869140625000
2040.5410              271.4934082031250000
2040.6257              271.4065856933593750
2040.7103              271.4046020507812500
2040.7924              271.4239196777343750
2040.8771              271.4822998046875000
2040.9590              271.6071472167968750
2041.0438              271.8084411621093750
2041.1260              272.2955627441406250
2041.2054              272.4423828125000000
2041.2904              272.1090698242187500
2041.3726              271.7135925292968750
2041.4575              271.6542053222656250
2041.5397              271.4476318359375000
2041.6246              271.4213867187500000
2041.7096              271.3847045898437500
2041.7917              271.4258728027343750
2041.8767              271.4627380371093750
2041.9589              271.5686645507812500
2042.0438              271.8824768066406250
2042.1260              272.2898254394531250
2042.2054              272.3032836914062500
2042.2904              271.9651489257812500
2042.3726              271.7498474121093750
2042.4575              271.6357116699218750
2042.5397              271.5405273437500000
2042.6246              271.4472351074218750
2042.7096              271.4029235839843750
2042.7917              271.4262084960937500
2042.8767              271.4499511718750000
2042.9589              271.5604248046875000
2043.0438              271.8288879394531250
2043.1260              272.1467895507812500
2043.2054              272.1723632812500000
2043.2904              271.8357543945312500
2043.3726              271.5621948242187500
2043.4575              271.4396972656250000
2043.5397              271.3948974609375000
2043.6246              271.3670654296875000
2043.7096              271.3979187011718750
2043.7917              271.3787536621093750
2043.8767              271.4211120605468750
2043.9589              271.4849853515625000
2044.0437              271.7416687011718750
2044.1257              272.1195373535156250
2044.2076              272.1793212890625000
2044.2924              271.8363952636718750
2044.3743              271.5430908203125000
2044.4590              271.4944763183593750
2044.5410              271.4511718750000000
2044.6257              271.4228515625000000
2044.7103              271.4286499023437500
2044.7924              271.4366149902343750
2044.8771              271.4616088867187500
2044.9590              271.5377807617187500
2045.0438              271.9603576660156250
2045.1260              272.4177856445312500
2045.2054              272.4093322753906250
2045.2904              272.0898742675781250
2045.3726              271.6286621093750000
2045.4575              271.5489807128906250
2045.5397              271.4628295898437500
2045.6246              271.4306335449218750
2045.7096              271.3863830566406250
2045.7917              271.3943786621093750
2045.8767              271.4386291503906250
2045.9589              271.5390625000000000
2046.0438              271.8225708007812500
2046.1260              272.2796936035156250
2046.2054              272.2887573242187500
2046.2904              272.0056457519531250
2046.3726              271.5667419433593750
2046.4575              271.5144348144531250
2046.5397              271.4543457031250000
2046.6246              271.4140319824218750
2046.7096              271.3575134277343750
2046.7917              271.3924560546875000
2046.8767              271.4290771484375000
2046.9589              271.5653076171875000
2047.0438              271.9019470214843750
2047.1260              272.2873840332031250
2047.2054              272.2843627929687500
2047.2904              272.0183410644531250
2047.3726              271.6269836425781250
2047.4575              271.4421386718750000
2047.5397              271.3601379394531250
2047.6246              271.3622436523437500
2047.7096              271.3636474609375000
2047.7917              271.3695373535156250
2047.8767              271.4172363281250000
2047.9589              271.4787902832031250
2048.0437              271.6986083984375000
2048.1257              272.1451721191406250
2048.2078              272.2555847167968750
2048.2922              271.8719787597656250
2048.3743              271.5254211425781250
2048.4590              271.5047302246093750
2048.5410              271.4294433593750000
2048.6257              271.4178771972656250
2048.7104              271.4062194824218750
2048.7922              271.4315185546875000
2048.8770              271.4852294921875000
2048.9590              271.6353149414062500
2049.0439              271.9530029296875000
2049.1260              272.3270263671875000
2049.2056              272.3412475585937500
2049.2905              272.0564270019531250
2049.3726              271.6520080566406250
2049.4575              271.5555725097656250
2049.5398              271.4766845703125000
2049.6248              271.4233093261718750
2049.7095              271.3677978515625000
2049.7917              271.4036865234375000
2049.8767              271.4408264160156250
2049.9590              271.5299377441406250
2050.0439              271.8718261718750000
2050.1260              272.2422790527343750
2050.2056              272.2998962402343750
2050.2905              272.0905151367187500
2050.3726              271.7107849121093750
2050.4575              271.6140441894531250
2050.5398              271.5703125000000000
2050.6248              271.4150085449218750
2050.7095              271.3919982910156250
2050.7917              271.4075622558593750
2050.8767              271.4812927246093750
2050.9590              271.6146545410156250
2051.0439              272.0354003906250000
2051.1260              272.4923706054687500
2051.2056              272.5565795898437500
2051.2905              272.1197814941406250
2051.3726              271.7050170898437500
2051.4575              271.5095214843750000
2051.5398              271.4198303222656250
2051.6248              271.3696289062500000
2051.7095              271.3714904785156250
2051.7917              271.3911132812500000
2051.8767              271.4821777343750000
2051.9590              271.5733337402343750
2052.0437              271.8263244628906250
2052.1257              272.1851196289062500
2052.2078              272.2677307128906250
2052.2922              272.0140686035156250
2052.3743              271.5703735351562500
2052.4590              271.5662536621093750
2052.5410              271.4644165039062500
2052.6257              271.4011230468750000
2052.7104              271.3609924316406250
2052.7922              271.3866271972656250
2052.8770              271.4193725585937500
2052.9590              271.4904174804687500
2053.0439              271.6806945800781250
2053.1260              272.0767211914062500
2053.2056              272.1812438964843750
2053.2905              271.9449157714843750
2053.3726              271.5863952636718750
2053.4575              271.5445251464843750
2053.5398              271.4378051757812500
2053.6248              271.3807373046875000
2053.7095              271.3676452636718750
2053.7917              271.4136047363281250
2053.8767              271.4706420898437500
2053.9590              271.5661010742187500
2054.0439              271.8984680175781250
2054.1260              272.3228454589843750
2054.2056              272.3334960937500000
2054.2905              272.0693359375000000
2054.3726              271.6399230957031250
2054.4575              271.5361022949218750
2054.5398              271.4739074707031250
2054.6248              271.3856811523437500
2054.7095              271.3939514160156250
2054.7917              271.4152832031250000
2054.8767              271.4818115234375000
2054.9590              271.5718078613281250
2055.0439              271.8551940917968750
2055.1260              272.3408508300781250
2055.2056              272.3512268066406250
2055.2905              271.8985900878906250
2055.3726              271.5695190429687500
2055.4575              271.5286254882812500
2055.5398              271.4530639648437500
2055.6248              271.3890991210937500
2055.7095              271.4007263183593750
2055.7917              271.4420166015625000
2055.8767              271.4786376953125000
2055.9590              271.5804443359375000
2056.0437              271.8781127929687500
2056.1257              272.2853088378906250
2056.2078              272.3639526367187500
2056.2922              271.9909667968750000
2056.3743              271.5792846679687500
2056.4590              271.4918212890625000
2056.5410              271.4420471191406250
2056.6257              271.4574279785156250
2056.7104              271.3904113769531250
2056.7922              271.4375610351562500
2056.8770              271.4898986816406250
2056.9590              271.5797424316406250
2057.0439              271.7836914062500000
2057.1260              272.2064819335937500
2057.2056              272.2628479003906250
2057.2905              271.8280944824218750
2057.3726              271.5704956054687500
2057.4575              271.4910888671875000
2057.5398              271.3934631347656250
2057.6248              271.3731689453125000
2057.7095              271.3729858398437500
2057.7917              271.3729858398437500
2057.8767              271.4141845703125000
2057.9590              271.5003967285156250
2058.0439              271.6841125488281250
2058.1260              272.1289978027343750
2058.2056              272.1959838867187500
2058.2905              271.8777465820312500
2058.3726              271.4877929687500000
2058.4575              271.4748535156250000
2058.5398              271.4281311035156250
2058.6248              271.3869018554687500
2058.7095              271.3914184570312500
2058.7917              271.3903808593750000
2058.8767              271.4687500000000000
2058.9590              271.5383911132812500
2059.0439              271.6712036132812500
2059.1260              271.9940185546875000
2059.2056              272.1026000976562500
2059.2905              271.7315063476562500
2059.3726              271.6065673828125000
2059.4575              271.6019897460937500
2059.5398              271.5751647949218750
2059.6248              271.5138244628906250
2059.7095              271.4319152832031250
2059.7917              271.4246826171875000
2059.8767              271.4696350097656250
2059.9590              271.6071166992187500
2060.0437              271.9238586425781250
2060.1257              272.3463439941406250
2060.2078              272.4300537109375000
2060.2922              272.1833496093750000
2060.3743              271.6788635253906250
2060.4590              271.5808410644531250
2060.5410              271.4904785156250000
2060.6257              271.4177246093750000
2060.7104              271.4030456542968750
2060.7922              271.4434204101562500
2060.8770              271.4729003906250000
2060.9590              271.5797119140625000
2061.0439              272.0458984375000000
2061.1260              272.5436706542968750
2061.2056              272.6377563476562500
2061.2905              272.3158569335937500
2061.3726              271.7297363281250000
2061.4575              271.5158691406250000
2061.5398              271.4526977539062500
2061.6248              271.3705749511718750
2061.7095              271.4092102050781250
2061.7917              271.4307556152343750
2061.8767              271.4397888183593750
2061.9590              271.5204467773437500
2062.0439              271.9277038574218750
2062.1260              272.4259643554687500
2062.2056              272.4113464355468750
2062.2905              272.1119384765625000
2062.3726              271.5778198242187500
2062.4575              271.4858398437500000
2062.5398              271.3719787597656250
2062.6248              271.4075317382812500
2062.7095              271.3648986816406250
2062.7917              271.4117736816406250
2062.8767              271.4594421386718750
2062.9590              271.6247253417968750
2063.0439              272.1377563476562500
2063.1260              272.5672912597656250
2063.2056              272.6985473632812500
2063.2905              272.3955078125000000
2063.3726              271.7472534179687500
2063.4575              271.5167541503906250
2063.5398              271.4526367187500000
2063.6248              271.3820800781250000
2063.7095              271.4159240722656250
2063.7917              271.4297790527343750
2063.8767              271.4563598632812500
2063.9590              271.5822448730468750
2064.0437              271.8244934082031250
2064.1257              272.2050170898437500
2064.2078              272.2514038085937500
2064.2922              271.9433288574218750
2064.3743              271.5513916015625000
2064.4590              271.4751892089843750
2064.5410              271.4313049316406250
2064.6257              271.4114074707031250
2064.7104              271.3750000000000000
2064.7922              271.3972167968750000
2064.8770              271.4469604492187500
2064.9590              271.5296020507812500
2065.0439              271.7319946289062500
2065.1260              272.0758972167968750
2065.2056              272.1982421875000000
2065.2905              271.9810180664062500
2065.3726              271.7184143066406250
2065.4575              271.6572265625000000
2065.5398              271.5341186523437500
2065.6248              271.4610290527343750
2065.7095              271.4610290527343750
2065.7917              271.4786682128906250
2065.8767              271.5382690429687500
2065.9590              271.6692504882812500
2066.0439              271.9778442382812500
2066.1260              272.3657226562500000
2066.2056              272.4522094726562500
2066.2905              272.2657775878906250
2066.3726              271.8670349121093750
2066.4575              271.6210937500000000
2066.5398              271.5242004394531250
2066.6248              271.4096374511718750
2066.7095              271.4371337890625000
2066.7917              271.4215698242187500
2066.8767              271.4520568847656250
2066.9590              271.5708312988281250
2067.0439              272.0029296875000000
2067.1260              272.3984985351562500
2067.2056              272.4480590820312500
2067.2905              272.1662292480468750
2067.3726              271.7109680175781250
2067.4575              271.6099243164062500
2067.5398              271.5063781738281250
2067.6248              271.4184875488281250
2067.7095              271.3737182617187500
2067.7917              271.4232177734375000
2067.8767              271.4963073730468750
2067.9590              271.6026611328125000
2068.0437              272.0768737792968750
2068.1257              272.5079956054687500
2068.2078              272.5790710449218750
2068.2922              272.1654968261718750
2068.3743              271.5354003906250000
2068.4590              271.4550170898437500
2068.5410              271.3803100585937500
2068.6257              271.3725280761718750
2068.7104              271.4069213867187500
2068.7922              271.3873596191406250
2068.8770              271.4507141113281250
2068.9590              271.5564880371093750
2069.0439              271.8498229980468750
2069.1260              272.2550659179687500
2069.2056              272.2594909667968750
2069.2905              271.9214782714843750
2069.3726              271.7198486328125000
2069.4575              271.5964660644531250
2069.5398              271.4810791015625000
2069.6248              271.4382324218750000
2069.7095              271.4097290039062500
2069.7917              271.3981933593750000
2069.8767              271.4275512695312500
2069.9590              271.5621643066406250
2070.0439              271.9889221191406250
2070.1260              272.3433227539062500
2070.2056              272.3628845214843750
2070.2905              272.1513366699218750
2070.3726              271.6331176757812500
2070.4575              271.4660339355468750
2070.5398              271.4068603515625000
2070.6248              271.3923034667968750
2070.7095              271.4130859375000000
2070.7917              271.4237976074218750
2070.8767              271.4730834960937500
2070.9590              271.5656738281250000
2071.0439              271.9284057617187500
2071.1260              272.3288879394531250
2071.2056              272.4077758789062500
2071.2905              272.1327209472656250
2071.3726              271.5992431640625000
2071.4575              271.5128479003906250
2071.5398              271.5059814453125000
2071.6248              271.4575805664062500
2071.7095              271.4431762695312500
2071.7917              271.4684448242187500
2071.8767              271.5218811035156250
2071.9590              271.6686401367187500
2072.0437              272.2398071289062500
2072.1257              272.7207336425781250
2072.2078              272.7492675781250000
2072.2922              272.4182128906250000
2072.3743              271.7519836425781250
2072.4590              271.5512390136718750
2072.5410              271.4286499023437500
2072.6257              271.4070129394531250
2072.7104              271.4305725097656250
2072.7922              271.4562377929687500
2072.8770              271.4937438964843750
2072.9590              271.5600585937500000
2073.0439              271.8890380859375000
2073.1260              272.1766967773437500
2073.2056              272.2419128417968750
2073.2905              272.0019226074218750
2073.3726              271.6167297363281250
2073.4575              271.5541687011718750
2073.5398              271.4780273437500000
2073.6248              271.4525451660156250
2073.7095              271.4312744140625000
2073.7917              271.3903198242187500
2073.8767              271.4455566406250000
2073.9590              271.5300903320312500
2074.0439              271.8150024414062500
2074.1260              272.1824035644531250
2074.2056              272.2129516601562500
2074.2905              271.9718933105468750
2074.3726              271.5746154785156250
2074.4575              271.4983215332031250
2074.5398              271.4512023925781250
2074.6248              271.4065246582031250
2074.7095              271.3950195312500000
2074.7917              271.3996276855468750
2074.8767              271.4703063964843750
2074.9590              271.5919494628906250
2075.0439              272.0319824218750000
2075.1260              272.4738769531250000
2075.2056              272.4920959472656250
2075.2905              272.2450866699218750
2075.3726              271.7373046875000000
2075.4575              271.5794677734375000
2075.5398              271.4523010253906250
2075.6248              271.4304809570312500
2075.7095              271.3721923828125000
2075.7917              271.3911743164062500
2075.8767              271.4622802734375000
2075.9590              271.6040039062500000
2076.0437              272.0171813964843750
2076.1257              272.4382019042968750
2076.2078              272.5283813476562500
2076.2922              272.3099365234375000
2076.3743              271.7882080078125000
2076.4590              271.6102600097656250
2076.5410              271.5133361816406250
2076.6257              271.4158935546875000
2076.7104              271.3820190429687500
2076.7922              271.4084167480468750
2076.8770              271.4445190429687500
2076.9590              271.5602416992187500
2077.0439              271.8049316406250000
2077.1260              272.2817077636718750
2077.2056              272.3607788085937500
2077.2905              271.9489440917968750
2077.3726              271.6140136718750000
2077.4575              271.5975646972656250
2077.5398              271.4646911621093750
2077.6248              271.4179077148437500
2077.7095              271.3616943359375000
2077.7917              271.3802490234375000
2077.8767              271.4448547363281250
2077.9590              271.5571594238281250
2078.0439              272.1093139648437500
2078.1260              272.4587097167968750
2078.2056              272.5922851562500000
2078.2905              272.3037109375000000
2078.3726              271.7309875488281250
2078.4575              271.5018615722656250
2078.5398              271.4099121093750000
2078.6248              271.3620910644531250
2078.7095              271.3551635742187500
2078.7917              271.4060668945312500
2078.8767              271.4205322265625000
2078.9590              271.4764404296875000
2079.0439              271.7409057617187500
2079.1260              272.1723327636718750
2079.2056              272.1986694335937500
2079.2905              271.8714599609375000
2079.3726              271.5916442871093750
2079.4575              271.6198120117187500
2079.5398              271.5327148437500000
2079.6248              271.4628906250000000
2079.7095              271.4421386718750000
2079.7917              271.4633483886718750
2079.8767              271.4770507812500000
2079.9590              271.5585937500000000
2080.0437              271.8736572265625000
2080.1257              272.2923583984375000
2080.2078              272.3764648437500000
2080.2922              272.0859375000000000
2080.3743              271.6503906250000000
2080.4590              271.5930786132812500
2080.5410              271.4497985839843750
2080.6257              271.4143676757812500
2080.7104              271.4097595214843750
2080.7922              271.4353027343750000
2080.8770              271.4617614746093750
2080.9590              271.5444030761718750
2081.0439              271.8847961425781250
2081.1260              272.2992858886718750
2081.2056              272.3547058105468750
2081.2905              272.1937561035156250
2081.3726              271.7117919921875000
2081.4575              271.4610595703125000
2081.5398              271.4295043945312500
2081.6248              271.3764038085937500
2081.7095              271.4054565429687500
2081.7917              271.4024658203125000
2081.8767              271.4563598632812500
2081.9590              271.5602722167968750
2082.0439              271.9617004394531250
2082.1260              272.3254089355468750
2082.2056              272.4122314453125000
2082.2905              272.1147766113281250
2082.3726              271.6417541503906250
2082.4575              271.5217285156250000
2082.5398              271.4159240722656250
2082.6248              271.3821716308593750
2082.7095              271.4182739257812500
2082.7917              271.4469299316406250
2082.8767              271.4749145507812500
2082.9590              271.5815124511718750
2083.0439              271.9655151367187500
2083.1260              272.4871520996093750
2083.2056              272.4971313476562500
2083.2905              272.1872863769531250
2083.3726              271.7079467773437500
2083.4575              271.5803527832031250
2083.5398              271.5276794433593750
2083.6248              271.4727783203125000
2083.7095              271.4533081054687500
2083.7917              271.4313354492187500
2083.8767              271.4858398437500000
2083.9590              271.6179504394531250
2084.0437              272.0582885742187500
2084.1257              272.5125122070312500
2084.2078              272.5252685546875000
2084.2922              272.1466369628906250
2084.3743              271.6042480468750000
2084.4590              271.5796813964843750
2084.5410              271.4692687988281250
2084.6257              271.4164428710937500
2084.7104              271.3934936523437500
2084.7922              271.4238281250000000
2084.8770              271.4637451171875000
2084.9590              271.5577392578125000
2085.0439              271.7857055664062500
2085.1260              272.2022705078125000
2085.2056              272.3073730468750000
2085.2905              271.9751586914062500
2085.3726              271.6123657226562500
2085.4575              271.4670410156250000
2085.5398              271.3899536132812500
2085.6248              271.3992919921875000
2085.7095              271.3894958496093750
2085.7917              271.4002380371093750
2085.8767              271.4444274902343750
2085.9590              271.6286315917968750
2086.0439              272.2707214355468750
2086.1260              272.6861572265625000
2086.2056              272.7251281738281250
2086.2905              272.3533935546875000
2086.3726              271.6215515136718750
2086.4575              271.4787292480468750
2086.5398              271.4104309082031250
2086.6248              271.3944091796875000
2086.7095              271.4212646484375000
2086.7917              271.4096679687500000
2086.8767              271.4661560058593750
2086.9590              271.5733642578125000
2087.0439              271.8996887207031250
2087.1260              272.3087158203125000
2087.2056              272.3410644531250000
2087.2905              271.9524536132812500
2087.3726              271.6181030273437500
2087.4575              271.5444030761718750
2087.5398              271.4665832519531250
2087.6248              271.4544677734375000
2087.7095              271.4099121093750000
2087.7917              271.4405822753906250
2087.8767              271.4827270507812500
2087.9590              271.5994262695312500
2088.0437              272.0668945312500000
2088.1257              272.5839843750000000
2088.2078              272.6831970214843750
2088.2922              272.3782958984375000
2088.3743              271.7652893066406250
2088.4590              271.5963134765625000
2088.5410              271.5510559082031250
2088.6257              271.4020690917968750
2088.7104              271.4219665527343750
2088.7922              271.4413757324218750
2088.8770              271.5158386230468750
2088.9590              271.6023864746093750
2089.0439              272.0121154785156250
2089.1260              272.4930725097656250
2089.2056              272.5661315917968750
2089.2905              272.2597656250000000
2089.3726              271.8372192382812500
2089.4575              271.6024475097656250
2089.5398              271.4981994628906250
2089.6248              271.4639587402343750
2089.7095              271.4027404785156250
2089.7917              271.3896789550781250
2089.8767              271.4656066894531250
2089.9590              271.6143188476562500
2090.0439              272.0636291503906250
2090.1260              272.5610046386718750
2090.2056              272.5793151855468750
2090.2905              272.3238220214843750
2090.3726              271.8161315917968750
2090.4575              271.7164916992187500
2090.5398              271.5620422363281250
2090.6248              271.4502258300781250
2090.7095              271.4729614257812500
2090.7917              271.4632568359375000
2090.8767              271.5449523925781250
2090.9590              271.6670532226562500
2091.0439              272.0683898925781250
2091.1260              272.4990539550781250
2091.2056              272.6447753906250000
2091.2905              272.3477478027343750
2091.3726              271.8463745117187500
2091.4575              271.6366577148437500
2091.5398              271.5260314941406250
2091.6248              271.4599304199218750
2091.7095              271.3637390136718750
2091.7917              271.3820495605468750
2091.8767              271.4469299316406250
2091.9590              271.5559692382812500
2092.0437              271.9891052246093750
2092.1257              272.3339538574218750
2092.2078              272.2694702148437500
2092.2922              272.0428161621093750
2092.3743              271.5648803710937500
2092.4590              271.4920349121093750
2092.5410              271.4052124023437500
2092.6257              271.3807373046875000
2092.7104              271.3773803710937500
2092.7922              271.3797912597656250
2092.8770              271.4443664550781250
2092.9590              271.5627136230468750
2093.0439              271.7734375000000000
2093.1260              272.1751708984375000
2093.2056              272.3460693359375000
2093.2905              272.1898193359375000
2093.3726              271.8673706054687500
2093.4575              271.6813964843750000
2093.5398              271.5307617187500000
2093.6248              271.4983520507812500
2093.7095              271.4634399414062500
2093.7917              271.4672851562500000
2093.8767              271.5653686523437500
2093.9590              271.8239135742187500
2094.0439              272.4223327636718750
2094.1260              272.7233581542968750
2094.2056              272.7922973632812500
2094.2905              272.4655151367187500
2094.3726              271.9530944824218750
2094.4575              271.5462646484375000
2094.5398              271.4530029296875000
2094.6248              271.3914489746093750
2094.7095              271.3721618652343750
2094.7917              271.4194641113281250
2094.8767              271.4496154785156250
2094.9590              271.5326538085937500
2095.0439              271.8800354003906250
2095.1260              272.4157409667968750
2095.2056              272.4657287597656250
2095.2905              272.0894165039062500
2095.3726              271.6214599609375000
2095.4575              271.5028381347656250
2095.5398              271.4350891113281250
2095.6248              271.4218750000000000
2095.7095              271.4209899902343750
2095.7917              271.4199218750000000
2095.8767              271.5211791992187500
2095.9590              271.6471252441406250
2096.0437              271.9458618164062500
2096.1257              272.3767700195312500
2096.2078              272.4223937988281250
2096.2922              272.1365966796875000
2096.3743              271.6817932128906250
2096.4590              271.6324462890625000
2096.5410              271.5371398925781250
2096.6257              271.4967651367187500
2096.7104              271.4967346191406250
2096.7922              271.4854431152343750
2096.8770              271.4899597167968750
2096.9590              271.6407470703125000
2097.0439              272.1414794921875000
2097.1260              272.5857543945312500
2097.2056              272.6320495605468750
2097.2905              272.3511657714843750
2097.3726              271.6412963867187500
2097.4575              271.4700317382812500
2097.5398              271.4320678710937500
2097.6248              271.4231262207031250
2097.7095              271.4336242675781250
2097.7917              271.4426269531250000
2097.8767              271.4643859863281250
2097.9590              271.5527954101562500
2098.0439              271.9713745117187500
2098.1260              272.3588256835937500
2098.2056              272.4175109863281250
2098.2905              272.1859130859375000
2098.3726              271.7310791015625000
2098.4575              271.5328674316406250
2098.5398              271.4644775390625000
2098.6248              271.3800354003906250
2098.7095              271.3801269531250000
2098.7917              271.4190673828125000
2098.8767              271.4603881835937500
2098.9590              271.5591735839843750
2099.0439              271.8571777343750000
2099.1260              272.2431335449218750
2099.2056              272.2921752929687500
2099.2905              272.0285644531250000
2099.3726              271.5631408691406250
2099.4575              271.4851684570312500
2099.5398              271.4195861816406250
2099.6248              271.3597717285156250
2099.7095              271.3707580566406250
2099.7917              271.4041748046875000
2099.8767              271.4497985839843750
2099.9590              271.5455932617187500
