2001.0438              271.8772888183593750
2001.1260              272.5246582031250000
2001.2054              272.8052062988281250
2001.2904              272.6294250488281250
2001.3726              272.1287536621093750
2001.4575              271.5603332519531250
2001.5397              271.5375061035156250
2001.6246              271.8131713867187500
2001.7096              271.9615478515625000
2001.7917              271.9747009277343750
2001.8767              271.9155578613281250
2001.9589              271.8295898437500000
2002.0438              272.1012878417968750
2002.1260              272.7788696289062500
2002.2054              273.0022277832031250
2002.2904              272.6987915039062500
2002.3726              272.0981445312500000
2002.4575              271.5666198730468750
2002.5397              271.7595214843750000
2002.6246              271.9785766601562500
2002.7096              271.9869995117187500
2002.7917              271.9552001953125000
2002.8767              271.8534240722656250
2002.9589              271.8078918457031250
2003.0438              272.3826293945312500
2003.1260              273.0832824707031250
2003.2054              273.1349792480468750
2003.2904              272.7205200195312500
2003.3726              271.9071044921875000
2003.4575              271.6748962402343750
2003.5397              271.6475524902343750
2003.6246              271.9143676757812500
2003.7096              271.9910278320312500
2003.7917              271.9976196289062500
2003.8767              271.9507141113281250
2003.9589              271.8519592285156250
2004.0437              271.9600524902343750
2004.1257              272.5387573242187500
2004.2076              272.7707214355468750
2004.2924              272.4457092285156250
2004.3743              271.7294311523437500
2004.4590              271.6273803710937500
2004.5410              271.6549987792968750
2004.6257              271.7362365722656250
2004.7103              271.9719543457031250
2004.7924              271.9735412597656250
2004.8771              271.8983459472656250
2004.9590              271.8091735839843750
2005.0438              271.9959106445312500
2005.1260              272.7034301757812500
2005.2054              272.9318542480468750
2005.2904              272.5888671875000000
2005.3726              271.7907714843750000
2005.4575              271.4974975585937500
2005.5397              271.6434631347656250
2005.6246              271.9346008300781250
2005.7096              271.9837036132812500
2005.7917              271.9866027832031250
2005.8767              271.9360351562500000
2005.9589              271.8483276367187500
2006.0438              272.3146972656250000
2006.1260              272.9260864257812500
2006.2054              273.0180053710937500
2006.2904              272.6386413574218750
2006.3726              271.7826843261718750
2006.4575              271.5705871582031250
2006.5397              271.7540893554687500
2006.6246              271.9967956542968750
2006.7096              272.0001831054687500
2006.7917              271.9982910156250000
2006.8767              271.9497070312500000
2006.9589              271.8494567871093750
2007.0438              271.8689270019531250
2007.1260              272.4134521484375000
2007.2054              272.5847778320312500
2007.2904              272.1461486816406250
2007.3726              271.6296691894531250
2007.4575              271.6571350097656250
2007.5397              271.7230224609375000
2007.6246              271.9159545898437500
2007.7096              272.0029296875000000
2007.7917              271.9936218261718750
2007.8767              271.9154663085937500
2007.9589              271.8339233398437500
2008.0437              272.3201293945312500
2008.1257              273.0603027343750000
2008.2076              273.0860595703125000
2008.2924              272.7339477539062500
2008.3743              272.0046386718750000
2008.4590              271.7562255859375000
2008.5410              271.8555297851562500
2008.6257              271.9990539550781250
2008.7103              272.0011901855468750
2008.7924              272.0023193359375000
2008.8771              271.9341125488281250
2008.9590              271.8433227539062500
2009.0438              272.1050109863281250
2009.1260              272.7965087890625000
2009.2054              273.0075988769531250
2009.2904              272.6994018554687500
2009.3726              272.0469665527343750
2009.4575              271.5997009277343750
2009.5397              271.7189331054687500
2009.6246              271.8702697753906250
2009.7096              271.9687500000000000
2009.7917              271.9825439453125000
2009.8767              271.9311828613281250
2009.9589              271.8512573242187500
2010.0438              272.0321044921875000
2010.1260              272.6611328125000000
2010.2054              272.8650207519531250
2010.2904              272.5120849609375000
2010.3726              271.6835632324218750
2010.4575              271.5943908691406250
2010.5397              271.8594970703125000
2010.6246              271.9722595214843750
2010.7096              271.9956665039062500
2010.7917              272.0046081542968750
2010.8767              271.9549255371093750
2010.9589              271.8563232421875000
2011.0438              272.0704956054687500
2011.1260              272.6900634765625000
2011.2054              272.9210815429687500
2011.2904              272.5133361816406250
2011.3726              271.6328735351562500
2011.4575              271.5583496093750000
2011.5397              271.8661804199218750
2011.6246              271.9813232421875000
2011.7096              271.9937744140625000
2011.7917              271.9903564453125000
2011.8767              271.9231872558593750
2011.9589              271.8472595214843750
2012.0437              272.2756042480468750
2012.1257              272.9213867187500000
2012.2076              273.0187072753906250
2012.2924              272.6477355957031250
2012.3743              271.8705749511718750
2012.4590              271.6823120117187500
2012.5410              271.9162597656250000
2012.6257              271.9980773925781250
2012.7103              271.9995422363281250
2012.7924              271.9714965820312500
2012.8771              271.8941040039062500
2012.9590              271.8068847656250000
2013.0438              271.7815246582031250
2013.1260              272.2802429199218750
2013.2054              272.6303100585937500
2013.2904              272.2828979492187500
2013.3726              271.6240539550781250
2013.4575              271.6256713867187500
2013.5397              271.7029113769531250
2013.6246              271.9408264160156250
2013.7096              272.0034179687500000
2013.7917              271.9950256347656250
2013.8767              271.9109802246093750
2013.9589              271.8090515136718750
2014.0438              272.1429443359375000
2014.1260              272.8183898925781250
2014.2054              272.9088745117187500
2014.2904              272.3523254394531250
2014.3726              271.7365722656250000
2014.4575              271.6217041015625000
2014.5397              271.6615600585937500
2014.6246              271.7402648925781250
2014.7096              271.9771728515625000
2014.7917              271.9924316406250000
2014.8767              271.9674377441406250
2014.9589              271.8794250488281250
2015.0438              271.8812255859375000
2015.1260              272.4132995605468750
2015.2054              272.6158142089843750
2015.2904              272.3203125000000000
2015.3726              271.6744079589843750
2015.4575              271.6581420898437500
2015.5397              271.8871765136718750
2015.6246              272.0145263671875000
2015.7096              272.0132751464843750
2015.7917              272.0070190429687500
2015.8767              271.9259033203125000
2015.9589              271.8319091796875000
2016.0437              271.9849853515625000
2016.1257              272.5128479003906250
2016.2076              272.6454467773437500
2016.2924              272.3069152832031250
2016.3743              271.7582397460937500
2016.4590              271.5938415527343750
2016.5410              271.6542968750000000
2016.6257              271.8899536132812500
2016.7103              271.9721679687500000
2016.7924              271.9784851074218750
2016.8771              271.9253540039062500
2016.9590              271.8130493164062500
2017.0438              271.9258422851562500
2017.1260              272.4964599609375000
2017.2054              272.8207092285156250
2017.2904              272.5880126953125000
2017.3726              271.8299255371093750
2017.4575              271.6898803710937500
2017.5397              271.8359680175781250
2017.6246              271.9761047363281250
2017.7096              271.9747314453125000
2017.7917              271.9660339355468750
2017.8767              271.8851318359375000
2017.9589              271.7894897460937500
2018.0438              272.1129455566406250
2018.1260              272.8159790039062500
2018.2054              272.9427490234375000
2018.2904              272.6111755371093750
2018.3726              271.8088378906250000
2018.4575              271.5555419921875000
2018.5397              271.8493041992187500
2018.6246              271.9653625488281250
2018.7096              271.9647216796875000
2018.7917              271.9542236328125000
2018.8767              271.8738403320312500
2018.9589              271.7794799804687500
2019.0438              271.7480468750000000
2019.1260              272.1319274902343750
2019.2054              272.3314514160156250
2019.2904              272.0447692871093750
2019.3726              271.5746154785156250
2019.4575              271.5331115722656250
2019.5397              271.6354370117187500
2019.6246              271.9483032226562500
2019.7096              271.9760437011718750
2019.7917              271.9755859375000000
2019.8767              271.9184570312500000
2019.9589              271.8426818847656250
2020.0437              272.3540039062500000
2020.1257              272.9125366210937500
2020.2076              273.0130615234375000
2020.2924              272.5119018554687500
2020.3743              271.8200073242187500
2020.4590              271.5183105468750000
2020.5410              271.5281677246093750
2020.6257              271.6557312011718750
2020.7103              271.9610290527343750
2020.7924              271.9635009765625000
2020.8771              271.9038085937500000
2020.9590              271.8284606933593750
2021.0438              272.2222595214843750
2021.1260              272.8992919921875000
2021.2054              272.8892822265625000
2021.2904              272.4376831054687500
2021.3726              271.7835998535156250
2021.4575              271.5221557617187500
2021.5397              271.6356506347656250
2021.6246              271.8158264160156250
2021.7096              271.9570617675781250
2021.7917              271.9587707519531250
2021.8767              271.9111022949218750
2021.9589              271.8562316894531250
2022.0438              272.2197265625000000
2022.1260              272.9736022949218750
2022.2054              273.0396728515625000
2022.2904              272.5508422851562500
2022.3726              271.7890014648437500
2022.4575              271.4963378906250000
2022.5397              271.8299255371093750
2022.6246              271.9492492675781250
2022.7096              271.9527587890625000
2022.7917              271.9509277343750000
2022.8767              271.8869323730468750
2022.9589              271.7998352050781250
2023.0438              272.1237792968750000
2023.1260              272.8011474609375000
2023.2054              272.9310607910156250
2023.2904              272.5243835449218750
2023.3726              271.7086181640625000
2023.4575              271.5199279785156250
2023.5397              271.6244201660156250
2023.6246              271.8233947753906250
2023.7096              271.9220275878906250
2023.7917              271.9155578613281250
2023.8767              271.8591613769531250
2023.9589              271.7612915039062500
2024.0437              271.8582763671875000
2024.1257              272.4862365722656250
2024.2076              272.6601257324218750
2024.2924              272.3403320312500000
2024.3743              271.6479492187500000
2024.4590              271.4289855957031250
2024.5410              271.4990234375000000
2024.6257              271.7341918945312500
2024.7103              271.8743896484375000
2024.7924              271.8680725097656250
2024.8771              271.8027343750000000
2024.9590              271.7439270019531250
2025.0438              272.3211364746093750
2025.1260              272.9841308593750000
2025.2054              273.0237731933593750
2025.2904              272.5343017578125000
2025.3726              271.6697082519531250
2025.4575              271.4321289062500000
2025.5397              271.5275573730468750
2025.6246              271.7848510742187500
2025.7096              271.8532409667968750
2025.7917              271.8531799316406250
2025.8767              271.8087768554687500
2025.9589              271.7293395996093750
2026.0438              271.9368591308593750
2026.1260              272.6118164062500000
2026.2054              272.7241516113281250
2026.2904              272.4492492675781250
2026.3726              271.6526184082031250
2026.4575              271.5145874023437500
2026.5397              271.6289367675781250
2026.6246              271.8257446289062500
2026.7096              271.8220825195312500
2026.7917              271.8211975097656250
2026.8767              271.7932128906250000
2026.9589              271.7340698242187500
2027.0438              272.0975341796875000
2027.1260              272.7883605957031250
2027.2054              272.9014587402343750
2027.2904              272.5152587890625000
2027.3726              271.8405151367187500
2027.4575              271.4572753906250000
2027.5397              271.6076049804687500
2027.6246              271.8064270019531250
2027.7096              271.8136596679687500
2027.7917              271.8049926757812500
2027.8767              271.7725524902343750
2027.9589              271.7304687500000000
2028.0437              271.7218933105468750
2028.1257              272.1236267089843750
2028.2076              272.3681030273437500
2028.2924              272.1749877929687500
2028.3743              271.7774963378906250
2028.4590              271.6917724609375000
2028.5410              271.6985168457031250
2028.6257              271.7326965332031250
2028.7103              271.7663574218750000
2028.7924              271.8052673339843750
2028.8771              271.7879638671875000
2028.9590              271.7427062988281250
2029.0438              271.9491271972656250
2029.1260              272.6069946289062500
2029.2054              272.8210449218750000
2029.2904              272.5679626464843750
2029.3726              272.0129699707031250
2029.4575              271.5177001953125000
2029.5397              271.6250000000000000
2029.6246              271.7888183593750000
2029.7096              271.8283996582031250
2029.7917              271.8433837890625000
2029.8767              271.8077392578125000
2029.9589              271.7451171875000000
2030.0438              272.1658325195312500
2030.1260              272.7824096679687500
2030.2054              272.8514099121093750
2030.2904              272.3780822753906250
2030.3726              271.6624755859375000
2030.4575              271.6188354492187500
2030.5397              271.8136596679687500
2030.6246              271.8609008789062500
2030.7096              271.8562316894531250
2030.7917              271.8526611328125000
2030.8767              271.8296508789062500
2030.9589              271.7596130371093750
2031.0438              272.2184753417968750
2031.1260              272.8959350585937500
2031.2054              273.0155334472656250
2031.2904              272.5715332031250000
2031.3726              271.9064331054687500
2031.4575              271.4748229980468750
2031.5397              271.7525634765625000
2031.6246              271.8289794921875000
2031.7096              271.8246154785156250
2031.7917              271.8221435546875000
2031.8767              271.8022766113281250
2031.9589              271.7442932128906250
2032.0437              272.2900695800781250
2032.1257              272.9510803222656250
2032.2076              272.9101257324218750
2032.2924              272.6439514160156250
2032.3743              272.0268554687500000
2032.4590              271.6068725585937500
2032.5410              271.6732788085937500
2032.6257              271.8204040527343750
2032.7103              271.8217773437500000
2032.7924              271.8175659179687500
2032.8771              271.7846374511718750
2032.9590              271.7208557128906250
2033.0438              271.9975585937500000
2033.1260              272.7282409667968750
2033.2054              272.8922424316406250
2033.2904              272.5395202636718750
2033.3726              271.9089355468750000
2033.4575              271.4411315917968750
2033.5397              271.6286621093750000
2033.6246              271.7630310058593750
2033.7096              271.7607421875000000
2033.7917              271.7619934082031250
2033.8767              271.7319030761718750
2033.9589              271.6779174804687500
2034.0438              271.7775878906250000
2034.1260              272.3829040527343750
2034.2054              272.5256652832031250
2034.2904              272.2586364746093750
2034.3726              271.6570129394531250
2034.4575              271.5200195312500000
2034.5397              271.6109313964843750
2034.6246              271.7349243164062500
2034.7096              271.7272949218750000
2034.7917              271.7196350097656250
2034.8767              271.6900634765625000
2034.9589              271.6541748046875000
2035.0438              271.8188171386718750
2035.1260              272.5217895507812500
2035.2054              272.7379760742187500
2035.2904              272.4388427734375000
2035.3726              271.7362365722656250
2035.4575              271.4719238281250000
2035.5397              271.6068725585937500
2035.6246              271.7349243164062500
2035.7096              271.7424926757812500
2035.7917              271.7459411621093750
2035.8767              271.7504272460937500
2035.9589              271.7148742675781250
2036.0437              272.0839538574218750
2036.1257              272.7327270507812500
2036.2076              272.8097839355468750
2036.2924              272.4039611816406250
2036.3743              271.6423339843750000
2036.4590              271.5206298828125000
2036.5410              271.6590576171875000
2036.6257              271.7829284667968750
2036.7103              271.7846679687500000
2036.7924              271.7793884277343750
2036.8771              271.7850036621093750
2036.9590              271.7559814453125000
2037.0438              271.9599914550781250
2037.1260              272.5990905761718750
2037.2054              272.7691650390625000
2037.2904              272.4526977539062500
2037.3726              271.8538818359375000
2037.4575              271.5240173339843750
2037.5397              271.5583190917968750
2037.6246              271.6599121093750000
2037.7096              271.7908630371093750
2037.7917              271.8218688964843750
2037.8767              271.8106384277343750
2037.9589              271.7655029296875000
2038.0438              271.9871215820312500
2038.1260              272.6626586914062500
2038.2054              272.8292236328125000
2038.2904              272.5075683593750000
2038.3726              271.9287414550781250
2038.4575              271.5246582031250000
2038.5397              271.5942382812500000
2038.6246              271.7394714355468750
2038.7096              271.8136596679687500
2038.7917              271.8143005371093750
2038.8767              271.7834472656250000
2038.9589              271.7400207519531250
2039.0438              272.2127380371093750
2039.1260              272.9216003417968750
2039.2054              272.9993591308593750
2039.2904              272.6295776367187500
2039.3726              271.8816833496093750
2039.4575              271.5342102050781250
2039.5397              271.7010498046875000
2039.6246              271.8069763183593750
2039.7096              271.8014221191406250
2039.7917              271.7991638183593750
2039.8767              271.7785034179687500
2039.9589              271.7332763671875000
2040.0437              271.9992065429687500
2040.1257              272.6952819824218750
2040.2076              272.8282775878906250
2040.2924              272.4510498046875000
2040.3743              271.8588867187500000
2040.4590              271.4913635253906250
2040.5410              271.5516052246093750
2040.6257              271.6875610351562500
2040.7103              271.8257141113281250
2040.7924              271.8403320312500000
2040.8771              271.8078308105468750
2040.9590              271.7449035644531250
2041.0438              272.0816040039062500
2041.1260              272.7444458007812500
2041.2054              272.8661193847656250
2041.2904              272.5032653808593750
2041.3726              271.8259582519531250
2041.4575              271.4783935546875000
2041.5397              271.6197204589843750
2041.6246              271.8047180175781250
2041.7096              271.8301086425781250
2041.7917              271.8274536132812500
2041.8767              271.7997741699218750
2041.9589              271.7460937500000000
2042.0438              272.0753479003906250
2042.1260              272.6783752441406250
2042.2054              272.6930236816406250
2042.2904              272.3695678710937500
2042.3726              271.7273559570312500
2042.4575              271.4859313964843750
2042.5397              271.5645141601562500
2042.6246              271.7656555175781250
2042.7096              271.8319091796875000
2042.7917              271.8449707031250000
2042.8767              271.8356323242187500
2042.9589              271.7895202636718750
2043.0438              272.1286010742187500
2043.1260              272.7810974121093750
2043.2054              272.9069824218750000
2043.2904              272.5225524902343750
2043.3726              271.8221740722656250
2043.4575              271.5692443847656250
2043.5397              271.8359985351562500
2043.6246              271.8928833007812500
2043.7096              271.8989257812500000
2043.7917              271.8982849121093750
2043.8767              271.8822631835937500
2043.9589              271.8359375000000000
2044.0437              272.2518005371093750
2044.1257              272.8258666992187500
2044.2076              272.9412536621093750
2044.2924              272.5931701660156250
2044.3743              271.9911804199218750
2044.4590              271.6050109863281250
2044.5410              271.8849182128906250
2044.6257              271.9320983886718750
2044.7103              271.9456176757812500
2044.7924              271.9586181640625000
2044.8771              271.9526062011718750
2044.9590              271.8878173828125000
2045.0438              272.1732788085937500
2045.1260              272.7273254394531250
2045.2054              272.8287048339843750
2045.2904              272.4040222167968750
2045.3726              271.6498107910156250
2045.4575              271.7589721679687500
2045.5397              271.9705200195312500
2045.6246              271.9809265136718750
2045.7096              271.9811096191406250
2045.7917              271.9725341796875000
2045.8767              271.9445495605468750
2045.9589              271.8687133789062500
2046.0438              271.9961853027343750
2046.1260              272.5700378417968750
2046.2054              272.6694641113281250
2046.2904              272.3056640625000000
2046.3726              271.7003479003906250
2046.4575              271.5971984863281250
2046.5397              271.8822937011718750
2046.6246              271.9439392089843750
2046.7096              271.9595947265625000
2046.7917              271.9641723632812500
2046.8767              271.9458923339843750
2046.9589              271.8745727539062500
2047.0438              272.2674865722656250
2047.1260              272.9962158203125000
2047.2054              273.1428527832031250
2047.2904              272.6728515625000000
2047.3726              272.0093688964843750
2047.4575              271.8074340820312500
2047.5397              271.9661254882812500
2047.6246              271.9723205566406250
2047.7096              271.9673156738281250
2047.7917              271.9592895507812500
2047.8767              271.9078369140625000
2047.9589              271.8589782714843750
2048.0437              271.9224853515625000
2048.1257              272.4673767089843750
2048.2078              272.6087951660156250
2048.2922              272.1894836425781250
2048.3743              271.6901245117187500
2048.4590              271.6088867187500000
2048.5410              271.8128356933593750
2048.6257              271.9289550781250000
2048.7104              271.9536743164062500
2048.7922              271.9495239257812500
2048.8770              271.8883666992187500
2048.9590              271.8191528320312500
2049.0439              272.0241394042968750
2049.1260              272.7116394042968750
2049.2056              272.8721923828125000
2049.2905              272.4323730468750000
2049.3726              271.7328186035156250
2049.4575              271.7951660156250000
2049.5398              271.9751892089843750
2049.6248              271.9946899414062500
2049.7095              271.9912109375000000
2049.7917              271.9860229492187500
2049.8767              271.9830627441406250
2049.9590              271.9379272460937500
2050.0439              272.1274414062500000
2050.1260              272.8377685546875000
2050.2056              272.8245849609375000
2050.2905              272.4908752441406250
2050.3726              271.7924499511718750
2050.4575              271.5900573730468750
2050.5398              271.8060607910156250
2050.6248              271.9573669433593750
2050.7095              271.9674377441406250
2050.7917              271.9597778320312500
2050.8767              271.9348754882812500
2050.9590              271.8507690429687500
2051.0439              272.0425415039062500
2051.1260              272.6672363281250000
2051.2056              272.7692260742187500
2051.2905              272.3147583007812500
2051.3726              271.6637573242187500
2051.4575              271.6258544921875000
2051.5398              271.8057250976562500
2051.6248              271.9293518066406250
2051.7095              271.9454956054687500
2051.7917              271.9459838867187500
2051.8767              271.9164733886718750
2051.9590              271.8354187011718750
2052.0437              271.8920898437500000
2052.1257              272.5229492187500000
2052.2078              272.6233520507812500
2052.2922              272.0992736816406250
2052.3743              271.5898132324218750
2052.4590              271.6417541503906250
2052.5410              271.8451538085937500
2052.6257              271.9390563964843750
2052.7104              271.9429931640625000
2052.7922              271.9147644042968750
2052.8770              271.8888854980468750
2052.9590              271.8411865234375000
2053.0439              272.2336730957031250
2053.1260              272.8983459472656250
2053.2056              273.0513305664062500
2053.2905              272.8125915527343750
2053.3726              272.3054809570312500
2053.4575              271.7159729003906250
2053.5398              271.7017822265625000
2053.6248              271.8693542480468750
2053.7095              271.9394226074218750
2053.7917              271.9361267089843750
2053.8767              271.8726196289062500
2053.9590              271.7972717285156250
2054.0439              272.2040405273437500
2054.1260              272.9308166503906250
2054.2056              273.0368652343750000
2054.2905              272.5555114746093750
2054.3726              271.6977539062500000
2054.4575              271.6692199707031250
2054.5398              271.7259521484375000
2054.6248              271.8463745117187500
2054.7095              271.8843688964843750
2054.7917              271.8764343261718750
2054.8767              271.7974243164062500
2054.9590              271.7164916992187500
2055.0439              271.7178955078125000
2055.1260              271.9175720214843750
2055.2056              272.0534973144531250
2055.2905              271.7790222167968750
2055.3726              271.5699157714843750
2055.4575              271.6368408203125000
2055.5398              271.7326660156250000
2055.6248              271.8629150390625000
2055.7095              271.8745117187500000
2055.7917              271.8712463378906250
2055.8767              271.8201904296875000
2055.9590              271.7631225585937500
2056.0437              271.9468688964843750
2056.1257              272.5560302734375000
2056.2078              272.6119079589843750
2056.2922              272.2452697753906250
2056.3743              271.7834472656250000
2056.4590              271.6928405761718750
2056.5410              271.7199096679687500
2056.6257              271.8094482421875000
2056.7104              271.8617553710937500
2056.7922              271.8388977050781250
2056.8770              271.7503051757812500
2056.9590              271.6768493652343750
2057.0439              272.0696411132812500
2057.1260              272.7311096191406250
2057.2056              272.7980346679687500
2057.2905              272.4679260253906250
2057.3726              271.7949218750000000
2057.4575              271.5773620605468750
2057.5398              271.6849060058593750
2057.6248              271.8074951171875000
2057.7095              271.8241882324218750
2057.7917              271.8226623535156250
2057.8767              271.8054809570312500
2057.9590              271.7380676269531250
2058.0439              271.8091125488281250
2058.1260              272.4180603027343750
2058.2056              272.5632019042968750
2058.2905              272.1772155761718750
2058.3726              271.5188293457031250
2058.4575              271.5430297851562500
2058.5398              271.6511535644531250
2058.6248              271.8188171386718750
2058.7095              271.8297119140625000
2058.7917              271.8237304687500000
2058.8767              271.7885742187500000
2058.9590              271.7330627441406250
2059.0439              272.0568237304687500
2059.1260              272.7444152832031250
2059.2056              272.9335021972656250
2059.2905              272.5403442382812500
2059.3726              271.9269714355468750
2059.4575              271.5491027832031250
2059.5398              271.6815795898437500
2059.6248              271.8495788574218750
2059.7095              271.8511962890625000
2059.7917              271.8461914062500000
2059.8767              271.8182373046875000
2059.9590              271.7795410156250000
2060.0437              272.1882324218750000
2060.1257              272.9029846191406250
2060.2078              273.0390930175781250
2060.2922              272.6789245605468750
2060.3743              272.0609130859375000
2060.4590              271.5819396972656250
2060.5410              271.5655822753906250
2060.6257              271.6752929687500000
2060.7104              271.8626403808593750
2060.7922              271.8916931152343750
2060.8770              271.8396606445312500
2060.9590              271.7741088867187500
2061.0439              271.9220581054687500
2061.1260              272.6525268554687500
2061.2056              272.9258422851562500
2061.2905              272.5592346191406250
2061.3726              271.8176269531250000
2061.4575              271.6440429687500000
2061.5398              271.7358093261718750
2061.6248              271.8581848144531250
2061.7095              271.8928833007812500
2061.7917              271.8853454589843750
2061.8767              271.8181762695312500
2061.9590              271.7466735839843750
2062.0439              272.0113525390625000
2062.1260              272.6969299316406250
2062.2056              272.8292541503906250
2062.2905              272.2763671875000000
2062.3726              271.5573730468750000
2062.4575              271.5329589843750000
2062.5398              271.6650695800781250
2062.6248              271.8943786621093750
2062.7095              271.9005737304687500
2062.7917              271.9034423828125000
2062.8767              271.8915710449218750
2062.9590              271.8408813476562500
2063.0439              271.9572143554687500
2063.1260              272.5556640625000000
2063.2056              272.7114562988281250
2063.2905              272.4013061523437500
2063.3726              271.6862182617187500
2063.4575              271.5785522460937500
2063.5398              271.7834167480468750
2063.6248              271.9367065429687500
2063.7095              271.9905090332031250
2063.7917              272.0096435546875000
2063.8767              272.0183715820312500
2063.9590              271.9649353027343750
2064.0437              272.0719604492187500
2064.1257              272.5091857910156250
2064.2078              272.6559143066406250
2064.2922              272.2801208496093750
2064.3743              271.7500305175781250
2064.4590              271.8295288085937500
2064.5410              271.9226074218750000
2064.6257              272.0048522949218750
2064.7104              272.0411682128906250
2064.7922              272.0549926757812500
2064.8770              272.0439147949218750
2064.9590              271.9833068847656250
2065.0439              272.0416564941406250
2065.1260              272.6732177734375000
2065.2056              272.9808044433593750
2065.2905              272.4687500000000000
2065.3726              271.6638488769531250
2065.4575              271.6534423828125000
2065.5398              271.7329711914062500
2065.6248              271.8175354003906250
2065.7095              271.8962097167968750
2065.7917              271.9539489746093750
2065.8767              271.9648742675781250
2065.9590              271.9402770996093750
2066.0439              272.6085205078125000
2066.1260              273.2659301757812500
2066.2056              273.3509521484375000
2066.2905              272.9588928222656250
2066.3726              272.0649414062500000
2066.4575              271.7425537109375000
2066.5398              271.9890747070312500
2066.6248              272.0634460449218750
2066.7095              272.0726013183593750
2066.7917              272.0628662109375000
2066.8767              272.0157470703125000
2066.9590              271.9428710937500000
2067.0439              272.2998962402343750
2067.1260              272.9517822265625000
2067.2056              273.0768432617187500
2067.2905              272.7464599609375000
2067.3726              271.9634399414062500
2067.4575              271.6025085449218750
2067.5398              271.7807312011718750
2067.6248              271.9570007324218750
2067.7095              272.0183105468750000
2067.7917              272.0266113281250000
2067.8767              272.0007934570312500
2067.9590              271.9308776855468750
2068.0437              272.0733947753906250
2068.1257              272.6199645996093750
2068.2078              272.7093200683593750
2068.2922              272.3372497558593750
2068.3743              271.7899169921875000
2068.4590              271.6835632324218750
2068.5410              271.8007812500000000
2068.6257              272.0002441406250000
2068.7104              272.0171508789062500
2068.7922              272.0108642578125000
2068.8770              271.9783630371093750
2068.9590              271.9167480468750000
2069.0439              271.8753356933593750
2069.1260              272.1043090820312500
2069.2056              272.4880065917968750
2069.2905              272.4635925292968750
2069.3726              271.9093627929687500
2069.4575              271.6344604492187500
2069.5398              271.7379150390625000
2069.6248              271.8413696289062500
2069.7095              271.9608764648437500
2069.7917              271.9794616699218750
2069.8767              271.9202575683593750
2069.9590              271.8466186523437500
2070.0439              271.8459167480468750
2070.1260              272.4023437500000000
2070.2056              272.6295166015625000
2070.2905              272.3509521484375000
2070.3726              271.7482910156250000
2070.4575              271.6213684082031250
2070.5398              271.8000183105468750
2070.6248              271.9562988281250000
2070.7095              271.9939575195312500
2070.7917              271.9881591796875000
2070.8767              271.9085693359375000
2070.9590              271.8395996093750000
2071.0439              272.0146789550781250
2071.1260              272.5998229980468750
2071.2056              272.7460937500000000
2071.2905              272.4912109375000000
2071.3726              272.0008544921875000
2071.4575              271.5376892089843750
2071.5398              271.6664428710937500
2071.6248              271.9545593261718750
2071.7095              271.9910888671875000
2071.7917              271.9992980957031250
2071.8767              271.9563598632812500
2071.9590              271.8740539550781250
2072.0437              271.9380493164062500
2072.1257              272.3898315429687500
2072.2078              272.5748901367187500
2072.2922              272.1727294921875000
2072.3743              271.6000061035156250
2072.4590              271.6717529296875000
2072.5410              271.9461669921875000
2072.6257              271.9951782226562500
2072.7104              272.0042419433593750
2072.7922              272.0060729980468750
2072.8770              271.9637451171875000
2072.9590              271.8843383789062500
2073.0439              271.9788208007812500
2073.1260              272.6467895507812500
2073.2056              272.9075012207031250
2073.2905              272.5850524902343750
2073.3726              271.7836608886718750
2073.4575              271.6441040039062500
2073.5398              271.7338562011718750
2073.6248              271.8919372558593750
2073.7095              271.9423828125000000
2073.7917              271.9646606445312500
2073.8767              271.9123229980468750
2073.9590              271.8244934082031250
2074.0439              271.7935485839843750
2074.1260              271.9595947265625000
2074.2056              272.2499389648437500
2074.2905              272.0082702636718750
2074.3726              271.7187500000000000
2074.4575              271.6082153320312500
2074.5398              271.6597290039062500
2074.6248              271.7348632812500000
2074.7095              271.8365173339843750
2074.7917              271.8852844238281250
2074.8767              271.8303833007812500
2074.9590              271.7727661132812500
2075.0439              272.0895690917968750
2075.1260              272.7620239257812500
2075.2056              272.9394836425781250
2075.2905              272.5137329101562500
2075.3726              271.7954101562500000
2075.4575              271.5823059082031250
2075.5398              271.6421203613281250
2075.6248              271.7929992675781250
2075.7095              271.9099426269531250
2075.7917              271.9428405761718750
2075.8767              271.9111022949218750
2075.9590              271.8439636230468750
2076.0437              272.1877136230468750
2076.1257              272.9245300292968750
2076.2078              273.0666503906250000
2076.2922              272.6753540039062500
2076.3743              271.8532714843750000
2076.4590              271.6623840332031250
2076.5410              271.7498474121093750
2076.6257              271.9029541015625000
2076.7104              271.9432067871093750
2076.7922              271.9389038085937500
2076.8770              271.8711242675781250
2076.9590              271.8067321777343750
2077.0439              271.9730834960937500
2077.1260              272.5591735839843750
2077.2056              272.6945190429687500
2077.2905              272.2273559570312500
2077.3726              271.6103515625000000
2077.4575              271.6017761230468750
2077.5398              271.7529296875000000
2077.6248              271.9546813964843750
2077.7095              271.9689636230468750
2077.7917              271.9760437011718750
2077.8767              271.9304199218750000
2077.9590              271.8472900390625000
2078.0439              271.9887390136718750
2078.1260              272.6052856445312500
2078.2056              272.6398620605468750
2078.2905              272.2773132324218750
2078.3726              271.7111511230468750
2078.4575              271.6409606933593750
2078.5398              271.7213745117187500
2078.6248              271.8621826171875000
2078.7095              271.9497680664062500
2078.7917              271.9554443359375000
2078.8767              271.9018859863281250
2078.9590              271.8292846679687500
2079.0439              271.9224243164062500
2079.1260              272.4908142089843750
2079.2056              272.7175292968750000
2079.2905              272.3487548828125000
2079.3726              271.8012084960937500
2079.4575              271.6090087890625000
2079.5398              271.7080993652343750
2079.6248              271.8316040039062500
2079.7095              271.9600219726562500
2079.7917              271.9725952148437500
2079.8767              271.8983459472656250
2079.9590              271.8425903320312500
2080.0437              272.2924194335937500
2080.1257              272.9179687500000000
2080.2078              273.0576171875000000
2080.2922              272.7673950195312500
2080.3743              271.9458923339843750
2080.4590              271.4815673828125000
2080.5410              271.6601562500000000
2080.6257              271.8496093750000000
2080.7104              271.9158325195312500
2080.7922              271.9404602050781250
2080.8770              271.8957214355468750
2080.9590              271.8371276855468750
