1859.0438              273.8273315429687500
1859.1288              274.4721679687500000
1859.2054              274.4126281738281250
1859.2904              273.7483520507812500
1859.3726              272.7957458496093750
1859.4575              271.7729492187500000
1859.5397              271.9185180664062500
1859.6246              272.3612060546875000
1859.7096              272.3290100097656250
1859.7917              272.2622680664062500
1859.8767              272.2715759277343750
1859.9589              272.7067565917968750
1860.0437              273.6210937500000000
1860.1284              274.2252502441406250
1860.2076              274.2372741699218750
1860.2924              273.6796569824218750
1860.3743              272.6876220703125000
1860.4590              271.8590087890625000
1860.5410              272.4128723144531250
1860.6257              272.4649963378906250
1860.7103              272.4703979492187500
1860.7924              272.3601379394531250
1860.8771              272.2963867187500000
1860.9590              272.6454162597656250
1861.0438              273.5800476074218750
1861.1288              274.3299560546875000
1861.2054              274.3364562988281250
1861.2904              273.7463684082031250
1861.3726              272.8832092285156250
1861.4575              272.0966796875000000
1861.5397              271.8864440917968750
1861.6246              272.4794311523437500
1861.7096              272.6392211914062500
1861.7917              272.6479797363281250
1861.8767              272.6573486328125000
1861.9589              273.1129760742187500
1862.0438              274.0461120605468750
1862.1288              274.6262817382812500
1862.2054              274.5107727050781250
1862.2904              273.9965515136718750
1862.3726              273.2357177734375000
1862.4575              272.3441467285156250
1862.5397              271.8068847656250000
1862.6246              272.1844482421875000
1862.7096              272.3705444335937500
1862.7917              272.3695373535156250
1862.8767              272.4241027832031250
1862.9589              272.9997253417968750
1863.0438              274.0265502929687500
1863.1288              274.5577087402343750
1863.2054              274.3922729492187500
1863.2904              273.8183898925781250
1863.3726              273.0709838867187500
1863.4575              272.3569946289062500
1863.5397              271.6739807128906250
1863.6246              271.9609375000000000
1863.7096              272.1653442382812500
1863.7917              272.2419433593750000
1863.8767              272.3385314941406250
1863.9589              272.8396606445312500
1864.0437              273.7203979492187500
1864.1284              274.3791809082031250
1864.2076              274.3272094726562500
1864.2924              273.6804199218750000
1864.3743              273.0020446777343750
1864.4590              272.0492553710937500
1864.5410              272.0165710449218750
1864.6257              272.4447021484375000
1864.7103              272.4096374511718750
1864.7924              272.3660278320312500
1864.8771              272.3735656738281250
1864.9590              272.7997131347656250
1865.0438              273.7858886718750000
1865.1288              274.3555603027343750
1865.2054              274.4007873535156250
1865.2904              273.7563781738281250
1865.3726              272.7879943847656250
1865.4575              271.9663085937500000
1865.5397              272.1916809082031250
1865.6246              272.3881530761718750
1865.7096              272.4237670898437500
1865.7917              272.5036010742187500
1865.8767              272.5611267089843750
1865.9589              272.8723754882812500
1866.0438              273.6798095703125000
1866.1288              274.2012329101562500
1866.2054              274.1663513183593750
1866.2904              273.4616699218750000
1866.3726              272.5714721679687500
1866.4575              271.7888488769531250
1866.5397              271.9660339355468750
1866.6246              272.1212768554687500
1866.7096              272.2285156250000000
1866.7917              272.2804870605468750
1866.8767              272.2988586425781250
1866.9589              272.5884399414062500
1867.0438              273.5504760742187500
1867.1288              274.1244506835937500
1867.2054              274.1316833496093750
1867.2904              273.6082763671875000
1867.3726              272.6459045410156250
1867.4575              271.8688354492187500
1867.5397              271.7966003417968750
1867.6246              272.2554321289062500
1867.7096              272.4154968261718750
1867.7917              272.5444946289062500
1867.8767              272.5844726562500000
1867.9589              272.7163696289062500
1868.0437              273.4225158691406250
1868.1284              273.9699096679687500
1868.2076              273.8973999023437500
1868.2924              273.3554382324218750
1868.3743              272.4700927734375000
1868.4590              271.7156982421875000
1868.5410              271.5153503417968750
1868.6257              271.9510498046875000
1868.7103              272.0815124511718750
1868.7924              272.1744995117187500
1868.8771              272.2246704101562500
1868.9590              272.5526428222656250
1869.0438              273.4953613281250000
1869.1288              273.9914245605468750
1869.2054              273.8486938476562500
1869.2904              273.2448425292968750
1869.3726              272.5044555664062500
1869.4575              271.6725463867187500
1869.5397              271.7911071777343750
1869.6246              272.0466003417968750
1869.7096              272.0931396484375000
1869.7917              272.1461181640625000
1869.8767              272.2065124511718750
1869.9589              272.5086669921875000
1870.0438              273.4415588378906250
1870.1288              274.1366577148437500
1870.2054              274.1622314453125000
1870.2904              273.5506896972656250
1870.3726              272.6423645019531250
1870.4575              271.7192687988281250
1870.5397              271.7470703125000000
1870.6246              272.1217346191406250
1870.7096              272.2792358398437500
1870.7917              272.3236999511718750
1870.8767              272.2885742187500000
1870.9589              272.5092468261718750
1871.0438              273.3975219726562500
1871.1288              273.9928588867187500
1871.2054              274.1634521484375000
1871.2904              273.4924316406250000
1871.3726              272.6386108398437500
1871.4575              271.9841308593750000
1871.5397              271.6244201660156250
1871.6246              271.7387390136718750
1871.7096              271.9274902343750000
1871.7917              272.0550842285156250
1871.8767              272.1488952636718750
1871.9589              272.5675048828125000
1872.0437              273.4821777343750000
1872.1284              274.1679992675781250
1872.2076              274.1520996093750000
1872.2924              273.6715698242187500
1872.3743              272.7740478515625000
1872.4590              272.0509338378906250
1872.5410              272.0371704101562500
1872.6257              272.2410278320312500
1872.7103              272.2442626953125000
1872.7924              272.2366638183593750
1872.8771              272.2308349609375000
1872.9590              272.4199218750000000
1873.0438              273.2622985839843750
1873.1288              273.8549194335937500
1873.2054              273.8648681640625000
1873.2904              273.2830200195312500
1873.3726              272.5861206054687500
1873.4575              271.8153686523437500
1873.5397              271.4950866699218750
1873.6246              271.8087463378906250
1873.7096              271.9329528808593750
1873.7917              272.1137695312500000
1873.8767              272.2402648925781250
1873.9589              272.6673583984375000
1874.0438              273.6082153320312500
1874.1288              274.2021179199218750
1874.2054              274.1636047363281250
1874.2904              273.5864257812500000
1874.3726              272.4693603515625000
1874.4575              271.7608337402343750
1874.5397              272.0164489746093750
1874.6246              272.5120544433593750
1874.7096              272.7008666992187500
1874.7917              272.7333679199218750
1874.8767              272.7247924804687500
1874.9589              273.1585388183593750
1875.0438              274.0444030761718750
1875.1288              274.4425048828125000
1875.2054              274.3740234375000000
1875.2904              273.7205200195312500
1875.3726              272.5758972167968750
1875.4575              271.6271362304687500
1875.5397              272.3300781250000000
1875.6246              272.4628906250000000
1875.7096              272.5183410644531250
1875.7917              272.4879760742187500
1875.8767              272.4395446777343750
1875.9589              272.9118347167968750
1876.0437              273.8013610839843750
1876.1284              274.2771301269531250
1876.2076              274.1083984375000000
1876.2924              273.5817260742187500
1876.3743              272.8874511718750000
1876.4590              272.3126220703125000
1876.5410              271.9679565429687500
1876.6257              271.9074707031250000
1876.7103              272.3919982910156250
1876.7924              272.5758666992187500
1876.8771              272.6026611328125000
1876.9590              273.0254821777343750
1877.0438              274.1047058105468750
1877.1288              274.7105407714843750
1877.2054              274.5281982421875000
1877.2904              273.7324523925781250
1877.3726              272.8547973632812500
1877.4575              272.2794494628906250
1877.5397              272.0462036132812500
1877.6246              272.2693786621093750
1877.7096              272.5299072265625000
1877.7917              272.6937255859375000
1877.8767              272.7271118164062500
1877.9589              273.0067749023437500
1878.0438              273.7805786132812500
1878.1288              274.2420043945312500
1878.2054              274.1540527343750000
1878.2904              273.4026184082031250
1878.3726              272.6496887207031250
1878.4575              271.9449462890625000
1878.5397              271.7868347167968750
1878.6246              272.2194519042968750
1878.7096              272.4053344726562500
1878.7917              272.5261840820312500
1878.8767              272.6101379394531250
1878.9589              273.1246337890625000
1879.0438              274.0607604980468750
1879.1288              274.4961242675781250
1879.2054              274.3792724609375000
1879.2904              273.8252258300781250
1879.3726              272.6898193359375000
1879.4575              271.8151550292968750
1879.5397              272.0780029296875000
1879.6246              272.4899902343750000
1879.7096              272.5723571777343750
1879.7917              272.6337890625000000
1879.8767              272.6429748535156250
1879.9589              273.0855407714843750
1880.0437              273.9386596679687500
1880.1284              274.3734741210937500
1880.2076              274.2592773437500000
1880.2924              273.6108093261718750
1880.3743              272.6151123046875000
1880.4590              271.7996215820312500
1880.5410              271.8369140625000000
1880.6257              272.2370300292968750
1880.7103              272.4945983886718750
1880.7924              272.5942382812500000
1880.8771              272.5947265625000000
1880.9590              272.8527526855468750
1881.0438              273.6623229980468750
1881.1288              274.1718139648437500
1881.2054              274.1134948730468750
1881.2904              273.6565856933593750
1881.3726              272.8256225585937500
1881.4575              271.8022155761718750
1881.5397              271.8714904785156250
1881.6246              272.2048645019531250
1881.7096              272.4323730468750000
1881.7917              272.5821533203125000
1881.8767              272.7134399414062500
1881.9589              273.1574707031250000
1882.0438              274.0223693847656250
1882.1288              274.5550842285156250
1882.2054              274.3720397949218750
1882.2904              273.7640075683593750
1882.3726              272.8629455566406250
1882.4575              271.8736877441406250
1882.5397              272.0056152343750000
1882.6246              272.1328430175781250
1882.7096              272.2369995117187500
1882.7917              272.2486877441406250
1882.8767              272.2214355468750000
1882.9589              272.6697387695312500
1883.0438              273.7435913085937500
1883.1288              274.3009338378906250
1883.2054              274.2935791015625000
1883.2904              273.8517456054687500
1883.3726              272.8206176757812500
1883.4575              271.9624938964843750
1883.5397              271.4452209472656250
1883.6246              272.0608825683593750
1883.7096              272.2474060058593750
1883.7917              272.3575744628906250
1883.8767              272.4897766113281250
1883.9589              272.9291687011718750
1884.0437              273.7793884277343750
1884.1284              274.3033447265625000
1884.2076              274.2368164062500000
1884.2924              273.6680297851562500
1884.3743              272.8618164062500000
1884.4590              272.1169738769531250
1884.5410              271.5892333984375000
1884.6257              271.7295837402343750
1884.7103              272.0379638671875000
1884.7924              272.3160400390625000
1884.8771              272.4385070800781250
1884.9590              272.8348083496093750
1885.0438              273.7031860351562500
1885.1288              274.2695617675781250
1885.2054              274.0374145507812500
1885.2904              273.4939575195312500
1885.3726              272.5333557128906250
1885.4575              271.6909790039062500
1885.5397              271.8866271972656250
1885.6246              272.1546936035156250
1885.7096              272.3182373046875000
1885.7917              272.4577941894531250
1885.8767              272.5323791503906250
1885.9589              272.9019470214843750
1886.0438              273.8182373046875000
1886.1288              274.3515930175781250
1886.2054              274.2561645507812500
1886.2904              273.5946350097656250
1886.3726              272.5892333984375000
1886.4575              271.8167724609375000
1886.5397              271.6096191406250000
1886.6246              272.2526550292968750
1886.7096              272.5064392089843750
1886.7917              272.5680541992187500
1886.8767              272.5959472656250000
1886.9589              273.0559997558593750
1887.0438              273.9187622070312500
1887.1288              274.3638000488281250
1887.2054              274.3395385742187500
1887.2904              273.6911315917968750
1887.3726              272.9193725585937500
1887.4575              272.2486572265625000
1887.5397              271.7891235351562500
1887.6246              272.1724853515625000
1887.7096              272.3755798339843750
1887.7917              272.4006347656250000
1887.8767              272.5164489746093750
1887.9589              273.0352172851562500
1888.0437              274.0216064453125000
1888.1284              274.6388244628906250
1888.2076              274.4932556152343750
1888.2924              273.8474426269531250
1888.3743              272.9897766113281250
1888.4590              271.9713134765625000
1888.5410              271.7474365234375000
1888.6257              272.3185424804687500
1888.7103              272.4443054199218750
1888.7924              272.4884338378906250
1888.8771              272.5372924804687500
1888.9590              273.0148010253906250
1889.0438              274.0536499023437500
1889.1288              274.6434631347656250
1889.2054              274.5461730957031250
1889.2904              273.7445068359375000
1889.3726              272.6280822753906250
1889.4575              271.8844909667968750
1889.5397              271.8815002441406250
1889.6246              272.2645874023437500
1889.7096              272.6570739746093750
1889.7917              272.6627197265625000
1889.8767              272.6975097656250000
1889.9589              273.0132446289062500
1890.0438              273.8709411621093750
1890.1288              274.3663635253906250
1890.2054              274.4054870605468750
1890.2904              273.7496948242187500
1890.3726              272.8268432617187500
1890.4575              272.0599975585937500
1890.5397              271.6685485839843750
1890.6246              272.2435302734375000
1890.7096              272.6461791992187500
1890.7917              272.7382202148437500
1890.8767              272.6970520019531250
1890.9589              272.9330444335937500
1891.0438              273.8580322265625000
1891.1288              274.3656311035156250
1891.2054              274.2141723632812500
1891.2904              273.4635925292968750
1891.3726              272.7340087890625000
1891.4575              272.0347595214843750
1891.5397              271.6820678710937500
1891.6246              271.9816894531250000
1891.7096              272.1959533691406250
1891.7917              272.3837280273437500
1891.8767              272.5232238769531250
1891.9589              272.9139404296875000
1892.0437              273.8746948242187500
1892.1284              274.4569396972656250
1892.2076              274.4401855468750000
1892.2924              273.9284362792968750
1892.3743              272.8689575195312500
1892.4590              271.9288635253906250
1892.5410              271.5657348632812500
1892.6257              271.4249877929687500
1892.7103              271.7436523437500000
1892.7924              271.9723815917968750
1892.8771              272.0564880371093750
1892.9590              272.3750305175781250
1893.0438              273.1954956054687500
1893.1288              273.6870422363281250
1893.2054              273.4857177734375000
1893.2904              272.8338623046875000
1893.3726              272.0861206054687500
1893.4575              271.4767456054687500
1893.5397              271.6494140625000000
1893.6246              271.8591308593750000
1893.7096              272.0259399414062500
1893.7917              272.1352844238281250
1893.8767              272.2009887695312500
1893.9589              272.5251770019531250
1894.0438              273.5261840820312500
1894.1288              274.1552734375000000
1894.2054              274.1596679687500000
1894.2904              273.5791015625000000
1894.3726              272.7974548339843750
1894.4575              271.9243469238281250
1894.5397              271.9125671386718750
1894.6246              272.2281799316406250
1894.7096              272.2677917480468750
1894.7917              272.2044372558593750
1894.8767              272.2307434082031250
1894.9589              272.4681091308593750
1895.0438              273.3732910156250000
1895.1288              273.8019714355468750
1895.2054              273.8171081542968750
1895.2904              273.4473876953125000
1895.3726              272.5887756347656250
1895.4575              271.8798828125000000
1895.5397              271.4283447265625000
1895.6246              271.8715515136718750
1895.7096              272.0529174804687500
1895.7917              272.1066284179687500
1895.8767              272.1893310546875000
1895.9589              272.7369384765625000
1896.0437              273.6069946289062500
1896.1284              274.0670166015625000
1896.2076              274.1399841308593750
1896.2924              273.7169799804687500
1896.3743              272.8719787597656250
1896.4590              272.0874633789062500
1896.5410              271.5164794921875000
1896.6257              271.9996337890625000
1896.7103              272.2307128906250000
1896.7924              272.3088073730468750
1896.8771              272.3107299804687500
1896.9590              272.6363220214843750
1897.0438              273.5396728515625000
1897.1288              274.1771850585937500
1897.2054              274.2113342285156250
1897.2904              273.6595153808593750
1897.3726              272.9558715820312500
1897.4575              271.9407348632812500
1897.5397              271.7702636718750000
1897.6246              272.1633300781250000
1897.7096              272.3192749023437500
1897.7917              272.4027709960937500
1897.8767              272.5297851562500000
1897.9589              273.1239624023437500
1898.0438              273.8980407714843750
1898.1288              274.4488220214843750
1898.2054              274.4350891113281250
1898.2904              273.9945983886718750
1898.3726              273.1321716308593750
1898.4575              272.2613525390625000
1898.5397              271.5758056640625000
1898.6246              271.8517456054687500
1898.7096              272.0090026855468750
1898.7917              272.1698913574218750
1898.8767              272.2524108886718750
1898.9589              272.5383911132812500
1899.0438              273.4379272460937500
1899.1288              274.1055908203125000
1899.2054              274.0251464843750000
1899.2904              273.4227600097656250
1899.3726              272.3973388671875000
1899.4575              271.5924377441406250
1899.5397              271.4885253906250000
1899.6246              271.9784240722656250
1899.7096              272.1475830078125000
1899.7917              272.2855224609375000
1899.8767              272.4425354003906250
1899.9589              272.7404785156250000
1900.0438              273.5440673828125000
1900.1288              274.1242370605468750
1900.2054              274.1137695312500000
1900.2904              273.4100952148437500
1900.3726              272.3878173828125000
1900.4575              271.7116088867187500
1900.5397              271.5884399414062500
1900.6246              271.7723999023437500
1900.7096              271.9288024902343750
1900.7917              272.0959472656250000
1900.8767              272.2083129882812500
1900.9589              272.4485168457031250
1901.0438              273.2872009277343750
1901.1288              273.8313903808593750
1901.2054              273.8244628906250000
1901.2904              273.3101196289062500
1901.3726              272.4086608886718750
1901.4575              271.5997009277343750
1901.5397              271.8352355957031250
1901.6246              272.1579895019531250
1901.7096              272.2783508300781250
1901.7917              272.3206787109375000
1901.8767              272.4226379394531250
1901.9589              272.8807678222656250
1902.0438              273.8192443847656250
1902.1288              274.4266052246093750
1902.2054              274.3478698730468750
1902.2904              273.8023986816406250
1902.3726              272.9618530273437500
1902.4575              272.1168518066406250
1902.5397              271.5289001464843750
1902.6246              272.0591430664062500
1902.7096              272.2243652343750000
1902.7917              272.2991333007812500
1902.8767              272.3977355957031250
1902.9589              272.8841552734375000
1903.0438              273.9700317382812500
1903.1288              274.6985168457031250
1903.2054              274.6629333496093750
1903.2904              274.0234375000000000
1903.3726              273.0732116699218750
1903.4575              272.1654357910156250
1903.5397              271.8595886230468750
1903.6246              272.2879028320312500
1903.7096              272.4911804199218750
1903.7917              272.6157226562500000
1903.8767              272.7340393066406250
1903.9589              273.2763366699218750
1904.0437              274.1936645507812500
1904.1284              274.6875610351562500
1904.2076              274.5772705078125000
1904.2924              274.0158691406250000
1904.3743              273.2538452148437500
1904.4590              272.3445739746093750
1904.5410              271.7411193847656250
1904.6257              272.1920471191406250
1904.7103              272.4134216308593750
1904.7924              272.5893859863281250
1904.8771              272.6761779785156250
1904.9590              273.2029113769531250
1905.0438              274.1319885253906250
1905.1288              274.5286560058593750
1905.2054              274.3342285156250000
1905.2904              273.7681274414062500
1905.3726              273.0856018066406250
1905.4575              272.3468322753906250
1905.5397              271.7525329589843750
1905.6246              271.4368591308593750
1905.7096              271.9543762207031250
1905.7917              272.3728332519531250
1905.8767              272.4849243164062500
1905.9589              272.7524414062500000
1906.0438              273.5628051757812500
1906.1288              274.2532958984375000
1906.2054              274.2477416992187500
1906.2904              273.8281250000000000
1906.3726              272.8820800781250000
1906.4575              272.0536193847656250
1906.5397              271.6824035644531250
1906.6246              271.9747619628906250
1906.7096              272.1387634277343750
1906.7917              272.2372131347656250
1906.8767              272.3709716796875000
1906.9589              272.8488159179687500
1907.0438              273.8489685058593750
1907.1288              274.4194030761718750
1907.2054              274.2108459472656250
1907.2904              273.7238464355468750
1907.3726              272.8298950195312500
1907.4575              271.9159851074218750
1907.5397              271.6447448730468750
1907.6246              272.3143920898437500
1907.7096              272.3160095214843750
1907.7917              272.2603759765625000
1907.8767              272.3120422363281250
1907.9589              272.8344116210937500
1908.0437              273.9532165527343750
1908.1284              274.6016845703125000
1908.2076              274.4919738769531250
1908.2924              273.8414611816406250
1908.3743              272.9354858398437500
1908.4590              272.1600952148437500
1908.5410              271.9258422851562500
1908.6257              272.2574157714843750
1908.7103              272.4194335937500000
1908.7924              272.4688415527343750
1908.8771              272.4133300781250000
1908.9590              272.5471496582031250
1909.0438              273.4142456054687500
1909.1288              273.9427490234375000
1909.2054              273.9297180175781250
1909.2904              273.5793762207031250
1909.3726              272.7517395019531250
1909.4575              271.8208007812500000
1909.5397              271.6325073242187500
1909.6246              272.0713500976562500
1909.7096              272.1086730957031250
1909.7917              272.0991821289062500
1909.8767              272.1594848632812500
1909.9589              272.6065673828125000
1910.0438              273.4888610839843750
1910.1288              274.1678161621093750
1910.2054              274.1250610351562500
1910.2904              273.4396057128906250
1910.3726              272.2984619140625000
1910.4575              271.6058349609375000
1910.5397              271.6084289550781250
1910.6246              271.8934631347656250
1910.7096              272.0351562500000000
1910.7917              272.1035766601562500
1910.8767              272.1421813964843750
1910.9589              272.2938537597656250
1911.0438              272.9729614257812500
1911.1288              273.6173706054687500
1911.2054              273.7028503417968750
1911.2904              273.1043701171875000
1911.3726              272.0460205078125000
1911.4575              271.5631408691406250
1911.5397              271.9460144042968750
1911.6246              272.1175231933593750
1911.7096              272.2633666992187500
1911.7917              272.3425598144531250
1911.8767              272.3887023925781250
1911.9589              272.8356933593750000
1912.0437              273.7122192382812500
1912.1284              274.3177490234375000
1912.2076              274.3662719726562500
1912.2924              273.8945312500000000
1912.3743              272.9001464843750000
1912.4590              272.1278686523437500
1912.5410              271.5488586425781250
1912.6257              271.9017944335937500
1912.7103              272.1480407714843750
1912.7924              272.1599121093750000
1912.8771              272.2095336914062500
1912.9590              272.6549072265625000
1913.0438              273.5556335449218750
1913.1288              274.1515197753906250
1913.2054              274.1577758789062500
1913.2904              273.6147460937500000
1913.3726              272.7258911132812500
1913.4575              271.8620300292968750
1913.5397              271.8184204101562500
1913.6246              271.9888305664062500
1913.7096              272.0866699218750000
1913.7917              272.1671142578125000
1913.8767              272.2609558105468750
1913.9589              272.6785278320312500
1914.0438              273.6349792480468750
1914.1288              274.2273864746093750
1914.2054              274.2431335449218750
1914.2904              273.6472167968750000
1914.3726              272.6416625976562500
1914.4575              271.7913818359375000
1914.5397              271.8255004882812500
1914.6246              272.2780456542968750
1914.7096              272.5063476562500000
1914.7917              272.5510559082031250
1914.8767              272.5460510253906250
1914.9589              272.6834106445312500
1915.0438              273.4054870605468750
1915.1288              273.9300842285156250
1915.2054              273.9307556152343750
1915.2904              273.3573608398437500
1915.3726              272.3739624023437500
1915.4575              271.6859741210937500
1915.5397              271.8422851562500000
1915.6246              272.3208312988281250
1915.7096              272.4220275878906250
1915.7917              272.4869995117187500
1915.8767              272.5464172363281250
1915.9589              273.0093994140625000
1916.0437              273.8690185546875000
1916.1284              274.4371643066406250
1916.2076              274.3670654296875000
1916.2924              273.8598632812500000
1916.3743              272.9155273437500000
1916.4590              272.1727600097656250
1916.5410              272.0612182617187500
1916.6257              272.4846496582031250
1916.7103              272.5090026855468750
1916.7924              272.4615478515625000
1916.8771              272.4621887207031250
1916.9590              272.9433593750000000
1917.0438              274.0568237304687500
1917.1288              274.6854248046875000
1917.2054              274.5981750488281250
1917.2904              273.9430236816406250
1917.3726              272.8918457031250000
1917.4575              271.8088073730468750
1917.5397              271.9607238769531250
1917.6246              272.3634338378906250
1917.7096              272.4448242187500000
1917.7917              272.4818115234375000
1917.8767              272.5733032226562500
1917.9589              273.1641235351562500
1918.0438              274.1383666992187500
1918.1288              274.6804504394531250
1918.2054              274.5456848144531250
1918.2904              273.9492187500000000
1918.3726              272.8554687500000000
1918.4575              271.9226074218750000
1918.5397              271.8475341796875000
1918.6246              272.2707519531250000
1918.7096              272.4459838867187500
1918.7917              272.5969238281250000
1918.8767              272.6652526855468750
1918.9589              273.0300598144531250
1919.0438              273.7767944335937500
1919.1288              274.2948608398437500
1919.2054              274.3244934082031250
1919.2904              273.8441162109375000
1919.3726              272.8296203613281250
1919.4575              272.1122741699218750
1919.5397              271.6186828613281250
1919.6246              272.1663513183593750
1919.7096              272.4396057128906250
1919.7917              272.4996643066406250
1919.8767              272.5198059082031250
1919.9589              272.9067077636718750
1920.0437              273.7144470214843750
1920.1284              274.2498779296875000
1920.2076              274.1765747070312500
1920.2924              273.5874328613281250
1920.3743              272.8822937011718750
1920.4590              272.2206726074218750
1920.5410              271.5858764648437500
1920.6257              271.7104797363281250
1920.7103              271.9572448730468750
1920.7924              272.0404357910156250
1920.8771              272.1127319335937500
1920.9590              272.4851074218750000
1921.0438              273.4415283203125000
1921.1288              274.0702819824218750
1921.2054              274.0314331054687500
1921.2904              273.3023681640625000
1921.3726              272.4353027343750000
1921.4575              271.7570190429687500
1921.5397              271.5731811523437500
1921.6246              272.0107727050781250
1921.7096              272.0833435058593750
1921.7917              272.1212463378906250
1921.8767              272.1899414062500000
1921.9589              272.6819152832031250
1922.0438              273.5951232910156250
1922.1288              274.2481384277343750
1922.2054              274.2592773437500000
1922.2904              273.7381286621093750
1922.3726              272.9300537109375000
1922.4575              271.9660949707031250
1922.5397              271.7821960449218750
1922.6246              272.1475219726562500
1922.7096              272.2673645019531250
1922.7917              272.2710571289062500
1922.8767              272.2636718750000000
1922.9589              272.5237426757812500
1923.0438              273.4159851074218750
1923.1288              274.1479187011718750
1923.2054              274.1956176757812500
1923.2904              273.6326904296875000
1923.3726              272.5903625488281250
1923.4575              271.7268066406250000
1923.5397              271.7216491699218750
1923.6246              272.0689697265625000
1923.7096              272.1654663085937500
1923.7917              272.2292785644531250
1923.8767              272.2555541992187500
1923.9589              272.5370483398437500
1924.0437              273.5695800781250000
1924.1284              274.2350158691406250
1924.2076              274.1452331542968750
1924.2924              273.6439208984375000
1924.3743              272.7193603515625000
1924.4590              271.8513183593750000
1924.5410              271.6027221679687500
1924.6257              272.1241149902343750
1924.7103              272.2603759765625000
1924.7924              272.3332824707031250
1924.8771              272.4705810546875000
1924.9590              273.0330200195312500
1925.0438              273.9483032226562500
1925.1288              274.3884277343750000
1925.2054              274.2445983886718750
1925.2904              273.7257690429687500
1925.3726              272.6689758300781250
1925.4575              271.9775390625000000
1925.5397              271.5075683593750000
1925.6246              271.7894287109375000
1925.7096              272.0831298828125000
1925.7917              272.3283691406250000
1925.8767              272.4874267578125000
1925.9589              272.7565002441406250
1926.0438              273.5583190917968750
1926.1288              274.1791381835937500
1926.2054              274.1767272949218750
1926.2904              273.6861877441406250
1926.3726              272.9406127929687500
1926.4575              272.2016906738281250
1926.5397              271.6556701660156250
1926.6246              271.8949890136718750
1926.7096              272.2770080566406250
1926.7917              272.3322448730468750
1926.8767              272.3580322265625000
1926.9589              272.7565917968750000
1927.0438              273.7435302734375000
1927.1288              274.2615051269531250
1927.2054              274.3081054687500000
1927.2904              273.7586364746093750
1927.3726              272.7955627441406250
1927.4575              272.0017395019531250
1927.5397              271.9829711914062500
1927.6246              272.3270874023437500
1927.7096              272.3766174316406250
1927.7917              272.3787841796875000
1927.8767              272.4687500000000000
1927.9589              272.9316406250000000
1928.0437              273.8953247070312500
1928.1284              274.5230102539062500
1928.2076              274.4275817871093750
1928.2924              273.7485351562500000
1928.3743              272.7746887207031250
1928.4590              271.8198852539062500
1928.5410              272.1794128417968750
1928.6257              272.3548889160156250
1928.7103              272.4724731445312500
1928.7924              272.5668029785156250
1928.8771              272.5776672363281250
1928.9590              272.6501464843750000
1929.0438              273.2422790527343750
1929.1288              273.8902893066406250
1929.2054              273.8186645507812500
1929.2904              273.2195129394531250
1929.3726              272.3843078613281250
1929.4575              271.7972106933593750
1929.5397              272.2010192871093750
1929.6246              272.2557678222656250
1929.7096              272.2375793457031250
1929.7917              272.2728271484375000
1929.8767              272.3526916503906250
1929.9589              272.7059631347656250
1930.0438              273.5441894531250000
1930.1288              274.0547180175781250
1930.2054              274.0189514160156250
1930.2904              273.6234741210937500
1930.3726              272.8185424804687500
1930.4575              272.0275573730468750
1930.5397              271.4517822265625000
1930.6246              271.8097534179687500
1930.7096              272.2347106933593750
1930.7917              272.4053039550781250
1930.8767              272.5326843261718750
1930.9589              272.9467773437500000
1931.0438              273.7994384765625000
1931.1288              274.4490661621093750
1931.2054              274.4589538574218750
1931.2904              273.9168395996093750
1931.3726              272.8222045898437500
1931.4575              272.2682800292968750
1931.5397              271.8778991699218750
1931.6246              272.1062927246093750
1931.7096              272.4373168945312500
1931.7917              272.4959411621093750
1931.8767              272.5915222167968750
1931.9589              272.9248352050781250
1932.0437              273.8347473144531250
1932.1284              274.2285156250000000
1932.2076              274.2495422363281250
1932.2924              273.7968444824218750
1932.3743              273.0148315429687500
1932.4590              272.3484497070312500
1932.5410              271.9001159667968750
1932.6257              272.4245300292968750
1932.7103              272.6072998046875000
1932.7924              272.6664428710937500
1932.8771              272.7337951660156250
1932.9590              273.2164001464843750
1933.0438              274.0635375976562500
1933.1288              274.5738220214843750
1933.2054              274.4646606445312500
1933.2904              273.9080200195312500
1933.3726              273.0417175292968750
1933.4575              272.3292236328125000
1933.5397              271.9091186523437500
1933.6246              272.4209899902343750
1933.7096              272.4587097167968750
1933.7917              272.6381835937500000
1933.8767              272.7192687988281250
1933.9589              273.0007934570312500
1934.0438              273.8513488769531250
1934.1288              274.2656250000000000
1934.2054              274.2062683105468750
1934.2904              273.6218872070312500
1934.3726              272.6659545898437500
1934.4575              271.8374633789062500
1934.5397              271.6902160644531250
1934.6246              272.3016967773437500
1934.7096              272.4658508300781250
1934.7917              272.5873718261718750
1934.8767              272.7388916015625000
1934.9589              273.2221679687500000
1935.0438              274.0361938476562500
1935.1288              274.5989685058593750
1935.2054              274.5285339355468750
1935.2904              273.8850402832031250
1935.3726              272.9682006835937500
1935.4575              272.0630493164062500
1935.5397              271.5011291503906250
1935.6246              272.1171569824218750
1935.7096              272.3503723144531250
1935.7917              272.4343566894531250
1935.8767              272.5201110839843750
1935.9589              272.9376831054687500
1936.0437              273.8294372558593750
1936.1284              274.2639465332031250
1936.2076              274.1243286132812500
1936.2924              273.5336608886718750
1936.3743              272.5431823730468750
1936.4590              271.7629394531250000
1936.5410              271.8141479492187500
1936.6257              272.2647705078125000
1936.7103              272.3245544433593750
1936.7924              272.3907470703125000
1936.8771              272.5139770507812500
1936.9590              272.9427795410156250
1937.0438              273.7626953125000000
1937.1288              274.3048400878906250
1937.2054              274.2163391113281250
1937.2904              273.7432250976562500
1937.3726              272.8519592285156250
1937.4575              271.7729492187500000
1937.5397              271.7773742675781250
1937.6246              272.0346069335937500
1937.7096              272.1429138183593750
1937.7917              272.2375183105468750
1937.8767              272.3481445312500000
1937.9589              272.8471679687500000
1938.0438              273.7102355957031250
1938.1288              274.0852050781250000
1938.2054              274.1083068847656250
1938.2904              273.5714721679687500
1938.3726              272.7298583984375000
1938.4575              271.7300415039062500
1938.5397              271.5795593261718750
1938.6246              272.1129455566406250
1938.7096              272.3271789550781250
1938.7917              272.3948974609375000
1938.8767              272.4168090820312500
1938.9589              272.6517639160156250
1939.0438              273.6175231933593750
1939.1288              274.2339172363281250
1939.2054              274.0554809570312500
1939.2904              273.2689514160156250
1939.3726              272.4033813476562500
1939.4575              271.7437744140625000
1939.5397              271.6820373535156250
1939.6246              272.1257019042968750
1939.7096              272.3366088867187500
1939.7917              272.4802551269531250
1939.8767              272.5307312011718750
1939.9589              272.9999389648437500
