1871.0438              271.8801879882812500
1871.1260              272.5184936523437500
1871.2054              272.6298217773437500
1871.2904              272.4542846679687500
1871.3726              271.8183593750000000
1871.4575              271.5611572265625000
1871.5397              271.7001037597656250
1871.6246              271.9693603515625000
1871.7096              271.9920043945312500
1871.7917              271.9921875000000000
1871.8767              271.9633178710937500
1871.9589              271.8616943359375000
1872.0437              272.0217895507812500
1872.1257              272.6667785644531250
1872.2076              272.7563171386718750
1872.2924              272.3996887207031250
1872.3743              271.7159729003906250
1872.4590              271.4806518554687500
1872.5410              271.7987365722656250
1872.6257              271.9726257324218750
1872.7103              271.9818725585937500
1872.7924              271.9462585449218750
1872.8771              271.9319152832031250
1872.9590              271.8938903808593750
1873.0438              272.4984436035156250
1873.1260              273.1169128417968750
1873.2054              273.1791381835937500
1873.2904              272.8125305175781250
1873.3726              271.9935607910156250
1873.4575              271.6217956542968750
1873.5397              271.6983337402343750
1873.6246              271.8991699218750000
1873.7096              271.9918518066406250
1873.7917              271.9934997558593750
1873.8767              271.9223632812500000
1873.9589              271.8234558105468750
1874.0438              272.0086669921875000
1874.1260              272.5871887207031250
1874.2054              272.6365051269531250
1874.2904              272.3325500488281250
1874.3726              271.6206970214843750
1874.4575              271.5753784179687500
1874.5397              271.8077697753906250
1874.6246              271.9460449218750000
1874.7096              271.9615173339843750
1874.7917              271.9582824707031250
1874.8767              271.8864440917968750
1874.9589              271.8089294433593750
1875.0438              272.3552856445312500
1875.1260              273.0238952636718750
1875.2054              273.1485290527343750
1875.2904              272.8048706054687500
1875.3726              271.9249572753906250
1875.4575              271.6225280761718750
1875.5397              271.6470947265625000
1875.6246              271.8519592285156250
1875.7096              271.9798583984375000
1875.7917              271.9790954589843750
1875.8767              271.9106140136718750
1875.9589              271.8205871582031250
1876.0437              271.9215393066406250
1876.1257              272.4541320800781250
1876.2076              272.6983337402343750
1876.2924              272.3175659179687500
1876.3743              271.7064819335937500
1876.4590              271.5265197753906250
1876.5410              271.6107177734375000
1876.6257              271.7616882324218750
1876.7103              271.9837341308593750
1876.7924              271.9836425781250000
1876.8771              271.9092407226562500
1876.9590              271.8156433105468750
1877.0438              271.7729797363281250
1877.1260              272.2695312500000000
1877.2054              272.5401000976562500
1877.2904              272.2806396484375000
1877.3726              271.6630249023437500
1877.4575              271.6129455566406250
1877.5397              271.7255249023437500
1877.6246              271.9599304199218750
1877.7096              271.9684143066406250
1877.7917              271.9685058593750000
1877.8767              271.9089355468750000
1877.9589              271.8047790527343750
1878.0438              271.9087829589843750
1878.1260              272.5152282714843750
1878.2054              272.6849670410156250
1878.2904              272.1679992675781250
1878.3726              271.6808471679687500
1878.4575              271.6735229492187500
1878.5397              271.8728332519531250
1878.6246              271.9810485839843750
1878.7096              271.9846496582031250
1878.7917              271.9782104492187500
1878.8767              271.9073791503906250
1878.9589              271.8239135742187500
1879.0438              272.0502319335937500
1879.1260              272.6952514648437500
1879.2054              272.8067626953125000
1879.2904              272.4140930175781250
1879.3726              271.6683654785156250
1879.4575              271.6477966308593750
1879.5397              271.9102172851562500
1879.6246              271.9756164550781250
1879.7096              271.9816894531250000
1879.7917              271.9869384765625000
1879.8767              271.9393615722656250
1879.9589              271.8453979492187500
1880.0437              271.8116760253906250
1880.1257              272.3146972656250000
1880.2076              272.6081542968750000
1880.2924              272.4096069335937500
1880.3743              271.6417541503906250
1880.4590              271.5710449218750000
1880.5410              271.7597045898437500
1880.6257              271.9766235351562500
1880.7103              271.9806823730468750
1880.7924              271.9788818359375000
1880.8771              271.9278564453125000
1880.9590              271.8363952636718750
1881.0438              272.1878967285156250
1881.1260              272.9089050292968750
1881.2054              272.8986206054687500
1881.2904              272.5469970703125000
1881.3726              271.7430725097656250
1881.4575              271.5661621093750000
1881.5397              271.6659545898437500
1881.6246              271.9233093261718750
1881.7096              271.9762878417968750
1881.7917              271.9757995605468750
1881.8767              271.9358825683593750
1881.9589              271.8413391113281250
1882.0438              271.8833312988281250
1882.1260              272.4328002929687500
1882.2054              272.6512451171875000
1882.2904              272.4013671875000000
1882.3726              271.7470092773437500
1882.4575              271.6828308105468750
1882.5397              271.9105834960937500
1882.6246              271.9835815429687500
1882.7096              271.9790344238281250
1882.7917              271.9599914550781250
1882.8767              271.8701171875000000
1882.9589              271.7766418457031250
1883.0438              271.9304809570312500
1883.1260              272.4518737792968750
1883.2054              272.5918884277343750
1883.2904              272.1974182128906250
1883.3726              271.5771789550781250
1883.4575              271.5814208984375000
1883.5397              271.8047180175781250
1883.6246              271.9642944335937500
1883.7096              271.9654235839843750
1883.7917              271.9631042480468750
1883.8767              271.9181823730468750
1883.9589              271.8219604492187500
1884.0437              271.8759765625000000
1884.1257              272.5391845703125000
1884.2076              272.7723083496093750
1884.2924              272.4996337890625000
1884.3743              271.8480529785156250
1884.4590              271.5711975097656250
1884.5410              271.7343444824218750
1884.6257              271.9277954101562500
1884.7103              271.9279479980468750
1884.7924              271.9262084960937500
1884.8771              271.8636779785156250
1884.9590              271.7657470703125000
1885.0438              272.1028442382812500
1885.1260              272.7618103027343750
1885.2054              272.7784729003906250
1885.2904              272.4578857421875000
1885.3726              271.8034057617187500
1885.4575              271.5795593261718750
1885.5397              271.5960998535156250
1885.6246              271.8749084472656250
1885.7096              271.9107360839843750
1885.7917              271.9118652343750000
1885.8767              271.8774108886718750
1885.9589              271.7847290039062500
1886.0438              271.9760131835937500
1886.1260              272.5130310058593750
1886.2054              272.6124267578125000
1886.2904              272.2731323242187500
1886.3726              271.6444702148437500
1886.4575              271.5170898437500000
1886.5397              271.5846252441406250
1886.6246              271.7706604003906250
1886.7096              271.9116821289062500
1886.7917              271.9034118652343750
1886.8767              271.8627624511718750
1886.9589              271.7816467285156250
1887.0438              271.7372741699218750
1887.1260              272.2228393554687500
1887.2054              272.5505676269531250
1887.2904              272.2837829589843750
1887.3726              271.6401977539062500
1887.4575              271.5572814941406250
1887.5397              271.6514892578125000
1887.6246              271.8694152832031250
1887.7096              271.9094848632812500
1887.7917              271.9128723144531250
1887.8767              271.8630371093750000
1887.9589              271.7702636718750000
1888.0437              271.8880920410156250
1888.1257              272.5451660156250000
1888.2076              272.7061157226562500
1888.2924              272.4072570800781250
1888.3743              271.7104797363281250
1888.4590              271.5597839355468750
1888.5410              271.6367492675781250
1888.6257              271.9178161621093750
1888.7103              271.9238586425781250
1888.7924              271.9226989746093750
1888.8771              271.8819885253906250
1888.9590              271.7804565429687500
1889.0438              272.1933898925781250
1889.1260              272.7669067382812500
1889.2054              272.8538513183593750
1889.2904              272.3959350585937500
1889.3726              271.5936889648437500
1889.4575              271.5315246582031250
1889.5397              271.8197021484375000
1889.6246              271.9093322753906250
1889.7096              271.9085998535156250
1889.7917              271.9063110351562500
1889.8767              271.8648681640625000
1889.9589              271.7791748046875000
1890.0438              271.8515319824218750
1890.1260              272.4234924316406250
1890.2054              272.6300964355468750
1890.2904              272.2721557617187500
1890.3726              271.6098937988281250
1890.4575              271.5852355957031250
1890.5397              271.6310729980468750
1890.6246              271.8581237792968750
1890.7096              271.9027099609375000
1890.7917              271.8766174316406250
1890.8767              271.8016052246093750
1890.9589              271.7153320312500000
1891.0438              271.6986999511718750
1891.1260              272.1642150878906250
1891.2054              272.4107360839843750
1891.2904              272.1661987304687500
1891.3726              271.6353149414062500
1891.4575              271.5317687988281250
1891.5397              271.6046142578125000
1891.6246              271.8732604980468750
1891.7096              271.8941345214843750
1891.7917              271.8840637207031250
1891.8767              271.8204040527343750
1891.9589              271.7389221191406250
1892.0437              272.0757446289062500
1892.1257              272.7861022949218750
1892.2076              272.9117431640625000
1892.2924              272.5300903320312500
1892.3743              271.8215332031250000
1892.4590              271.4949340820312500
1892.5410              271.6896972656250000
1892.6257              271.8934326171875000
1892.7103              271.8933410644531250
1892.7924              271.8864440917968750
1892.8771              271.8348083496093750
1892.9590              271.7504577636718750
1893.0438              271.6993103027343750
1893.1260              272.1484985351562500
1893.2054              272.4062500000000000
1893.2904              272.0791625976562500
1893.3726              271.6001586914062500
1893.4575              271.5182189941406250
1893.5397              271.5780944824218750
1893.6246              271.7171936035156250
1893.7096              271.8891601562500000
1893.7917              271.8707275390625000
1893.8767              271.7943725585937500
1893.9589              271.7183837890625000
1894.0438              271.8222045898437500
1894.1260              272.4445495605468750
1894.2054              272.6459045410156250
1894.2904              272.3331909179687500
1894.3726              271.5758056640625000
1894.4575              271.5223999023437500
1894.5397              271.5876770019531250
1894.6246              271.6750183105468750
1894.7096              271.8504638671875000
1894.7917              271.8923645019531250
1894.8767              271.8392944335937500
1894.9589              271.7618408203125000
1895.0438              271.9440002441406250
1895.1260              272.5583496093750000
1895.2054              272.7879333496093750
1895.2904              272.5067443847656250
1895.3726              271.8729248046875000
1895.4575              271.5301208496093750
1895.5397              271.5931091308593750
1895.6246              271.6788940429687500
1895.7096              271.8929138183593750
1895.7917              271.8821716308593750
1895.8767              271.8149108886718750
1895.9589              271.7369079589843750
1896.0437              272.0700683593750000
1896.1257              272.6647644042968750
1896.2076              272.8519287109375000
1896.2924              272.4246520996093750
1896.3743              271.6504516601562500
1896.4590              271.5472717285156250
1896.5410              271.6264343261718750
1896.6257              271.8907470703125000
1896.7103              271.8934936523437500
1896.7924              271.8837585449218750
1896.8771              271.8327636718750000
1896.9590              271.7691040039062500
1897.0438              272.2905883789062500
1897.1260              272.9134521484375000
1897.2054              272.9854736328125000
1897.2904              272.5573120117187500
1897.3726              271.7942810058593750
1897.4575              271.5958251953125000
1897.5397              271.7745666503906250
1897.6246              271.8994140625000000
1897.7096              271.8975524902343750
1897.7917              271.8909912109375000
1897.8767              271.8490295410156250
1897.9589              271.7906188964843750
1898.0438              271.8786010742187500
1898.1260              272.4923400878906250
1898.2054              272.6967773437500000
1898.2904              272.3444213867187500
1898.3726              271.7103881835937500
1898.4575              271.5590820312500000
1898.5397              271.6640625000000000
1898.6246              271.8272705078125000
1898.7096              271.9168701171875000
1898.7917              271.9125061035156250
1898.8767              271.8740234375000000
1898.9589              271.8239440917968750
1899.0438              272.0238952636718750
1899.1260              272.7195434570312500
1899.2054              272.8348083496093750
1899.2904              272.5368041992187500
1899.3726              271.9272766113281250
1899.4575              271.6079711914062500
1899.5397              271.6919860839843750
1899.6246              271.8431091308593750
1899.7096              271.9452514648437500
1899.7917              271.9516296386718750
1899.8767              271.9075927734375000
1899.9589              271.8344116210937500
1900.0438              271.9052734375000000
1900.1260              272.5323486328125000
1900.2054              272.7728881835937500
1900.2904              272.5290527343750000
1900.3726              271.7901611328125000
1900.4575              271.5310363769531250
1900.5397              271.6833496093750000
1900.6246              271.8682556152343750
1900.7096              271.9365539550781250
1900.7917              271.9309082031250000
1900.8767              271.8748168945312500
1900.9589              271.7986145019531250
1901.0438              272.0292053222656250
1901.1260              272.6955261230468750
1901.2054              272.7958068847656250
1901.2904              272.3844604492187500
1901.3726              271.6997680664062500
1901.4575              271.6076049804687500
1901.5397              271.7530822753906250
1901.6246              271.9277954101562500
1901.7096              271.9353027343750000
1901.7917              271.9204711914062500
1901.8767              271.8628845214843750
1901.9589              271.7837524414062500
1902.0438              272.1391601562500000
1902.1260              272.8173217773437500
1902.2054              272.9190673828125000
1902.2904              272.6097412109375000
1902.3726              271.9147033691406250
1902.4575              271.5769653320312500
1902.5397              271.6664428710937500
1902.6246              271.7915954589843750
1902.7096              271.9467468261718750
1902.7917              271.9460754394531250
1902.8767              271.8945922851562500
1902.9589              271.8124694824218750
1903.0438              271.9213256835937500
1903.1260              272.6153564453125000
1903.2054              272.7962036132812500
1903.2904              272.5254211425781250
1903.3726              271.9079589843750000
1903.4575              271.5395202636718750
1903.5397              271.7586059570312500
1903.6246              271.9252929687500000
1903.7096              271.9259338378906250
1903.7917              271.9217834472656250
1903.8767              271.8676757812500000
1903.9589              271.7928771972656250
1904.0437              272.1018676757812500
1904.1257              272.7758483886718750
1904.2076              272.8988342285156250
1904.2924              272.6200256347656250
1904.3743              271.8805236816406250
1904.4590              271.5044250488281250
1904.5410              271.8299865722656250
1904.6257              271.9419250488281250
1904.7103              271.9445190429687500
1904.7924              271.9188537597656250
1904.8771              271.8929748535156250
1904.9590              271.8223266601562500
1905.0438              272.0895690917968750
1905.1260              272.7294616699218750
1905.2054              272.8228149414062500
1905.2904              272.2305297851562500
1905.3726              271.5895080566406250
1905.4575              271.6489257812500000
1905.5397              271.7581787109375000
1905.6246              271.9350891113281250
1905.7096              271.9453735351562500
1905.7917              271.9470825195312500
1905.8767              271.9274597167968750
1905.9589              271.8448181152343750
1906.0438              271.9035339355468750
1906.1260              272.5834655761718750
1906.2054              272.8296813964843750
1906.2904              272.5757446289062500
1906.3726              271.9981079101562500
1906.4575              271.5931701660156250
1906.5397              271.6340332031250000
1906.6246              271.7854919433593750
1906.7096              271.9314575195312500
1906.7917              271.9341735839843750
1906.8767              271.8992309570312500
1906.9589              271.8187255859375000
1907.0438              272.1152038574218750
1907.1260              272.8047790527343750
1907.2054              272.9283447265625000
1907.2904              272.4679870605468750
1907.3726              271.7506713867187500
1907.4575              271.5635375976562500
1907.5397              271.6309204101562500
1907.6246              271.7145080566406250
1907.7096              271.8902282714843750
1907.7917              271.9396057128906250
1907.8767              271.9204406738281250
1907.9589              271.8607482910156250
1908.0437              272.0708923339843750
1908.1257              272.7759399414062500
1908.2076              272.9447326660156250
1908.2924              272.5494079589843750
1908.3743              271.7257385253906250
1908.4590              271.6332092285156250
1908.5410              271.9024658203125000
1908.6257              271.9477844238281250
1908.7103              271.9477844238281250
1908.7924              271.9342041015625000
1908.8771              271.8610229492187500
1908.9590              271.8049316406250000
1909.0438              272.3332519531250000
1909.1260              272.8958435058593750
1909.2054              272.9213256835937500
1909.2904              272.5626831054687500
1909.3726              271.8929138183593750
1909.4575              271.4910583496093750
1909.5397              271.6083374023437500
1909.6246              271.8485717773437500
1909.7096              271.9060058593750000
1909.7917              271.8974609375000000
1909.8767              271.8325805664062500
1909.9589              271.7492980957031250
1910.0438              271.8512268066406250
1910.1260              272.5126342773437500
1910.2054              272.7016906738281250
1910.2904              272.2480773925781250
1910.3726              271.5836791992187500
1910.4575              271.5345458984375000
1910.5397              271.6048583984375000
1910.6246              271.7570190429687500
1910.7096              271.8611755371093750
1910.7917              271.8593139648437500
1910.8767              271.8421936035156250
1910.9589              271.7626037597656250
1911.0438              271.9313354492187500
1911.1260              272.5265808105468750
1911.2054              272.7434387207031250
1911.2904              272.4440307617187500
1911.3726              271.8326416015625000
1911.4575              271.4221496582031250
1911.5397              271.5555419921875000
1911.6246              271.7938842773437500
1911.7096              271.7956848144531250
1911.7917              271.7893981933593750
1911.8767              271.7597656250000000
1911.9589              271.7145385742187500
1912.0437              272.0633239746093750
1912.1257              272.8166198730468750
1912.2076              272.9685974121093750
1912.2924              272.7150573730468750
1912.3743              272.2551269531250000
1912.4590              271.6527099609375000
1912.5410              271.5813903808593750
1912.6257              271.6736145019531250
1912.7103              271.8083496093750000
1912.7924              271.8300476074218750
1912.8771              271.8121337890625000
1912.9590              271.7919006347656250
1913.0438              272.4047851562500000
1913.1260              273.0457763671875000
1913.2054              273.1322021484375000
1913.2904              272.6654052734375000
1913.3726              271.9382934570312500
1913.4575              271.5845642089843750
1913.5397              271.6682128906250000
1913.6246              271.8113403320312500
1913.7096              271.8937377929687500
1913.7917              271.9137878417968750
1913.8767              271.9131774902343750
1913.9589              271.8760375976562500
1914.0438              272.0030212402343750
1914.1260              272.6384887695312500
1914.2054              272.7884216308593750
1914.2904              272.4751586914062500
1914.3726              271.7341613769531250
1914.4575              271.5847778320312500
1914.5397              271.8085632324218750
1914.6246              271.9186706542968750
1914.7096              271.9458618164062500
1914.7917              271.9495544433593750
1914.8767              271.9277343750000000
1914.9589              271.8688049316406250
1915.0438              272.0266113281250000
1915.1260              272.7378234863281250
1915.2054              272.8269958496093750
1915.2904              272.5765075683593750
1915.3726              271.7284545898437500
1915.4575              271.5771179199218750
1915.5397              271.8653869628906250
1915.6246              271.9579772949218750
1915.7096              271.9643249511718750
1915.7917              271.9622192382812500
1915.8767              271.9503479003906250
1915.9589              271.8912658691406250
1916.0437              272.3635864257812500
1916.1257              273.0861511230468750
1916.2076              273.2376098632812500
1916.2924              272.9043579101562500
1916.3743              271.9666748046875000
1916.4590              271.5178833007812500
1916.5410              271.6850280761718750
1916.6257              271.8929443359375000
1916.7103              271.9178466796875000
1916.7924              271.9155883789062500
1916.8771              271.8847961425781250
1916.9590              271.8233032226562500
1917.0438              271.9421386718750000
1917.1260              272.4994812011718750
1917.2054              272.5910949707031250
1917.2904              272.2743225097656250
1917.3726              271.6153259277343750
1917.4575              271.6090087890625000
1917.5397              271.8767700195312500
1917.6246              271.9424743652343750
1917.7096              271.9483642578125000
1917.7917              271.9510498046875000
1917.8767              271.9203491210937500
1917.9589              271.8700561523437500
1918.0438              272.4470520019531250
1918.1260              272.9793090820312500
1918.2054              272.9657897949218750
1918.2904              272.5937500000000000
1918.3726              271.8606872558593750
1918.4575              271.6618347167968750
1918.5397              271.8244018554687500
1918.6246              271.9341735839843750
1918.7096              271.9580383300781250
1918.7917              271.9616088867187500
1918.8767              271.9499206542968750
1918.9589              271.8807373046875000
1919.0438              271.9371337890625000
1919.1260              272.5447998046875000
1919.2054              272.7738342285156250
1919.2904              272.4795837402343750
1919.3726              272.1099548339843750
1919.4575              271.6185607910156250
1919.5397              271.7785339355468750
1919.6246              271.9887695312500000
1919.7096              272.0135803222656250
1919.7917              272.0216674804687500
1919.8767              272.0161743164062500
1919.9589              271.9542236328125000
1920.0437              272.2908020019531250
1920.1257              272.9373474121093750
1920.2076              273.1319274902343750
1920.2924              272.8096923828125000
1920.3743              272.1282958984375000
1920.4590              271.6058349609375000
1920.5410              271.8633422851562500
1920.6257              272.0328063964843750
1920.7103              272.0602416992187500
1920.7924              272.0583190917968750
1920.8771              272.0214538574218750
1920.9590              271.9595947265625000
1921.0438              272.5176391601562500
1921.1260              273.1997985839843750
1921.2054              273.3582763671875000
1921.2904              272.9846801757812500
1921.3726              272.0846557617187500
1921.4575              271.7150878906250000
1921.5397              271.8591918945312500
1921.6246              271.9480285644531250
1921.7096              271.9880065917968750
1921.7917              271.9973754882812500
1921.8767              271.9475402832031250
1921.9589              271.8816833496093750
1922.0438              272.3097534179687500
1922.1260              272.9064025878906250
1922.2054              272.9750366210937500
1922.2904              272.6384887695312500
1922.3726              271.9476928710937500
1922.4575              271.6231079101562500
1922.5397              271.8374328613281250
1922.6246              271.9490051269531250
1922.7096              271.9784851074218750
1922.7917              271.9906921386718750
1922.8767              271.9536437988281250
1922.9589              271.8762512207031250
1923.0438              272.1458435058593750
1923.1260              272.8735656738281250
1923.2054              272.9975891113281250
1923.2904              272.6416015625000000
1923.3726              272.1258544921875000
1923.4575              271.4987487792968750
1923.5397              271.6975097656250000
1923.6246              271.9183044433593750
1923.7096              271.9740905761718750
1923.7917              271.9770202636718750
1923.8767              271.9252319335937500
1923.9589              271.8515930175781250
1924.0437              272.2574768066406250
1924.1257              272.8617858886718750
1924.2076              272.9478454589843750
1924.2924              272.5719909667968750
1924.3743              271.7317504882812500
1924.4590              271.6022949218750000
1924.5410              271.8510742187500000
1924.6257              271.9296875000000000
1924.7103              271.9377746582031250
1924.7924              271.9341125488281250
1924.8771              271.8881530761718750
1924.9590              271.8256530761718750
1925.0438              272.2193298339843750
1925.1260              272.8543701171875000
1925.2054              272.9111938476562500
1925.2904              272.4981384277343750
1925.3726              271.6152038574218750
1925.4575              271.5610656738281250
1925.5397              271.6605529785156250
1925.6246              271.8752136230468750
1925.7096              271.9365844726562500
1925.7917              271.9293212890625000
1925.8767              271.8847351074218750
1925.9589              271.8094177246093750
1926.0438              271.9648742675781250
1926.1260              272.5798339843750000
1926.2054              272.7576293945312500
1926.2904              272.4737548828125000
1926.3726              271.7868347167968750
1926.4575              271.5704040527343750
1926.5397              271.6528625488281250
1926.6246              271.8023681640625000
1926.7096              271.9208679199218750
1926.7917              271.9318847656250000
1926.8767              271.8974304199218750
1926.9589              271.8470458984375000
1927.0438              272.0107421875000000
1927.1260              272.5918579101562500
1927.2054              272.7323913574218750
1927.2904              272.4470825195312500
1927.3726              271.7384033203125000
1927.4575              271.5399475097656250
1927.5397              271.5952453613281250
1927.6246              271.7867431640625000
1927.7096              271.9019470214843750
1927.7917              271.9181518554687500
1927.8767              271.8874206542968750
1927.9589              271.8358764648437500
1928.0437              272.4521789550781250
1928.1257              273.1101379394531250
1928.2076              273.1691284179687500
1928.2924              272.6781311035156250
1928.3743              271.9916992187500000
1928.4590              271.4866943359375000
1928.5410              271.6165161132812500
1928.6257              271.8258056640625000
1928.7103              271.8574523925781250
1928.7924              271.8456420898437500
1928.8771              271.7783813476562500
1928.9590              271.7110290527343750
1929.0438              271.9948120117187500
1929.1260              272.6162109375000000
1929.2054              272.7578430175781250
1929.2904              272.4640808105468750
1929.3726              271.7319946289062500
1929.4575              271.5000610351562500
1929.5397              271.8228759765625000
1929.6246              271.8569030761718750
1929.7096              271.8617858886718750
1929.7917              271.8561401367187500
1929.8767              271.8092346191406250
1929.9589              271.8308715820312500
1930.0438              272.5783996582031250
1930.1260              273.0942077636718750
1930.2054              273.0404052734375000
1930.2904              272.7407531738281250
1930.3726              272.0572509765625000
1930.4575              271.7084045410156250
1930.5397              271.8724365234375000
1930.6246              271.8789978027343750
1930.7096              271.8715209960937500
1930.7917              271.8611145019531250
1930.8767              271.8253173828125000
1930.9589              271.7395019531250000
1931.0438              271.8599243164062500
1931.1260              272.5011901855468750
1931.2054              272.6922607421875000
1931.2904              272.4020996093750000
1931.3726              271.7340087890625000
1931.4575              271.4934692382812500
1931.5397              271.6743774414062500
1931.6246              271.8448181152343750
1931.7096              271.8509521484375000
1931.7917              271.8346557617187500
1931.8767              271.7975158691406250
1931.9589              271.7784423828125000
1932.0437              272.1205749511718750
1932.1257              272.7939758300781250
1932.2076              272.9171142578125000
1932.2924              272.6494140625000000
1932.3743              271.8487854003906250
1932.4590              271.4706115722656250
1932.5410              271.7486267089843750
1932.6257              271.8712463378906250
1932.7103              271.8793029785156250
1932.7924              271.8859252929687500
1932.8771              271.8779296875000000
1932.9590              271.8425903320312500
1933.0438              272.1822509765625000
1933.1260              272.8907775878906250
1933.2054              273.0701293945312500
1933.2904              272.8058166503906250
1933.3726              272.0874938964843750
1933.4575              271.6500854492187500
1933.5397              271.7405090332031250
1933.6246              271.8883361816406250
1933.7096              271.9029235839843750
1933.7917              271.8970642089843750
1933.8767              271.8594970703125000
1933.9589              271.7905273437500000
1934.0438              272.0855407714843750
1934.1260              272.6605834960937500
1934.2054              272.7953796386718750
1934.2904              272.4696044921875000
1934.3726              271.8966064453125000
1934.4575              271.4699401855468750
1934.5397              271.7394104003906250
1934.6246              271.9133300781250000
1934.7096              271.9265441894531250
1934.7917              271.9342956542968750
1934.8767              271.9336853027343750
1934.9589              271.9040222167968750
1935.0438              272.0436401367187500
1935.1260              272.6817016601562500
1935.2054              272.7590026855468750
1935.2904              272.2749023437500000
1935.3726              271.6641235351562500
1935.4575              271.6987304687500000
1935.5397              271.8021240234375000
1935.6246              271.9528198242187500
1935.7096              271.9895935058593750
1935.7917              271.9868774414062500
1935.8767              271.9642333984375000
1935.9589              271.8655395507812500
1936.0437              272.0682983398437500
1936.1257              272.7185668945312500
1936.2076              272.7561645507812500
1936.2924              272.5452880859375000
1936.3743              271.8753356933593750
1936.4590              271.5421447753906250
1936.5410              271.7234497070312500
1936.6257              271.9126586914062500
1936.7103              271.9342651367187500
1936.7924              271.9264526367187500
1936.8771              271.9118957519531250
1936.9590              271.8672485351562500
1937.0438              272.1690979003906250
1937.1260              272.9292602539062500
1937.2054              273.0150451660156250
1937.2904              272.6507873535156250
1937.3726              271.7802124023437500
1937.4575              271.6015625000000000
1937.5397              271.7486572265625000
1937.6246              271.9072570800781250
1937.7096              271.9478454589843750
1937.7917              271.9400939941406250
1937.8767              271.8733215332031250
1937.9589              271.7916259765625000
1938.0438              271.8276062011718750
1938.1260              272.4145507812500000
1938.2054              272.5804443359375000
1938.2904              272.3171386718750000
1938.3726              271.6529235839843750
1938.4575              271.4750061035156250
1938.5397              271.6947326660156250
1938.6246              271.8897094726562500
1938.7096              271.9105224609375000
1938.7917              271.9119873046875000
1938.8767              271.8762207031250000
1938.9589              271.8290710449218750
1939.0438              272.3226623535156250
1939.1260              272.9725341796875000
1939.2054              273.0363464355468750
1939.2904              272.5997924804687500
1939.3726              271.8360595703125000
1939.4575              271.5470581054687500
1939.5397              271.6339111328125000
1939.6246              271.8693237304687500
1939.7096              271.9039916992187500
1939.7917              271.9102783203125000
1939.8767              271.8672485351562500
1939.9589              271.7981872558593750
1940.0437              271.9151000976562500
1940.1257              272.4959716796875000
1940.2076              272.4865417480468750
1940.2924              271.8960266113281250
1940.3743              271.6263732910156250
1940.4590              271.6883239746093750
1940.5410              271.8891296386718750
1940.6257              271.9519042968750000
1940.7103              271.9516296386718750
1940.7924              271.9479675292968750
1940.8771              271.9130249023437500
1940.9590              271.8435363769531250
1941.0438              272.0067138671875000
1941.1260              272.6930541992187500
1941.2054              272.9790344238281250
1941.2904              272.6771850585937500
1941.3726              271.8509521484375000
1941.4575              271.4973449707031250
1941.5397              271.6161804199218750
1941.6246              271.7767333984375000
1941.7096              271.9017944335937500
1941.7917              271.9340820312500000
1941.8767              271.9036254882812500
1941.9589              271.8515014648437500
1942.0438              272.1792602539062500
1942.1260              272.8930969238281250
1942.2054              273.0045776367187500
1942.2904              272.6641540527343750
1942.3726              271.9039611816406250
1942.4575              271.6401977539062500
1942.5397              271.7185668945312500
1942.6246              271.8021240234375000
1942.7096              271.9129638671875000
1942.7917              271.9304199218750000
1942.8767              271.8843994140625000
1942.9589              271.8394775390625000
1943.0438              272.1826171875000000
1943.1260              272.8707275390625000
1943.2054              273.0376281738281250
1943.2904              272.5707397460937500
1943.3726              271.8164367675781250
1943.4575              271.5234680175781250
1943.5397              271.7210388183593750
1943.6246              271.9313354492187500
1943.7096              271.9461059570312500
1943.7917              271.9452514648437500
1943.8767              271.9175415039062500
1943.9589              271.8728332519531250
1944.0437              272.0028686523437500
1944.1257              272.6419982910156250
1944.2076              272.8724060058593750
1944.2924              272.5813903808593750
1944.3743              271.7975769042968750
1944.4590              271.6309814453125000
1944.5410              271.8532409667968750
1944.6257              271.9607543945312500
1944.7103              271.9639892578125000
1944.7924              271.9518127441406250
1944.8771              271.9247741699218750
1944.9590              271.8659057617187500
1945.0438              272.3048706054687500
1945.1260              272.9519348144531250
1945.2054              273.0397338867187500
1945.2904              272.6407775878906250
1945.3726              271.8375549316406250
1945.4575              271.5659179687500000
1945.5397              271.6985473632812500
1945.6246              271.8998718261718750
1945.7096              271.9330749511718750
1945.7917              271.9285278320312500
1945.8767              271.9025878906250000
1945.9589              271.8323974609375000
1946.0438              271.9248657226562500
1946.1260              272.5410766601562500
1946.2054              272.6700134277343750
1946.2904              272.2710266113281250
1946.3726              271.6387939453125000
1946.4575              271.5949096679687500
1946.5397              271.7203979492187500
1946.6246              271.8885498046875000
1946.7096              271.9072265625000000
1946.7917              271.9002685546875000
1946.8767              271.8443908691406250
1946.9589              271.7887573242187500
1947.0438              272.4136047363281250
1947.1260              273.0155639648437500
1947.2054              273.1287231445312500
1947.2904              272.8005981445312500
1947.3726              272.1538696289062500
1947.4575              271.6199035644531250
1947.5397              271.8299255371093750
1947.6246              271.8948364257812500
1947.7096              271.8843078613281250
1947.7917              271.8684082031250000
1947.8767              271.8219299316406250
1947.9589              271.8143615722656250
1948.0437              272.5171813964843750
1948.1257              273.1938781738281250
1948.2076              273.2187500000000000
1948.2924              272.7425842285156250
1948.3743              272.0834045410156250
1948.4590              271.6210632324218750
1948.5410              271.6498107910156250
1948.6257              271.7966308593750000
1948.7103              271.8413696289062500
1948.7924              271.8308410644531250
1948.8771              271.7890625000000000
1948.9590              271.7132263183593750
1949.0438              271.7923278808593750
1949.1260              272.3667907714843750
1949.2054              272.4326477050781250
1949.2904              271.9745483398437500
1949.3726              271.5419311523437500
1949.4575              271.5534362792968750
1949.5397              271.6456298828125000
1949.6246              271.7611999511718750
1949.7096              271.8230285644531250
1949.7917              271.8255310058593750
1949.8767              271.8035278320312500
1949.9589              271.7702636718750000
1950.0438              271.9902648925781250
1950.1260              272.7461242675781250
1950.2054              272.9337158203125000
1950.2904              272.5910949707031250
1950.3726              271.7957763671875000
1950.4575              271.5094604492187500
1950.5397              271.6207885742187500
1950.6246              271.7880859375000000
1950.7096              271.8898010253906250
1950.7917              271.9136352539062500
1950.8767              271.9129943847656250
1950.9589              271.8872680664062500
1951.0438              272.0821533203125000
1951.1260              272.8054809570312500
1951.2054              273.0662231445312500
1951.2904              272.7241821289062500
1951.3726              271.9598083496093750
1951.4575              271.6184692382812500
1951.5397              271.7602539062500000
1951.6246              271.9443359375000000
1951.7096              271.9608764648437500
1951.7917              271.9601135253906250
1951.8767              271.9474487304687500
1951.9589              271.8858642578125000
1952.0437              272.3027954101562500
1952.1257              272.9955749511718750
1952.2076              273.1415100097656250
1952.2924              272.8047790527343750
1952.3743              272.1746215820312500
1952.4590              271.5983581542968750
1952.5410              271.6637878417968750
1952.6257              271.7237854003906250
1952.7103              271.8333740234375000
1952.7924              271.9422302246093750
1952.8771              271.9205932617187500
1952.9590              271.8730773925781250
1953.0438              272.3711242675781250
1953.1260              273.0173339843750000
1953.2054              273.1945800781250000
1953.2904              272.8684082031250000
1953.3726              272.2119445800781250
1953.4575              271.5820007324218750
1953.5397              271.6899108886718750
1953.6246              271.8560791015625000
1953.7096              271.9461975097656250
1953.7917              271.9630737304687500
1953.8767              271.9300231933593750
1953.9589              271.8824462890625000
1954.0438              272.0094299316406250
1954.1260              272.6805419921875000
1954.2054              272.8988647460937500
1954.2904              272.6096191406250000
1954.3726              271.7995605468750000
1954.4575              271.6340026855468750
1954.5397              271.7625122070312500
1954.6246              271.8840942382812500
1954.7096              271.9523010253906250
1954.7917              271.9714355468750000
1954.8767              271.9390258789062500
1954.9589              271.8792419433593750
1955.0438              272.2810668945312500
1955.1260              272.9284057617187500
1955.2054              273.0516357421875000
1955.2904              272.6906433105468750
1955.3726              271.8273620605468750
1955.4575              271.6174926757812500
1955.5397              271.7643737792968750
1955.6246              271.9930419921875000
1955.7096              272.0367126464843750
1955.7917              272.0324096679687500
1955.8767              271.9864196777343750
1955.9589              271.9373474121093750
1956.0437              272.3079223632812500
1956.1257              273.0364379882812500
1956.2076              273.1090087890625000
1956.2924              272.6232604980468750
1956.3743              271.9568481445312500
1956.4590              271.8033447265625000
1956.5410              271.9378662109375000
1956.6257              272.0712890625000000
1956.7103              272.0973815917968750
1956.7924              272.0906677246093750
1956.8771              272.0294189453125000
1956.9590              271.9605407714843750
1957.0438              272.1872253417968750
1957.1260              272.8172607421875000
1957.2054              273.0533447265625000
1957.2904              272.6890869140625000
1957.3726              272.0036621093750000
1957.4575              271.5824890136718750
1957.5397              271.8180236816406250
1957.6246              272.0547790527343750
1957.7096              272.0951538085937500
1957.7917              272.1102600097656250
1957.8767              272.0929870605468750
1957.9589              272.0267028808593750
1958.0438              272.3276062011718750
1958.1260              273.0250854492187500
1958.2054              273.1120300292968750
1958.2904              272.6932983398437500
1958.3726              271.7594604492187500
1958.4575              271.6671447753906250
1958.5397              271.9441528320312500
1958.6246              272.0469970703125000
1958.7096              272.0836791992187500
1958.7917              272.0977783203125000
1958.8767              272.0729675292968750
1958.9589              271.9887084960937500
1959.0438              271.9931945800781250
1959.1260              272.2911987304687500
1959.2054              272.4189147949218750
1959.2904              272.2123413085937500
1959.3726              271.6983947753906250
1959.4575              271.8020629882812500
1959.5397              271.9884033203125000
1959.6246              272.0923156738281250
1959.7096              272.1080627441406250
1959.7917              272.1157226562500000
1959.8767              272.0930175781250000
1959.9589              272.0441589355468750
1960.0437              272.2047729492187500
1960.1257              272.7625122070312500
1960.2076              272.9409484863281250
1960.2924              272.5329589843750000
1960.3743              271.7926330566406250
1960.4590              271.8442687988281250
1960.5410              272.0498352050781250
1960.6257              272.1080322265625000
1960.7103              272.1211547851562500
1960.7924              272.1286315917968750
1960.8771              272.1047058105468750
1960.9590              272.0540466308593750
1961.0438              272.4811401367187500
1961.1260              273.1817321777343750
1961.2054              273.3142089843750000
1961.2904              272.9006958007812500
1961.3726              272.0003051757812500
1961.4575              271.7781066894531250
1961.5397              272.0037841796875000
1961.6246              272.1090087890625000
1961.7096              272.1122741699218750
1961.7917              272.1106872558593750
1961.8767              272.1000976562500000
1961.9589              272.0256652832031250
1962.0438              272.2328491210937500
1962.1260              272.9067077636718750
1962.2054              273.0090332031250000
1962.2904              272.7937927246093750
1962.3726              272.1085510253906250
1962.4575              271.7073669433593750
1962.5397              271.8922424316406250
1962.6246              272.0290527343750000
1962.7096              272.0480651855468750
1962.7917              272.0505676269531250
1962.8767              272.0210266113281250
1962.9589              271.9671630859375000
1963.0438              272.4135437011718750
1963.1260              273.0904846191406250
1963.2054              273.2000732421875000
1963.2904              272.8904418945312500
1963.3726              271.9933471679687500
1963.4575              271.7738037109375000
1963.5397              271.9160156250000000
1963.6246              272.0686645507812500
1963.7096              272.1066894531250000
1963.7917              272.1232910156250000
1963.8767              272.0868225097656250
1963.9589              272.0017700195312500
1964.0437              272.3245849609375000
1964.1257              272.9984436035156250
1964.2076              273.1030273437500000
1964.2924              272.7476196289062500
1964.3743              271.8751220703125000
1964.4590              271.6250000000000000
1964.5410              271.7908935546875000
1964.6257              271.9647827148437500
1964.7103              272.0374145507812500
1964.7924              272.0584106445312500
1964.8771              272.0364379882812500
1964.9590              271.9600830078125000
1965.0438              272.1664123535156250
1965.1260              272.8389892578125000
1965.2054              272.9500122070312500
1965.2904              272.6705932617187500
1965.3726              271.9914855957031250
1965.4575              271.6424255371093750
1965.5397              271.8499450683593750
1965.6246              272.0097656250000000
1965.7096              272.0358886718750000
1965.7917              272.0359802246093750
1965.8767              272.0019226074218750
1965.9589              271.9591369628906250
1966.0438              272.1430969238281250
1966.1260              272.7699584960937500
1966.2054              272.8490905761718750
1966.2904              272.6541137695312500
1966.3726              272.0727844238281250
1966.4575              271.7209777832031250
1966.5397              271.7914733886718750
1966.6246              271.8702697753906250
1966.7096              271.9475402832031250
1966.7917              271.9743041992187500
1966.8767              271.9669494628906250
1966.9589              271.9097290039062500
1967.0438              272.0864562988281250
1967.1260              272.6727600097656250
1967.2054              272.8490295410156250
1967.2904              272.5940551757812500
1967.3726              271.9670104980468750
1967.4575              271.6339416503906250
1967.5397              271.8218688964843750
1967.6246              271.9685058593750000
1967.7096              272.0443725585937500
1967.7917              272.0664672851562500
1967.8767              272.0404052734375000
1967.9589              271.9848632812500000
1968.0437              272.2935485839843750
1968.1257              272.9553222656250000
1968.2076              272.9339904785156250
1968.2924              272.6758117675781250
1968.3743              271.9078674316406250
1968.4590              271.7255859375000000
1968.5410              271.8727416992187500
1968.6257              272.0384826660156250
1968.7103              272.1058654785156250
1968.7924              272.1227416992187500
1968.8771              272.0858154296875000
1968.9590              272.0488586425781250
1969.0438              272.6531066894531250
1969.1260              273.2754821777343750
1969.2054              273.4157714843750000
1969.2904              273.0295715332031250
1969.3726              272.0615234375000000
1969.4575              271.8409729003906250
1969.5397              271.9204101562500000
1969.6246              272.0202331542968750
1969.7096              272.1293640136718750
1969.7917              272.1447448730468750
1969.8767              272.1097717285156250
1969.9589              272.0427856445312500
1970.0438              272.2084350585937500
1970.1260              272.8642272949218750
1970.2054              273.0423278808593750
1970.2904              272.8469543457031250
1970.3726              272.2400817871093750
1970.4575              271.5640258789062500
1970.5397              271.7224121093750000
1970.6246              272.0126647949218750
1970.7096              272.1280822753906250
1970.7917              272.1474304199218750
1970.8767              272.1437072753906250
1970.9589              272.0785827636718750
1971.0438              272.3170471191406250
1971.1260              272.9835205078125000
1971.2054              273.1225280761718750
1971.2904              272.7618408203125000
1971.3726              271.9775085449218750
1971.4575              271.7814331054687500
1971.5397              272.0059814453125000
1971.6246              272.0823364257812500
1971.7096              272.1095581054687500
1971.7917              272.1337890625000000
1971.8767              272.0856628417968750
1971.9589              272.0000305175781250
1972.0437              272.2438659667968750
1972.1257              272.9852905273437500
1972.2076              272.9884338378906250
1972.2924              272.5055236816406250
1972.3743              271.7311706542968750
1972.4590              271.8064880371093750
1972.5410              272.0447387695312500
1972.6257              272.1374816894531250
1972.7103              272.1683654785156250
1972.7924              272.1796569824218750
1972.8771              272.1621398925781250
1972.9590              272.0943908691406250
1973.0438              272.2544555664062500
1973.1260              272.9444885253906250
1973.2054              273.0812683105468750
1973.2904              272.7173156738281250
1973.3726              271.9226074218750000
1973.4575              271.7504577636718750
1973.5397              271.9518737792968750
1973.6246              272.0545043945312500
1973.7096              272.0677490234375000
1973.7917              272.0778808593750000
1973.8767              272.0373229980468750
1973.9589              271.9836730957031250
1974.0438              272.4104003906250000
1974.1260              273.0871582031250000
1974.2054              273.1833496093750000
1974.2904              272.8636474609375000
1974.3726              272.2808837890625000
1974.4575              271.7821350097656250
1974.5397              271.8818054199218750
1974.6246              271.9386596679687500
1974.7096              272.0191650390625000
1974.7917              272.0732116699218750
1974.8767              272.0328674316406250
1974.9589              271.9688720703125000
1975.0438              272.0223999023437500
1975.1260              272.6534118652343750
1975.2054              272.8538208007812500
1975.2904              272.5851440429687500
1975.3726              271.8720092773437500
1975.4575              271.6148986816406250
1975.5397              271.8096618652343750
1975.6246              271.9866638183593750
1975.7096              272.0614624023437500
1975.7917              272.0841979980468750
1975.8767              272.0348510742187500
1975.9589              271.9552612304687500
1976.0437              272.0814819335937500
1976.1257              272.8130493164062500
1976.2076              273.0567321777343750
1976.2924              272.6810913085937500
1976.3743              271.8761901855468750
1976.4590              271.6714782714843750
1976.5410              271.8583068847656250
1976.6257              272.0315551757812500
1976.7103              272.0507812500000000
1976.7924              272.0497131347656250
1976.8771              272.0006713867187500
1976.9590              271.9274902343750000
1977.0438              272.3888549804687500
1977.1260              273.0300292968750000
1977.2054              273.0601196289062500
1977.2904              272.6448974609375000
1977.3726              271.9749755859375000
1977.4575              271.5903625488281250
1977.5397              271.8191833496093750
1977.6246              272.0139465332031250
1977.7096              272.0312194824218750
1977.7917              272.0390319824218750
1977.8767              271.9927673339843750
1977.9589              271.9413757324218750
1978.0438              272.3294982910156250
1978.1260              273.0524902343750000
1978.2054              273.1440429687500000
1978.2904              272.8075866699218750
1978.3726              271.9883117675781250
1978.4575              271.7239379882812500
1978.5397              271.8408508300781250
1978.6246              271.9621887207031250
1978.7096              272.0260925292968750
1978.7917              272.0389099121093750
1978.8767              272.0011901855468750
1978.9589              271.9426574707031250
1979.0438              272.3723754882812500
1979.1260              273.0318908691406250
1979.2054              273.1733398437500000
1979.2904              272.7505493164062500
1979.3726              272.0076599121093750
1979.4575              271.6898803710937500
1979.5397              271.8352966308593750
1979.6246              272.0363159179687500
1979.7096              272.0936279296875000
1979.7917              272.0986328125000000
1979.8767              272.0624694824218750
1979.9589              272.0061035156250000
1980.0437              272.3900451660156250
1980.1257              273.0931396484375000
1980.2076              273.1671752929687500
1980.2924              272.7119750976562500
1980.3743              271.8267517089843750
1980.4590              271.6632080078125000
1980.5410              271.7669677734375000
1980.6257              271.8946228027343750
1980.7103              271.9451904296875000
1980.7924              271.9930725097656250
1980.8771              271.9779357910156250
1980.9590              271.9197082519531250
1981.0438              271.9343566894531250
1981.1260              272.3568115234375000
1981.2054              272.5709838867187500
1981.2904              272.1425170898437500
1981.3726              271.6712951660156250
1981.4575              271.6905822753906250
1981.5397              271.8646545410156250
1981.6246              272.0046386718750000
1981.7096              272.1044921875000000
1981.7917              272.1090087890625000
1981.8767              272.0769958496093750
1981.9589              272.0213623046875000
1982.0438              272.2013854980468750
1982.1260              272.8260803222656250
1982.2054              272.9986267089843750
1982.2904              272.7251281738281250
1982.3726              271.9988098144531250
1982.4575              271.6220397949218750
1982.5397              271.8222961425781250
1982.6246              271.9905090332031250
1982.7096              272.0713195800781250
1982.7917              272.0925292968750000
1982.8767              272.0898132324218750
1982.9589              272.0270385742187500
1983.0438              272.5186157226562500
1983.1260              273.2103576660156250
1983.2054              273.2579956054687500
1983.2904              272.9335937500000000
1983.3726              271.9344177246093750
1983.4575              271.7216491699218750
1983.5397              271.9242248535156250
1983.6246              272.0393981933593750
1983.7096              272.0734863281250000
1983.7917              272.0741577148437500
1983.8767              272.0499572753906250
1983.9589              271.9981994628906250
1984.0437              272.4047241210937500
1984.1257              273.0119323730468750
1984.2076              273.0282287597656250
1984.2924              272.6936340332031250
1984.3743              271.9686889648437500
1984.4590              271.7047119140625000
1984.5410              271.8167114257812500
1984.6257              271.9886779785156250
1984.7103              272.0386962890625000
1984.7924              272.0431518554687500
1984.8771              271.9904174804687500
1984.9590              271.9296569824218750
1985.0438              272.0715332031250000
1985.1260              272.6816711425781250
1985.2054              272.8996887207031250
1985.2904              272.5211181640625000
1985.3726              271.7944335937500000
1985.4575              271.7066955566406250
1985.5397              271.9017333984375000
1985.6246              272.0205078125000000
1985.7096              272.0697937011718750
1985.7917              272.0783691406250000
1985.8767              272.0628356933593750
1985.9589              271.9898681640625000
1986.0438              272.0430297851562500
1986.1260              272.6445312500000000
1986.2054              272.8323059082031250
1986.2904              272.4542236328125000
1986.3726              271.8423767089843750
1986.4575              271.4736633300781250
1986.5397              271.7165222167968750
1986.6246              271.9492187500000000
1986.7096              272.0335388183593750
1986.7917              272.0350341796875000
1986.8767              272.0219726562500000
1986.9589              271.9819946289062500
1987.0438              272.5435485839843750
1987.1260              273.1765747070312500
1987.2054              273.2977905273437500
1987.2904              272.7776794433593750
1987.3726              271.9093627929687500
1987.4575              271.7145996093750000
1987.5397              271.9035644531250000
1987.6246              272.0227050781250000
1987.7096              272.0479736328125000
1987.7917              272.0474853515625000
1987.8767              272.0077514648437500
1987.9589              271.9642944335937500
1988.0437              272.4575195312500000
1988.1257              273.0614929199218750
1988.2076              273.1806640625000000
1988.2924              272.7924499511718750
1988.3743              272.1666564941406250
1988.4590              271.6422424316406250
1988.5410              271.8544006347656250
1988.6257              272.0534057617187500
1988.7103              272.0658569335937500
1988.7924              272.0692749023437500
1988.8771              272.0443420410156250
1988.9590              271.9822082519531250
1989.0438              272.4833984375000000
1989.1260              273.1277770996093750
1989.2054              273.2321777343750000
1989.2904              272.8466796875000000
1989.3726              272.0063171386718750
1989.4575              271.6230163574218750
1989.5397              271.8790893554687500
1989.6246              272.0250549316406250
1989.7096              272.0348815917968750
1989.7917              272.0240173339843750
1989.8767              272.0076599121093750
1989.9589              271.9344177246093750
1990.0438              271.9812316894531250
1990.1260              272.5422668457031250
1990.2054              272.6387634277343750
1990.2904              272.2321472167968750
1990.3726              271.5964660644531250
1990.4575              271.5655212402343750
1990.5397              271.8034667968750000
1990.6246              271.9475708007812500
1990.7096              271.9558410644531250
1990.7917              271.9419860839843750
1990.8767              271.8815612792968750
1990.9589              271.8094482421875000
1991.0438              271.9969787597656250
1991.1260              272.6007080078125000
1991.2054              272.6909484863281250
1991.2904              272.2930603027343750
1991.3726              271.6748657226562500
1991.4575              271.5958557128906250
1991.5397              271.9029846191406250
1991.6246              271.9604492187500000
1991.7096              271.9577331542968750
1991.7917              271.9525756835937500
1991.8767              271.9380493164062500
1991.9589              271.9100036621093750
1992.0437              272.2113342285156250
1992.1257              272.8211059570312500
1992.2076              272.9430236816406250
1992.2924              272.5592956542968750
1992.3743              271.9905700683593750
1992.4590              271.6037597656250000
1992.5410              271.7973937988281250
1992.6257              271.9627990722656250
1992.7103              271.9612426757812500
1992.7924              271.9575195312500000
1992.8771              271.9304199218750000
1992.9590              271.8989257812500000
1993.0438              272.1809082031250000
1993.1260              272.8429565429687500
1993.2054              272.9244689941406250
1993.2904              272.5192260742187500
1993.3726              271.7752685546875000
1993.4575              271.6772766113281250
1993.5397              271.8740234375000000
1993.6246              272.0184326171875000
1993.7096              272.0138854980468750
1993.7917              272.0013427734375000
1993.8767              271.9844360351562500
1993.9589              271.9410705566406250
1994.0438              272.1699829101562500
1994.1260              272.9117736816406250
1994.2054              272.9605712890625000
1994.2904              272.5688171386718750
1994.3726              271.8036804199218750
1994.4575              271.5857543945312500
1994.5397              271.8061218261718750
1994.6246              271.9570312500000000
1994.7096              271.9688720703125000
1994.7917              271.9731445312500000
1994.8767              271.9363403320312500
1994.9589              271.8831787109375000
1995.0438              272.0353088378906250
1995.1260              272.5627441406250000
1995.2054              272.6840209960937500
1995.2904              272.2929077148437500
1995.3726              271.6355590820312500
1995.4575              271.6043701171875000
1995.5397              271.8154296875000000
1995.6246              271.9492187500000000
1995.7096              271.9668884277343750
1995.7917              271.9747619628906250
1995.8767              271.9923400878906250
1995.9589              271.9365539550781250
1996.0437              272.3072814941406250
1996.1257              272.8979187011718750
1996.2076              272.9461059570312500
1996.2924              272.5538330078125000
1996.3743              271.7570495605468750
1996.4590              271.6998901367187500
1996.5410              271.8542175292968750
1996.6257              271.9698791503906250
1996.7103              272.0021057128906250
1996.7924              271.9903259277343750
1996.8771              271.9391174316406250
1996.9590              271.8504028320312500
1997.0438              272.0372924804687500
1997.1260              272.7138366699218750
1997.2054              272.8760681152343750
1997.2904              272.5137634277343750
1997.3726              271.7704162597656250
1997.4575              271.5979003906250000
1997.5397              271.7520141601562500
1997.6246              271.8475341796875000
1997.7096              271.8805847167968750
1997.7917              271.8902282714843750
1997.8767              271.8729248046875000
1997.9589              271.8165588378906250
1998.0438              271.9533386230468750
1998.1260              272.5712280273437500
1998.2054              272.7195129394531250
1998.2904              272.4205017089843750
1998.3726              271.7254028320312500
1998.4575              271.5204467773437500
1998.5397              271.7206726074218750
1998.6246              271.8479309082031250
1998.7096              271.8670654296875000
1998.7917              271.8681335449218750
1998.8767              271.8487243652343750
1998.9589              271.8107604980468750
1999.0438              272.1979980468750000
1999.1260              272.8711242675781250
1999.2054              272.8741455078125000
1999.2904              272.5230712890625000
1999.3726              271.8810424804687500
1999.4575              271.5176696777343750
1999.5397              271.6961364746093750
1999.6246              271.8913879394531250
1999.7096              271.9076843261718750
1999.7917              271.9084472656250000
1999.8767              271.8972778320312500
1999.9589              271.8648071289062500
2000.0437              272.0770568847656250
2000.1257              272.6625061035156250
2000.2076              272.7465820312500000
2000.2924              272.2830505371093750
2000.3743              271.6352844238281250
2000.4590              271.6380615234375000
2000.5410              271.8475646972656250
2000.6257              271.9845886230468750
2000.7103              271.9932250976562500
2000.7924              271.9908447265625000
2000.8771              271.9602966308593750
2000.9590              271.8900756835937500
