1871.0438              272.4380798339843750
1871.1260              272.4571533203125000
1871.2054              272.4100646972656250
1871.2904              272.0440673828125000
1871.3726              271.7023315429687500
1871.4575              271.9458618164062500
1871.5397              272.2390441894531250
1871.6246              272.3663940429687500
1871.7096              272.4289550781250000
1871.7917              272.4915771484375000
1871.8767              272.4887695312500000
1871.9589              272.4408264160156250
1872.0437              272.3799438476562500
1872.1257              272.3385620117187500
1872.2076              272.3184509277343750
1872.2924              271.9920959472656250
1872.3743              271.9308471679687500
1872.4590              272.1584167480468750
1872.5410              272.3380126953125000
1872.6257              272.4232482910156250
1872.7103              272.4700622558593750
1872.7924              272.4897155761718750
1872.8771              272.4567871093750000
1872.9590              272.3877258300781250
1873.0438              272.3262634277343750
1873.1260              272.3684997558593750
1873.2054              272.3904113769531250
1873.2904              272.0342407226562500
1873.3726              271.6335144042968750
1873.4575              271.7847900390625000
1873.5397              272.1928405761718750
1873.6246              272.4438171386718750
1873.7096              272.5513916015625000
1873.7917              272.6143798828125000
1873.8767              272.5826110839843750
1873.9589              272.5174865722656250
1874.0438              272.4570617675781250
1874.1260              272.6034240722656250
1874.2054              272.5217285156250000
1874.2904              272.1842956542968750
1874.3726              271.8287353515625000
1874.4575              272.0562133789062500
1874.5397              272.4735107421875000
1874.6246              272.5574645996093750
1874.7096              272.5986633300781250
1874.7917              272.6070251464843750
1874.8767              272.5574340820312500
1874.9589              272.4900207519531250
1875.0438              272.4237365722656250
1875.1260              272.4241333007812500
1875.2054              272.4798278808593750
1875.2904              272.1604309082031250
1875.3726              271.7356567382812500
1875.4575              271.8626708984375000
1875.5397              272.3883972167968750
1875.6246              272.4469909667968750
1875.7096              272.4912109375000000
1875.7917              272.5410766601562500
1875.8767              272.5061645507812500
1875.9589              272.4205932617187500
1876.0437              272.3603515625000000
1876.1257              272.3226928710937500
1876.2076              272.2929382324218750
1876.2924              272.2781066894531250
1876.3743              272.2658386230468750
1876.4590              272.4376831054687500
1876.5410              272.5060729980468750
1876.6257              272.5668029785156250
1876.7103              272.6116333007812500
1876.7924              272.6234741210937500
1876.8771              272.5787353515625000
1876.9590              272.5166015625000000
1877.0438              272.4418029785156250
1877.1260              272.3823852539062500
1877.2054              272.3481445312500000
1877.2904              272.2992553710937500
1877.3726              272.2559814453125000
1877.4575              272.2795410156250000
1877.5397              272.2778320312500000
1877.6246              272.2898864746093750
1877.7096              272.4706115722656250
1877.7917              272.5340270996093750
1877.8767              272.5136413574218750
1877.9589              272.4402160644531250
1878.0438              272.3714904785156250
1878.1260              272.4705200195312500
1878.2054              272.5066833496093750
1878.2904              272.1796264648437500
1878.3726              271.8338012695312500
1878.4575              271.6162109375000000
1878.5397              271.9665527343750000
1878.6246              272.3036193847656250
1878.7096              272.4402770996093750
1878.7917              272.4968261718750000
1878.8767              272.4976501464843750
1878.9589              272.4304504394531250
1879.0438              272.3714599609375000
1879.1260              272.3390197753906250
1879.2054              272.3168945312500000
1879.2904              272.2969970703125000
1879.3726              272.2725524902343750
1879.4575              272.2865905761718750
1879.5397              272.3587341308593750
1879.6246              272.3288574218750000
1879.7096              272.3353881835937500
1879.7917              272.3428955078125000
1879.8767              272.3009033203125000
1879.9589              272.2398986816406250
1880.0437              272.1755371093750000
1880.1257              272.1189575195312500
1880.2076              272.0661010742187500
1880.2924              272.0281982421875000
1880.3743              272.0420227050781250
1880.4590              272.1223144531250000
1880.5410              272.2087097167968750
1880.6257              272.2528991699218750
1880.7103              272.3163757324218750
1880.7924              272.3356933593750000
1880.8771              272.3053588867187500
1880.9590              272.2441101074218750
1881.0438              272.1818847656250000
1881.1260              272.1438293457031250
1881.2054              272.1309204101562500
1881.2904              272.1137390136718750
1881.3726              272.0852661132812500
1881.4575              272.0779418945312500
1881.5397              272.0768737792968750
1881.6246              272.1524047851562500
1881.7096              272.1909179687500000
1881.7917              272.2709655761718750
1881.8767              272.2558288574218750
1881.9589              272.1933288574218750
1882.0438              272.1278076171875000
1882.1260              272.2625732421875000
1882.2054              272.2753295898437500
1882.2904              272.0643920898437500
1882.3726              271.6915588378906250
1882.4575              271.6619567871093750
1882.5397              271.8119812011718750
1882.6246              271.9250183105468750
1882.7096              272.0323486328125000
1882.7917              272.0712280273437500
1882.8767              272.0680236816406250
1882.9589              272.0417785644531250
1883.0438              272.0216674804687500
1883.1260              272.0368347167968750
1883.2054              272.0267028808593750
1883.2904              271.7977905273437500
1883.3726              271.8324584960937500
1883.4575              272.0844116210937500
1883.5397              272.2127990722656250
1883.6246              272.3217468261718750
1883.7096              272.4070434570312500
1883.7917              272.4317321777343750
1883.8767              272.3959655761718750
1883.9589              272.3302001953125000
1884.0437              272.2727966308593750
1884.1257              272.2341918945312500
1884.2076              272.2788085937500000
1884.2924              271.9910888671875000
1884.3743              271.6856079101562500
1884.4590              271.7998046875000000
1884.5410              271.9964294433593750
1884.6257              272.1708984375000000
1884.7103              272.2453918457031250
1884.7924              272.2699279785156250
1884.8771              272.2685241699218750
1884.9590              272.2202148437500000
1885.0438              272.1744384765625000
1885.1260              272.1370544433593750
1885.2054              272.1165771484375000
1885.2904              272.1006774902343750
1885.3726              272.1265869140625000
1885.4575              272.2019653320312500
1885.5397              272.2420959472656250
1885.6246              272.3340759277343750
1885.7096              272.3789062500000000
1885.7917              272.3983459472656250
1885.8767              272.3932800292968750
1885.9589              272.3362121582031250
1886.0438              272.2779846191406250
1886.1260              272.3060607910156250
1886.2054              272.3332824707031250
1886.2904              272.0403137207031250
1886.3726              271.6959533691406250
1886.4575              271.6647033691406250
1886.5397              271.8291015625000000
1886.6246              271.9403686523437500
1886.7096              272.0744018554687500
1886.7917              272.1586303710937500
1886.8767              272.1798095703125000
1886.9589              272.1462402343750000
1887.0438              272.1708068847656250
1887.1260              272.4454956054687500
1887.2054              272.4431152343750000
1887.2904              272.1917724609375000
1887.3726              271.6981201171875000
1887.4575              271.6714782714843750
1887.5397              271.8376464843750000
1887.6246              272.0016174316406250
1887.7096              272.1465759277343750
1887.7917              272.2466430664062500
1887.8767              272.2562255859375000
1887.9589              272.2282714843750000
1888.0437              272.1955871582031250
1888.1257              272.1779174804687500
1888.2076              272.1700439453125000
1888.2924              272.1303100585937500
1888.3743              272.0981445312500000
1888.4590              272.1603393554687500
1888.5410              272.2631835937500000
1888.6257              272.4335327148437500
1888.7103              272.5120544433593750
1888.7924              272.5559387207031250
1888.8771              272.5431518554687500
1888.9590              272.4814758300781250
1889.0438              272.4238891601562500
1889.1260              272.5323181152343750
1889.2054              272.5895080566406250
1889.2904              272.2147827148437500
1889.3726              271.7968139648437500
1889.4575              271.7388916015625000
1889.5397              272.1315307617187500
1889.6246              272.3728332519531250
1889.7096              272.4833068847656250
1889.7917              272.5343322753906250
1889.8767              272.5186767578125000
1889.9589              272.4613952636718750
1890.0438              272.4032897949218750
1890.1260              272.3609313964843750
1890.2054              272.3423461914062500
1890.2904              272.2890014648437500
1890.3726              272.2244262695312500
1890.4575              272.2500610351562500
1890.5397              272.3115234375000000
1890.6246              272.4008483886718750
1890.7096              272.4603271484375000
1890.7917              272.4729919433593750
1890.8767              272.4453735351562500
1890.9589              272.3852844238281250
1891.0438              272.3387756347656250
1891.1260              272.5870971679687500
1891.2054              272.6120910644531250
1891.2904              272.3013305664062500
1891.3726              271.5852050781250000
1891.4575              271.6469421386718750
1891.5397              271.8601684570312500
1891.6246              272.2021179199218750
1891.7096              272.3470458984375000
1891.7917              272.4040527343750000
1891.8767              272.4273376464843750
1891.9589              272.3970947265625000
1892.0437              272.3605957031250000
1892.1257              272.3279724121093750
1892.2076              272.3626098632812500
1892.2924              272.0544128417968750
1892.3743              271.6719970703125000
1892.4590              271.8651733398437500
1892.5410              272.2275695800781250
1892.6257              272.3263244628906250
1892.7103              272.4214172363281250
1892.7924              272.4639282226562500
1892.8771              272.4323730468750000
1892.9590              272.3639526367187500
1893.0438              272.3103942871093750
1893.1260              272.2632751464843750
1893.2054              272.2312927246093750
1893.2904              272.2091064453125000
1893.3726              272.2072753906250000
1893.4575              272.2833557128906250
1893.5397              272.3742675781250000
1893.6246              272.4603271484375000
1893.7096              272.4861450195312500
1893.7917              272.4897460937500000
1893.8767              272.4643859863281250
1893.9589              272.4066772460937500
1894.0438              272.3515930175781250
1894.1260              272.3036193847656250
1894.2054              272.2659606933593750
1894.2904              272.2449035644531250
1894.3726              272.2685546875000000
1894.4575              272.3155212402343750
1894.5397              272.3083496093750000
1894.6246              272.3586730957031250
1894.7096              272.4430847167968750
1894.7917              272.4851989746093750
1894.8767              272.4424133300781250
1894.9589              272.3904724121093750
1895.0438              272.3469238281250000
1895.1260              272.4584350585937500
1895.2054              272.5159301757812500
1895.2904              272.2105712890625000
1895.3726              271.7609252929687500
1895.4575              271.7464904785156250
1895.5397              272.0253906250000000
1895.6246              272.2079467773437500
1895.7096              272.2971801757812500
1895.7917              272.3606262207031250
1895.8767              272.3382263183593750
1895.9589              272.2817382812500000
1896.0437              272.2347106933593750
1896.1257              272.4772033691406250
1896.2076              272.5297851562500000
1896.2924              272.1002502441406250
1896.3743              271.5971069335937500
1896.4590              271.6791687011718750
1896.5410              272.0512695312500000
1896.6257              272.2566223144531250
1896.7103              272.3700256347656250
1896.7924              272.4466857910156250
1896.8771              272.4303588867187500
1896.9590              272.3957824707031250
1897.0438              272.3591308593750000
1897.1260              272.3828735351562500
1897.2054              272.3585205078125000
1897.2904              271.9854125976562500
1897.3726              271.7797241210937500
1897.4575              272.1454162597656250
1897.5397              272.3910522460937500
1897.6246              272.4862976074218750
1897.7096              272.5553588867187500
1897.7917              272.6188049316406250
1897.8767              272.5996704101562500
1897.9589              272.5364685058593750
1898.0438              272.4658203125000000
1898.1260              272.4176635742187500
1898.2054              272.3776855468750000
1898.2904              272.1168212890625000
1898.3726              271.7902832031250000
1898.4575              271.9440612792968750
1898.5397              272.2846069335937500
1898.6246              272.4812316894531250
1898.7096              272.5229187011718750
1898.7917              272.5309143066406250
1898.8767              272.4873046875000000
1898.9589              272.4199218750000000
1899.0438              272.3518066406250000
1899.1260              272.3126525878906250
1899.2054              272.3019104003906250
1899.2904              271.9985656738281250
1899.3726              271.7318725585937500
1899.4575              271.9324340820312500
1899.5397              272.1613769531250000
1899.6246              272.3139343261718750
1899.7096              272.3906250000000000
1899.7917              272.4191894531250000
1899.8767              272.4038696289062500
1899.9589              272.3451843261718750
1900.0438              272.2893066406250000
1900.1260              272.2541503906250000
1900.2054              272.2213439941406250
1900.2904              271.9363403320312500
1900.3726              271.7451171875000000
1900.4575              272.0562133789062500
1900.5397              272.2744445800781250
1900.6246              272.3806457519531250
1900.7096              272.4555053710937500
1900.7917              272.4984130859375000
1900.8767              272.4830932617187500
1900.9589              272.4104614257812500
1901.0438              272.3474121093750000
1901.1260              272.5532226562500000
1901.2054              272.6554260253906250
1901.2904              272.2498168945312500
1901.3726              271.6155395507812500
1901.4575              271.8336181640625000
1901.5397              272.1677856445312500
1901.6246              272.3139648437500000
1901.7096              272.3923034667968750
1901.7917              272.4259338378906250
1901.8767              272.4027099609375000
1901.9589              272.3468017578125000
1902.0438              272.2915039062500000
1902.1260              272.3222045898437500
1902.2054              272.3023681640625000
1902.2904              271.9707946777343750
1902.3726              271.7723999023437500
1902.4575              272.0350341796875000
1902.5397              272.2847290039062500
1902.6246              272.4035339355468750
1902.7096              272.4578857421875000
1902.7917              272.4589233398437500
1902.8767              272.4095153808593750
1902.9589              272.3411560058593750
1903.0438              272.2788085937500000
1903.1260              272.2716979980468750
1903.2054              272.3055419921875000
1903.2904              271.8842773437500000
1903.3726              271.6030578613281250
1903.4575              271.8500366210937500
1903.5397              272.1396484375000000
1903.6246              272.2944335937500000
1903.7096              272.3837280273437500
1903.7917              272.4169006347656250
1903.8767              272.3922119140625000
1903.9589              272.3395385742187500
1904.0437              272.2789916992187500
1904.1257              272.3063049316406250
1904.2076              272.3475646972656250
1904.2924              272.0132446289062500
1904.3743              271.6043090820312500
1904.4590              271.7412719726562500
1904.5410              271.9947814941406250
1904.6257              272.1372375488281250
1904.7103              272.2501220703125000
1904.7924              272.3042907714843750
1904.8771              272.2673950195312500
1904.9590              272.1940917968750000
1905.0438              272.2413330078125000
1905.1260              272.6142883300781250
1905.2054              272.5851440429687500
1905.2904              272.2260131835937500
1905.3726              271.6842956542968750
1905.4575              271.5425109863281250
1905.5397              271.7588195800781250
1905.6246              272.0462341308593750
1905.7096              272.2565917968750000
1905.7917              272.3825073242187500
1905.8767              272.4045715332031250
1905.9589              272.3577270507812500
1906.0438              272.3174133300781250
1906.1260              272.5276794433593750
1906.2054              272.6045837402343750
1906.2904              272.1445007324218750
1906.3726              271.7135620117187500
1906.4575              271.6265869140625000
1906.5397              271.9223022460937500
1906.6246              272.0924072265625000
1906.7096              272.2398986816406250
1906.7917              272.3416748046875000
1906.8767              272.3449401855468750
1906.9589              272.3042297363281250
1907.0438              272.2587890625000000
1907.1260              272.2928161621093750
1907.2054              272.3408203125000000
1907.2904              272.0606079101562500
1907.3726              271.6593017578125000
1907.4575              271.6593322753906250
1907.5397              271.8953552246093750
1907.6246              272.0846557617187500
1907.7096              272.2543945312500000
1907.7917              272.3122253417968750
1907.8767              272.3226013183593750
1907.9589              272.2667236328125000
1908.0437              272.2105712890625000
1908.1257              272.1706237792968750
1908.2076              272.1478881835937500
1908.2924              272.1271057128906250
1908.3743              272.0968627929687500
1908.4590              272.2541809082031250
1908.5410              272.3072204589843750
1908.6257              272.3258056640625000
1908.7103              272.3361816406250000
1908.7924              272.3599243164062500
1908.8771              272.3212890625000000
1908.9590              272.2427368164062500
1909.0438              272.1745910644531250
1909.1260              272.1292419433593750
1909.2054              272.0853271484375000
1909.2904              272.0490417480468750
1909.3726              272.0496826171875000
1909.4575              272.0921630859375000
1909.5397              272.1134338378906250
1909.6246              272.1919860839843750
1909.7096              272.2866516113281250
1909.7917              272.3348388671875000
1909.8767              272.3264160156250000
1909.9589              272.2629699707031250
1910.0438              272.2027282714843750
1910.1260              272.1710510253906250
1910.2054              272.1160583496093750
1910.2904              271.8964538574218750
1910.3726              271.6758728027343750
1910.4575              271.8713378906250000
1910.5397              272.0657348632812500
1910.6246              272.1988525390625000
1910.7096              272.2793579101562500
1910.7917              272.3369140625000000
1910.8767              272.3393554687500000
1910.9589              272.2926330566406250
1911.0438              272.2432250976562500
1911.1260              272.3908386230468750
1911.2054              272.4218444824218750
1911.2904              272.2119750976562500
1911.3726              271.8907775878906250
1911.4575              271.5845031738281250
1911.5397              271.7138977050781250
1911.6246              271.8705444335937500
1911.7096              272.1094665527343750
1911.7917              272.2388000488281250
1911.8767              272.2633361816406250
1911.9589              272.2355651855468750
1912.0437              272.1904602050781250
1912.1257              272.2674255371093750
1912.2076              272.2756347656250000
1912.2924              272.0131225585937500
1912.3743              271.6454772949218750
1912.4590              271.6437072753906250
1912.5410              271.7929077148437500
1912.6257              271.9663696289062500
1912.7103              272.1310424804687500
1912.7924              272.2203674316406250
1912.8771              272.2286376953125000
1912.9590              272.2056579589843750
1913.0438              272.1871032714843750
1913.1260              272.3208618164062500
1913.2054              272.3931274414062500
1913.2904              272.0922241210937500
1913.3726              271.6254577636718750
1913.4575              271.8075561523437500
1913.5397              272.1485290527343750
1913.6246              272.3273925781250000
1913.7096              272.4879150390625000
1913.7917              272.5294799804687500
1913.8767              272.4927062988281250
1913.9589              272.4336242675781250
1914.0438              272.3769531250000000
1914.1260              272.6158447265625000
1914.2054              272.6200256347656250
1914.2904              272.2316589355468750
1914.3726              271.6745605468750000
1914.4575              271.8140563964843750
1914.5397              271.9995117187500000
1914.6246              272.1722412109375000
1914.7096              272.2782287597656250
1914.7917              272.3149108886718750
1914.8767              272.3192749023437500
1914.9589              272.2801818847656250
1915.0438              272.2400817871093750
1915.1260              272.3311462402343750
1915.2054              272.3611450195312500
1915.2904              272.0567932128906250
1915.3726              271.6334228515625000
1915.4575              271.7319030761718750
1915.5397              271.9049072265625000
1915.6246              272.0704040527343750
1915.7096              272.2637329101562500
1915.7917              272.3589477539062500
1915.8767              272.3814086914062500
1915.9589              272.3316040039062500
1916.0437              272.2818298339843750
1916.1257              272.2402343750000000
1916.2076              272.2582702636718750
1916.2924              271.9995727539062500
1916.3743              271.5755004882812500
1916.4590              271.6542663574218750
1916.5410              271.7708435058593750
1916.6257              271.8066101074218750
1916.7103              271.8502807617187500
1916.7924              272.0041503906250000
1916.8771              272.0832824707031250
1916.9590              272.0533752441406250
1917.0438              272.0179443359375000
1917.1260              272.0289306640625000
1917.2054              272.0339050292968750
1917.2904              271.7749328613281250
1917.3726              271.6367797851562500
1917.4575              271.8256225585937500
1917.5397              272.0228576660156250
1917.6246              272.2041625976562500
1917.7096              272.3054809570312500
1917.7917              272.4155273437500000
1917.8767              272.4490966796875000
1917.9589              272.4137573242187500
1918.0438              272.3690490722656250
1918.1260              272.3330993652343750
1918.2054              272.2943115234375000
1918.2904              272.0106201171875000
1918.3726              271.7048339843750000
1918.4575              271.9015502929687500
1918.5397              272.2579650878906250
1918.6246              272.4991455078125000
1918.7096              272.5824890136718750
1918.7917              272.6080932617187500
1918.8767              272.5447998046875000
1918.9589              272.4634704589843750
1919.0438              272.3829345703125000
1919.1260              272.3348083496093750
1919.2054              272.2974853515625000
1919.2904              272.2664184570312500
1919.3726              272.2276916503906250
1919.4575              272.2311706542968750
1919.5397              272.2570190429687500
1919.6246              272.3352050781250000
1919.7096              272.4217224121093750
1919.7917              272.4426269531250000
1919.8767              272.3849487304687500
1919.9589              272.3127441406250000
1920.0437              272.2449645996093750
1920.1257              272.2365722656250000
1920.2076              272.3267822265625000
1920.2924              272.1226501464843750
1920.3743              271.7421264648437500
1920.4590              271.6228942871093750
1920.5410              271.8453063964843750
1920.6257              272.1346130371093750
1920.7103              272.3298339843750000
1920.7924              272.4122924804687500
1920.8771              272.3615112304687500
1920.9590              272.3001403808593750
1921.0438              272.2398986816406250
1921.1260              272.2044372558593750
1921.2054              272.2211303710937500
1921.2904              272.0691833496093750
1921.3726              271.7099304199218750
1921.4575              271.6334838867187500
1921.5397              272.0442504882812500
1921.6246              272.2596435546875000
1921.7096              272.3427734375000000
1921.7917              272.3930358886718750
1921.8767              272.3694458007812500
1921.9589              272.3181457519531250
1922.0438              272.2644042968750000
1922.1260              272.3584899902343750
1922.2054              272.4232177734375000
1922.2904              272.2033386230468750
1922.3726              271.7172851562500000
1922.4575              271.7620849609375000
1922.5397              272.0733337402343750
1922.6246              272.2589416503906250
1922.7096              272.3387756347656250
1922.7917              272.3863525390625000
1922.8767              272.3490295410156250
1922.9589              272.2976379394531250
1923.0438              272.2446594238281250
1923.1260              272.2590026855468750
1923.2054              272.3631286621093750
1923.2904              272.1228637695312500
1923.3726              271.7417907714843750
1923.4575              271.5233459472656250
1923.5397              271.7590942382812500
1923.6246              271.9154052734375000
1923.7096              272.1388549804687500
1923.7917              272.2290649414062500
1923.8767              272.2498168945312500
1923.9589              272.1976013183593750
1924.0437              272.1360168457031250
1924.1257              272.1029052734375000
1924.2076              272.1188354492187500
1924.2924              271.8815612792968750
1924.3743              271.6533203125000000
1924.4590              271.7602539062500000
1924.5410              271.8616638183593750
1924.6257              272.1030578613281250
1924.7103              272.2138671875000000
1924.7924              272.2854614257812500
1924.8771              272.3264160156250000
1924.9590              272.3019409179687500
1925.0438              272.2701416015625000
1925.1260              272.2441406250000000
1925.2054              272.2261047363281250
1925.2904              272.2048950195312500
1925.3726              272.1962890625000000
1925.4575              272.2598266601562500
1925.5397              272.2858581542968750
1925.6246              272.2867736816406250
1925.7096              272.3167419433593750
1925.7917              272.3265075683593750
1925.8767              272.2873535156250000
1925.9589              272.2204895019531250
1926.0438              272.1550292968750000
1926.1260              272.0941772460937500
1926.2054              272.0513305664062500
1926.2904              272.0142822265625000
1926.3726              272.0194702148437500
1926.4575              272.0856323242187500
1926.5397              272.1203918457031250
1926.6246              272.2509155273437500
1926.7096              272.3183898925781250
1926.7917              272.3222656250000000
1926.8767              272.2963562011718750
1926.9589              272.2333068847656250
1927.0438              272.1748657226562500
1927.1260              272.1416625976562500
1927.2054              272.0644836425781250
1927.2904              271.7516784667968750
1927.3726              271.7563171386718750
1927.4575              271.9533996582031250
1927.5397              272.0393981933593750
1927.6246              272.1125793457031250
1927.7096              272.2098083496093750
1927.7917              272.2482910156250000
1927.8767              272.2244262695312500
1927.9589              272.1727905273437500
1928.0437              272.1274108886718750
1928.1257              272.0943908691406250
1928.2076              272.0568542480468750
1928.2924              272.0281372070312500
1928.3743              272.0175170898437500
1928.4590              272.0540466308593750
1928.5410              272.0674133300781250
1928.6257              272.1214294433593750
1928.7103              272.2486572265625000
1928.7924              272.3726196289062500
1928.8771              272.3630065917968750
1928.9590              272.3237304687500000
1929.0438              272.2867736816406250
1929.1260              272.4582519531250000
1929.2054              272.5200500488281250
1929.2904              272.2639465332031250
1929.3726              271.7559204101562500
1929.4575              271.7227478027343750
1929.5397              272.0152587890625000
1929.6246              272.1960144042968750
1929.7096              272.3281555175781250
1929.7917              272.4070129394531250
1929.8767              272.3809509277343750
1929.9589              272.3357238769531250
1930.0438              272.2866821289062500
1930.1260              272.3888549804687500
1930.2054              272.4504394531250000
1930.2904              272.1878662109375000
1930.3726              271.7173461914062500
1930.4575              271.5546264648437500
1930.5397              271.8557434082031250
1930.6246              272.1982421875000000
1930.7096              272.3283386230468750
1930.7917              272.3797912597656250
1930.8767              272.3548583984375000
1930.9589              272.2959899902343750
1931.0438              272.2472534179687500
1931.1260              272.3082580566406250
1931.2054              272.4468688964843750
1931.2904              272.2517089843750000
1931.3726              271.7327575683593750
1931.4575              271.7301025390625000
1931.5397              272.1290283203125000
1931.6246              272.3483276367187500
1931.7096              272.4743957519531250
1931.7917              272.5516662597656250
1931.8767              272.5585327148437500
1931.9589              272.5012817382812500
1932.0437              272.4298095703125000
1932.1257              272.3792419433593750
1932.2076              272.3269042968750000
1932.2924              272.2380371093750000
1932.3743              272.0992431640625000
1932.4590              272.0238647460937500
1932.5410              272.1207580566406250
1932.6257              272.2866210937500000
1932.7103              272.4658813476562500
1932.7924              272.5038757324218750
1932.8771              272.4776306152343750
1932.9590              272.4306030273437500
1933.0438              272.3771057128906250
1933.1260              272.4912719726562500
1933.2054              272.4674072265625000
1933.2904              272.1477661132812500
1933.3726              271.6965942382812500
1933.4575              271.6930541992187500
1933.5397              271.8833312988281250
1933.6246              272.0504455566406250
1933.7096              272.1781921386718750
1933.7917              272.3111877441406250
1933.8767              272.3726196289062500
1933.9589              272.3378906250000000
1934.0438              272.2949829101562500
1934.1260              272.4455261230468750
1934.2054              272.4131164550781250
1934.2904              272.1236572265625000
1934.3726              271.6178588867187500
1934.4575              271.6207580566406250
1934.5397              271.7878112792968750
1934.6246              272.0034179687500000
1934.7096              272.2680969238281250
1934.7917              272.3938903808593750
1934.8767              272.4137573242187500
1934.9589              272.3640747070312500
1935.0438              272.3087768554687500
1935.1260              272.2615051269531250
1935.2054              272.1976013183593750
1935.2904              271.9234008789062500
1935.3726              271.5986022949218750
1935.4575              271.7285156250000000
1935.5397              272.0198974609375000
1935.6246              272.2727355957031250
1935.7096              272.4244995117187500
1935.7917              272.4472045898437500
1935.8767              272.4151306152343750
1935.9589              272.3384399414062500
1936.0437              272.2551879882812500
1936.1257              272.3189697265625000
1936.2076              272.3338012695312500
1936.2924              272.0584411621093750
1936.3743              271.6299438476562500
1936.4590              271.7461547851562500
1936.5410              271.9190673828125000
1936.6257              272.0556945800781250
1936.7103              272.2025146484375000
1936.7924              272.3050537109375000
1936.8771              272.3179321289062500
1936.9590              272.2837829589843750
1937.0438              272.2471313476562500
1937.1260              272.2112731933593750
1937.2054              272.1858215332031250
1937.2904              271.9175720214843750
1937.3726              271.6758422851562500
1937.4575              271.9644470214843750
1937.5397              272.0964050292968750
1937.6246              272.2337951660156250
1937.7096              272.3460693359375000
1937.7917              272.3674621582031250
1937.8767              272.3425292968750000
1937.9589              272.2821655273437500
1938.0438              272.2291259765625000
1938.1260              272.3223876953125000
1938.2054              272.4108886718750000
1938.2904              272.0848999023437500
1938.3726              271.6597595214843750
1938.4575              271.5066833496093750
1938.5397              271.8487243652343750
1938.6246              272.1123962402343750
1938.7096              272.3172912597656250
1938.7917              272.3611450195312500
1938.8767              272.3126220703125000
1938.9589              272.2552185058593750
1939.0438              272.2033081054687500
1939.1260              272.2523498535156250
1939.2054              272.3368835449218750
1939.2904              272.0444335937500000
1939.3726              271.5377502441406250
1939.4575              271.6353149414062500
1939.5397              271.8042907714843750
1939.6246              272.0074768066406250
1939.7096              272.1340332031250000
1939.7917              272.2574462890625000
1939.8767              272.2705383300781250
1939.9589              272.2205505371093750
1940.0437              272.1775817871093750
1940.1257              272.2427978515625000
1940.2076              272.3175354003906250
1940.2924              271.8535461425781250
1940.3743              271.5405578613281250
1940.4590              271.6444702148437500
1940.5410              271.8427429199218750
1940.6257              272.0909423828125000
1940.7103              272.2872924804687500
1940.7924              272.4027709960937500
1940.8771              272.4268493652343750
1940.9590              272.3709106445312500
1941.0438              272.3273315429687500
1941.1260              272.4466857910156250
1941.2054              272.4953613281250000
1941.2904              272.2135620117187500
1941.3726              271.7437438964843750
1941.4575              271.7361755371093750
1941.5397              272.2292480468750000
1941.6246              272.4650878906250000
1941.7096              272.5119934082031250
1941.7917              272.5534362792968750
1941.8767              272.5350341796875000
1941.9589              272.4804382324218750
1942.0438              272.4147338867187500
1942.1260              272.3722534179687500
1942.2054              272.3351135253906250
1942.2904              272.1665649414062500
1942.3726              271.7750244140625000
1942.4575              272.2177734375000000
1942.5397              272.5100097656250000
1942.6246              272.6301269531250000
1942.7096              272.6394348144531250
1942.7917              272.6060791015625000
1942.8767              272.5216674804687500
1942.9589              272.4317626953125000
1943.0438              272.3461608886718750
1943.1260              272.4307250976562500
1943.2054              272.4421997070312500
1943.2904              272.0522460937500000
1943.3726              271.7193603515625000
1943.4575              272.0599975585937500
1943.5397              272.2983398437500000
1943.6246              272.3433532714843750
1943.7096              272.4548034667968750
1943.7917              272.5335388183593750
1943.8767              272.5021667480468750
1943.9589              272.4406738281250000
1944.0437              272.3753356933593750
1944.1257              272.4678649902343750
1944.2076              272.5129394531250000
1944.2924              272.1278381347656250
1944.3743              271.6345520019531250
1944.4590              271.7267761230468750
1944.5410              271.9429626464843750
1944.6257              272.1972351074218750
1944.7103              272.3328857421875000
1944.7924              272.4210205078125000
1944.8771              272.3737792968750000
1944.9590              272.2903747558593750
1945.0438              272.2402648925781250
1945.1260              272.4259338378906250
1945.2054              272.2757873535156250
1945.2904              271.8752441406250000
1945.3726              271.6547851562500000
1945.4575              271.8541870117187500
1945.5397              272.0264587402343750
1945.6246              272.1466064453125000
1945.7096              272.2326660156250000
1945.7917              272.2557067871093750
1945.8767              272.2441711425781250
1945.9589              272.1936645507812500
1946.0438              272.1166381835937500
1946.1260              272.0818481445312500
1946.2054              272.0507507324218750
1946.2904              271.8067016601562500
1946.3726              271.6201477050781250
1946.4575              271.7214355468750000
1946.5397              271.8403625488281250
1946.6246              271.8721923828125000
1946.7096              272.0265197753906250
1946.7917              272.1736450195312500
1946.8767              272.2000122070312500
1946.9589              272.1708068847656250
1947.0438              272.1278686523437500
1947.1260              272.1002502441406250
1947.2054              272.0903320312500000
1947.2904              271.9974060058593750
1947.3726              271.8493957519531250
1947.4575              271.8542785644531250
1947.5397              271.8930969238281250
1947.6246              271.8925476074218750
1947.7096              271.9529724121093750
1947.7917              272.0529785156250000
1947.8767              272.0937805175781250
1947.9589              272.0825195312500000
1948.0437              272.0620727539062500
1948.1257              272.1013183593750000
1948.2076              272.2111816406250000
1948.2924              271.9242553710937500
1948.3743              271.6011657714843750
1948.4590              271.8219604492187500
1948.5410              271.9837036132812500
1948.6257              272.1805725097656250
1948.7103              272.2802429199218750
1948.7924              272.3547363281250000
1948.8771              272.3490600585937500
1948.9590              272.2988281250000000
1949.0438              272.3431701660156250
1949.1260              272.7323303222656250
1949.2054              272.7413024902343750
1949.2904              272.3157653808593750
1949.3726              271.7847595214843750
1949.4575              271.5967407226562500
1949.5397              271.8869018554687500
1949.6246              272.0649719238281250
1949.7096              272.2460327148437500
1949.7917              272.4100646972656250
1949.8767              272.3897399902343750
1949.9589              272.3502197265625000
1950.0438              272.3367309570312500
1950.1260              272.7196960449218750
1950.2054              272.7266235351562500
1950.2904              272.3385009765625000
1950.3726              271.7857360839843750
1950.4575              271.8249816894531250
1950.5397              272.2955932617187500
1950.6246              272.4349975585937500
1950.7096              272.4939880371093750
1950.7917              272.5326538085937500
1950.8767              272.5387573242187500
1950.9589              272.4833984375000000
1951.0438              272.4294433593750000
1951.1260              272.5336303710937500
1951.2054              272.5215148925781250
1951.2904              272.2357177734375000
1951.3726              271.7449645996093750
1951.4575              271.8503417968750000
1951.5397              272.1710205078125000
1951.6246              272.4432067871093750
1951.7096              272.5552673339843750
1951.7917              272.6086425781250000
1951.8767              272.5729980468750000
1951.9589              272.5029296875000000
1952.0437              272.4790954589843750
1952.1257              272.7675170898437500
1952.2076              272.7156066894531250
1952.2924              272.2614746093750000
1952.3743              271.7714233398437500
1952.4590              271.6408691406250000
1952.5410              271.9376831054687500
1952.6257              272.1477355957031250
1952.7103              272.3340454101562500
1952.7924              272.3893737792968750
1952.8771              272.3529663085937500
1952.9590              272.2933349609375000
1953.0438              272.2438964843750000
1953.1260              272.2554626464843750
1953.2054              272.2755126953125000
1953.2904              271.8918151855468750
1953.3726              271.5690917968750000
1953.4575              271.6873168945312500
1953.5397              271.8976135253906250
1953.6246              272.1838378906250000
1953.7096              272.3311157226562500
1953.7917              272.4130859375000000
1953.8767              272.4233093261718750
1953.9589              272.3835449218750000
1954.0438              272.3424987792968750
1954.1260              272.3054809570312500
1954.2054              272.2898254394531250
1954.2904              272.2922668457031250
1954.3726              272.3078613281250000
1954.4575              272.3365783691406250
1954.5397              272.4005432128906250
1954.6246              272.4478759765625000
1954.7096              272.5327148437500000
1954.7917              272.5460815429687500
1954.8767              272.4779663085937500
1954.9589              272.3972473144531250
1955.0438              272.3485107421875000
1955.1260              272.5386352539062500
1955.2054              272.4857177734375000
1955.2904              272.1590270996093750
1955.3726              271.6520080566406250
1955.4575              271.7210388183593750
1955.5397              271.9226379394531250
1955.6246              272.0703735351562500
1955.7096              272.2035522460937500
1955.7917              272.3264770507812500
1955.8767              272.3256835937500000
1955.9589              272.2899780273437500
1956.0437              272.2618103027343750
1956.1257              272.3421630859375000
1956.2076              272.3872070312500000
1956.2924              272.1988525390625000
1956.3743              271.7522277832031250
1956.4590              271.7702331542968750
1956.5410              271.9013977050781250
1956.6257              271.9824218750000000
1956.7103              272.0931396484375000
1956.7924              272.1123046875000000
1956.8771              272.1249084472656250
1956.9590              272.1069335937500000
1957.0438              272.0859985351562500
1957.1260              272.1011047363281250
1957.2054              272.1666870117187500
1957.2904              271.9303588867187500
1957.3726              271.7991638183593750
1957.4575              271.9361267089843750
1957.5397              272.0860595703125000
1957.6246              272.2037658691406250
1957.7096              272.2775268554687500
1957.7917              272.3383789062500000
1957.8767              272.3384094238281250
1957.9589              272.2976379394531250
1958.0438              272.2559204101562500
1958.1260              272.2761840820312500
1958.2054              272.3958435058593750
1958.2904              272.1033325195312500
1958.3726              271.6935424804687500
1958.4575              271.7937622070312500
1958.5397              271.9370727539062500
1958.6246              272.1755676269531250
1958.7096              272.2837829589843750
1958.7917              272.3155517578125000
1958.8767              272.3237609863281250
1958.9589              272.2825622558593750
1959.0438              272.2353210449218750
1959.1260              272.2030334472656250
1959.2054              272.1990661621093750
1959.2904              272.1822204589843750
1959.3726              272.1812744140625000
1959.4575              272.2596435546875000
1959.5397              272.3063354492187500
1959.6246              272.3594360351562500
1959.7096              272.3921508789062500
1959.7917              272.4408874511718750
1959.8767              272.4202575683593750
1959.9589              272.3693237304687500
1960.0437              272.3204650878906250
1960.1257              272.2878112792968750
1960.2076              272.2562866210937500
1960.2924              272.2182922363281250
1960.3743              272.1698303222656250
1960.4590              272.1842651367187500
1960.5410              272.2016906738281250
1960.6257              272.2632751464843750
1960.7103              272.3086853027343750
1960.7924              272.3595886230468750
1960.8771              272.3750305175781250
1960.9590              272.3429870605468750
1961.0438              272.3040161132812500
1961.1260              272.2759399414062500
1961.2054              272.2719726562500000
1961.2904              272.2642517089843750
1961.3726              272.2589111328125000
1961.4575              272.3031921386718750
1961.5397              272.3399658203125000
1961.6246              272.3262023925781250
1961.7096              272.3532714843750000
1961.7917              272.4018859863281250
1961.8767              272.3989868164062500
1961.9589              272.3453674316406250
1962.0438              272.2869567871093750
1962.1260              272.2805175781250000
1962.2054              272.3334960937500000
1962.2904              272.0331420898437500
1962.3726              271.7040405273437500
1962.4575              271.8569946289062500
1962.5397              272.0117492675781250
1962.6246              272.1523742675781250
1962.7096              272.2786254882812500
1962.7917              272.3681945800781250
1962.8767              272.3429870605468750
1962.9589              272.2936706542968750
1963.0438              272.2502441406250000
1963.1260              272.3383178710937500
1963.2054              272.3760681152343750
1963.2904              272.0979919433593750
1963.3726              271.7159729003906250
1963.4575              271.8148193359375000
1963.5397              272.0183105468750000
1963.6246              272.1932373046875000
1963.7096              272.3189392089843750
1963.7917              272.4105529785156250
1963.8767              272.3988037109375000
1963.9589              272.3430786132812500
1964.0437              272.2921752929687500
1964.1257              272.2528686523437500
1964.2076              272.2402648925781250
1964.2924              272.2080078125000000
1964.3743              272.2221679687500000
1964.4590              272.3148803710937500
1964.5410              272.3279418945312500
1964.6257              272.4131774902343750
1964.7103              272.4820251464843750
1964.7924              272.5354003906250000
1964.8771              272.5062255859375000
1964.9590              272.4510498046875000
1965.0438              272.4005432128906250
1965.1260              272.3613891601562500
1965.2054              272.3339538574218750
1965.2904              272.3037414550781250
1965.3726              272.2842712402343750
1965.4575              272.2937622070312500
1965.5397              272.2899780273437500
1965.6246              272.3750305175781250
1965.7096              272.4367065429687500
1965.7917              272.4507141113281250
1965.8767              272.4286193847656250
1965.9589              272.3767089843750000
1966.0438              272.3226623535156250
1966.1260              272.4702148437500000
1966.2054              272.5736999511718750
1966.2904              272.2600097656250000
1966.3726              271.6771850585937500
1966.4575              271.7446899414062500
1966.5397              272.2540893554687500
1966.6246              272.3914184570312500
1966.7096              272.4945983886718750
1966.7917              272.5275878906250000
1966.8767              272.4828491210937500
1966.9589              272.4218139648437500
1967.0438              272.3587951660156250
1967.1260              272.5274047851562500
1967.2054              272.5599060058593750
1967.2904              272.2165222167968750
1967.3726              271.7289123535156250
1967.4575              271.6723632812500000
1967.5397              272.1219177246093750
1967.6246              272.3602905273437500
1967.7096              272.4563293457031250
1967.7917              272.4906311035156250
1967.8767              272.4670104980468750
1967.9589              272.4153442382812500
1968.0437              272.3632812500000000
1968.1257              272.3189392089843750
1968.2076              272.2863769531250000
1968.2924              272.2572326660156250
1968.3743              272.2628173828125000
1968.4590              272.3280029296875000
1968.5410              272.3576660156250000
1968.6257              272.3677062988281250
1968.7103              272.4291687011718750
1968.7924              272.4459838867187500
1968.8771              272.4092102050781250
1968.9590              272.3555297851562500
1969.0438              272.3116760253906250
1969.1260              272.2709960937500000
1969.2054              272.2606506347656250
1969.2904              272.0314636230468750
1969.3726              271.8200988769531250
1969.4575              272.0609130859375000
1969.5397              272.2080688476562500
1969.6246              272.3309326171875000
1969.7096              272.3857116699218750
1969.7917              272.3638000488281250
1969.8767              272.3292846679687500
1969.9589              272.2728881835937500
1970.0438              272.2598876953125000
1970.1260              272.6396484375000000
1970.2054              272.7097778320312500
1970.2904              272.3984680175781250
1970.3726              271.7475891113281250
1970.4575              271.5443725585937500
1970.5397              271.7343750000000000
1970.6246              271.9737548828125000
1970.7096              272.1495056152343750
1970.7917              272.2996215820312500
1970.8767              272.2918701171875000
1970.9589              272.2533264160156250
1971.0438              272.2549133300781250
1971.1260              272.4853820800781250
1971.2054              272.4590148925781250
1971.2904              272.0471191406250000
1971.3726              271.5928344726562500
1971.4575              271.8041687011718750
1971.5397              272.0403747558593750
1971.6246              272.2526855468750000
1971.7096              272.4017028808593750
1971.7917              272.4125061035156250
1971.8767              272.3769226074218750
1971.9589              272.3362121582031250
1972.0437              272.2987365722656250
1972.1257              272.2792358398437500
1972.2076              272.2082214355468750
1972.2924              272.0187377929687500
1972.3743              271.6255187988281250
1972.4590              271.8722534179687500
1972.5410              272.1391601562500000
1972.6257              272.2776794433593750
1972.7103              272.3494873046875000
1972.7924              272.3962402343750000
1972.8771              272.3823242187500000
1972.9590              272.3063659667968750
1973.0438              272.2438354492187500
1973.1260              272.3065490722656250
1973.2054              272.4183349609375000
1973.2904              272.1394042968750000
1973.3726              271.7368164062500000
1973.4575              271.6465454101562500
1973.5397              271.8453674316406250
1973.6246              271.9317321777343750
1973.7096              272.0957946777343750
1973.7917              272.2222900390625000
1973.8767              272.2307434082031250
1973.9589              272.1958007812500000
1974.0438              272.1785278320312500
1974.1260              272.4013061523437500
1974.2054              272.5406799316406250
1974.2904              272.3577880859375000
1974.3726              271.8783874511718750
1974.4575              271.5288085937500000
1974.5397              271.7190856933593750
1974.6246              271.9371643066406250
1974.7096              272.1676025390625000
1974.7917              272.3225708007812500
1974.8767              272.3418273925781250
1974.9589              272.3016967773437500
1975.0438              272.2911376953125000
1975.1260              272.5430297851562500
1975.2054              272.4968872070312500
1975.2904              272.1636047363281250
1975.3726              271.6715087890625000
1975.4575              271.7755737304687500
1975.5397              272.1167602539062500
1975.6246              272.2609252929687500
1975.7096              272.3663940429687500
1975.7917              272.4021606445312500
1975.8767              272.4009399414062500
1975.9589              272.3465270996093750
1976.0437              272.2976684570312500
1976.1257              272.2799987792968750
1976.2076              272.3285827636718750
1976.2924              272.0089416503906250
1976.3743              271.6716308593750000
1976.4590              271.8695678710937500
1976.5410              272.0013732910156250
1976.6257              272.0966186523437500
1976.7103              272.2022094726562500
1976.7924              272.3095092773437500
1976.8771              272.3458557128906250
1976.9590              272.2946777343750000
1977.0438              272.2496643066406250
1977.1260              272.2099914550781250
1977.2054              272.1928710937500000
1977.2904              272.1862487792968750
1977.3726              272.1788024902343750
1977.4575              272.2258911132812500
1977.5397              272.2391967773437500
1977.6246              272.3448486328125000
1977.7096              272.4107666015625000
1977.7917              272.4438476562500000
1977.8767              272.4298706054687500
1977.9589              272.3747253417968750
1978.0438              272.3752136230468750
1978.1260              272.7554626464843750
1978.2054              272.7401733398437500
1978.2904              272.4026184082031250
1978.3726              271.7760925292968750
1978.4575              271.5261535644531250
1978.5397              271.7461853027343750
1978.6246              271.9335327148437500
1978.7096              272.1343994140625000
1978.7917              272.2866210937500000
1978.8767              272.2957153320312500
1978.9589              272.2602233886718750
1979.0438              272.2168884277343750
1979.1260              272.2646789550781250
1979.2054              272.3546447753906250
1979.2904              272.0441589355468750
1979.3726              271.5996093750000000
1979.4575              271.5246582031250000
1979.5397              271.8022766113281250
1979.6246              272.0097351074218750
1979.7096              272.1963500976562500
1979.7917              272.3059387207031250
1979.8767              272.3363647460937500
1979.9589              272.3250427246093750
1980.0437              272.2930908203125000
1980.1257              272.2714843750000000
1980.2076              272.2701110839843750
1980.2924              272.2684020996093750
1980.3743              272.2341613769531250
1980.4590              272.2402343750000000
1980.5410              272.2887878417968750
1980.6257              272.3465576171875000
1980.7103              272.3735046386718750
1980.7924              272.4202575683593750
1980.8771              272.3874206542968750
1980.9590              272.3212280273437500
1981.0438              272.2598876953125000
1981.1260              272.3160400390625000
1981.2054              272.3303222656250000
1981.2904              271.9588012695312500
1981.3726              271.6898193359375000
1981.4575              271.8161926269531250
1981.5397              271.9669799804687500
1981.6246              272.1046142578125000
1981.7096              272.1984558105468750
1981.7917              272.2485656738281250
1981.8767              272.2923583984375000
1981.9589              272.2632141113281250
1982.0438              272.2240905761718750
1982.1260              272.2861938476562500
1982.2054              272.4135742187500000
1982.2904              272.0843811035156250
1982.3726              271.5662231445312500
1982.4575              271.6453247070312500
1982.5397              271.8867492675781250
1982.6246              272.2032775878906250
1982.7096              272.3531188964843750
1982.7917              272.4531555175781250
1982.8767              272.4441833496093750
1982.9589              272.4081726074218750
1983.0438              272.3630676269531250
1983.1260              272.3234558105468750
1983.2054              272.2931823730468750
1983.2904              272.2699279785156250
1983.3726              272.2359313964843750
1983.4575              272.2579040527343750
1983.5397              272.3374328613281250
1983.6246              272.4566650390625000
1983.7096              272.5257873535156250
1983.7917              272.5788574218750000
1983.8767              272.5562133789062500
1983.9589              272.5144653320312500
1984.0437              272.4660644531250000
1984.1257              272.4325256347656250
1984.2076              272.4025878906250000
1984.2924              272.0783691406250000
1984.3743              271.6268615722656250
1984.4590              271.8158264160156250
1984.5410              272.0114440917968750
1984.6257              272.2127685546875000
1984.7103              272.3660888671875000
1984.7924              272.4394836425781250
1984.8771              272.4331970214843750
1984.9590              272.3861083984375000
1985.0438              272.3537292480468750
1985.1260              272.4981079101562500
1985.2054              272.5888671875000000
1985.2904              272.3456420898437500
1985.3726              271.7254333496093750
1985.4575              271.6269531250000000
1985.5397              271.9327087402343750
1985.6246              272.1608886718750000
1985.7096              272.2774963378906250
1985.7917              272.3728942871093750
1985.8767              272.3833312988281250
1985.9589              272.3482971191406250
1986.0438              272.3195800781250000
1986.1260              272.3953247070312500
1986.2054              272.4347534179687500
1986.2904              272.2734985351562500
1986.3726              271.7913513183593750
1986.4575              271.8134765625000000
1986.5397              272.0559997558593750
1986.6246              272.2275085449218750
1986.7096              272.3624267578125000
1986.7917              272.3965148925781250
1986.8767              272.3766479492187500
1986.9589              272.3292846679687500
1987.0438              272.2886657714843750
1987.1260              272.5441589355468750
1987.2054              272.6421813964843750
1987.2904              272.3885192871093750
1987.3726              271.7335510253906250
1987.4575              271.7379760742187500
1987.5397              271.9771728515625000
1987.6246              272.1549377441406250
1987.7096              272.3181457519531250
1987.7917              272.3831481933593750
1987.8767              272.3739929199218750
1987.9589              272.3132019042968750
1988.0437              272.2634582519531250
1988.1257              272.4810485839843750
1988.2076              272.5507812500000000
1988.2924              272.2949523925781250
1988.3743              271.8366394042968750
1988.4590              271.6056213378906250
1988.5410              271.8203125000000000
1988.6257              271.8971252441406250
1988.7103              272.0397644042968750
1988.7924              272.1389770507812500
1988.8771              272.1654052734375000
1988.9590              272.1211547851562500
1989.0438              272.0973205566406250
1989.1260              272.3833312988281250
1989.2054              272.5085144042968750
1989.2904              272.1846923828125000
1989.3726              271.5357666015625000
1989.4575              271.5774536132812500
1989.5397              271.8991699218750000
1989.6246              272.0135803222656250
1989.7096              272.1482238769531250
1989.7917              272.2245788574218750
1989.8767              272.2270202636718750
1989.9589              272.1945800781250000
1990.0438              272.1526794433593750
1990.1260              272.2699890136718750
1990.2054              272.3739318847656250
1990.2904              272.0992431640625000
1990.3726              271.5339965820312500
1990.4575              271.5653686523437500
1990.5397              271.6936035156250000
1990.6246              271.8905944824218750
1990.7096              272.1310424804687500
1990.7917              272.2376403808593750
1990.8767              272.2716979980468750
1990.9589              272.2568359375000000
1991.0438              272.2331542968750000
1991.1260              272.2513122558593750
1991.2054              272.3552551269531250
1991.2904              272.1987609863281250
1991.3726              271.8777465820312500
1991.4575              271.6519775390625000
1991.5397              271.8944396972656250
1991.6246              272.0522766113281250
1991.7096              272.2112731933593750
1991.7917              272.2859497070312500
1991.8767              272.2470397949218750
1991.9589              272.1721191406250000
1992.0437              272.1015014648437500
1992.1257              272.2149963378906250
1992.2076              272.3695373535156250
1992.2924              272.1338500976562500
1992.3743              271.6824340820312500
1992.4590              271.5563049316406250
1992.5410              271.7000427246093750
1992.6257              271.8345947265625000
1992.7103              271.9298095703125000
1992.7924              272.0732421875000000
1992.8771              272.1123352050781250
1992.9590              272.0929260253906250
1993.0438              272.1268005371093750
1993.1260              272.5549621582031250
1993.2054              272.7125244140625000
1993.2904              272.4369812011718750
1993.3726              271.9812011718750000
1993.4575              271.4289245605468750
1993.5397              271.8497619628906250
1993.6246              272.1722717285156250
1993.7096              272.3783264160156250
1993.7917              272.4773864746093750
1993.8767              272.4716491699218750
1993.9589              272.4144287109375000
1994.0438              272.3830871582031250
1994.1260              272.6073913574218750
1994.2054              272.6245727539062500
1994.2904              272.2607727050781250
1994.3726              271.7032775878906250
1994.4575              271.7559204101562500
1994.5397              272.0481872558593750
1994.6246              272.2087707519531250
1994.7096              272.3078613281250000
1994.7917              272.3893737792968750
1994.8767              272.3897705078125000
1994.9589              272.3642272949218750
1995.0438              272.3435058593750000
1995.1260              272.3916320800781250
1995.2054              272.3592529296875000
1995.2904              272.0317993164062500
1995.3726              271.6558227539062500
1995.4575              271.8200683593750000
1995.5397              272.0569152832031250
1995.6246              272.1520690917968750
1995.7096              272.2541198730468750
1995.7917              272.2968444824218750
1995.8767              272.2847595214843750
1995.9589              272.2265625000000000
1996.0437              272.1700134277343750
1996.1257              272.1557617187500000
1996.2076              272.2829589843750000
1996.2924              272.0902404785156250
1996.3743              271.6937866210937500
1996.4590              271.5673828125000000
1996.5410              271.7786865234375000
1996.6257              271.9716186523437500
1996.7103              272.0913391113281250
1996.7924              272.1434631347656250
1996.8771              272.1371154785156250
1996.9590              272.0833129882812500
1997.0438              272.0294494628906250
1997.1260              271.9847412109375000
1997.2054              271.9773864746093750
1997.2904              271.9678344726562500
1997.3726              271.9412536621093750
1997.4575              272.0118713378906250
1997.5397              272.1203918457031250
1997.6246              272.1652832031250000
1997.7096              272.1964416503906250
1997.7917              272.2207946777343750
1997.8767              272.1896057128906250
1997.9589              272.1337280273437500
1998.0438              272.0867004394531250
1998.1260              272.0514831542968750
1998.2054              272.0273742675781250
1998.2904              272.0191040039062500
1998.3726              272.0333251953125000
1998.4575              272.1334228515625000
1998.5397              272.1863403320312500
1998.6246              272.2038574218750000
1998.7096              272.1817016601562500
1998.7917              272.1682128906250000
1998.8767              272.1342773437500000
1998.9589              272.0833435058593750
1999.0438              272.0594787597656250
1999.1260              272.3479919433593750
1999.2054              272.4240722656250000
1999.2904              272.1287841796875000
1999.3726              271.6246643066406250
1999.4575              271.6480712890625000
1999.5397              271.7932739257812500
1999.6246              271.9677429199218750
1999.7096              272.0883178710937500
1999.7917              272.1876525878906250
1999.8767              272.1990661621093750
1999.9589              272.1781921386718750
2000.0437              272.1802062988281250
2000.1257              272.4414062500000000
2000.2076              272.4442138671875000
2000.2924              272.1139526367187500
2000.3743              271.6245422363281250
2000.4590              271.7174072265625000
2000.5410              272.0520629882812500
2000.6257              272.2498779296875000
2000.7103              272.3227539062500000
2000.7924              272.3676757812500000
2000.8771              272.3887023925781250
2000.9590              272.3615417480468750
