1850.0438              272.4420776367187500
1850.1260              272.8149414062500000
1850.2054              272.7742309570312500
1850.2904              272.5243530273437500
1850.3726              272.1176452636718750
1850.4575              271.5280151367187500
1850.5397              271.3107910156250000
1850.6246              271.3121643066406250
1850.7096              271.3165283203125000
1850.7917              271.3320617675781250
1850.8767              271.4149475097656250
1850.9589              271.6985168457031250
1851.0438              272.3500061035156250
1851.1260              272.7764282226562500
1851.2054              272.8152770996093750
1851.2904              272.6779174804687500
1851.3726              272.0712890625000000
1851.4575              271.5376892089843750
1851.5397              271.3210449218750000
1851.6246              271.3177795410156250
1851.7096              271.3138122558593750
1851.7917              271.3124694824218750
1851.8767              271.3427734375000000
1851.9589              271.5008544921875000
1852.0437              272.1515197753906250
1852.1257              272.3763732910156250
1852.2076              272.5408325195312500
1852.2924              272.3933715820312500
1852.3743              271.7927246093750000
1852.4590              271.3305053710937500
1852.5410              271.3176574707031250
1852.6257              271.3113403320312500
1852.7103              271.3088073730468750
1852.7924              271.3187866210937500
1852.8771              271.4053649902343750
1852.9590              271.6796875000000000
1853.0438              272.2121887207031250
1853.1260              272.7153320312500000
1853.2054              272.5251159667968750
1853.2904              272.1658325195312500
1853.3726              271.7051086425781250
1853.4575              271.3164978027343750
1853.5397              271.3176574707031250
1853.6246              271.3306579589843750
1853.7096              271.3632507324218750
1853.7917              271.3721923828125000
1853.8767              271.3980407714843750
1853.9589              271.5265502929687500
1854.0438              271.9619140625000000
1854.1260              272.2261352539062500
1854.2054              272.3527526855468750
1854.2904              272.0918579101562500
1854.3726              271.5898437500000000
1854.4575              271.3034057617187500
1854.5397              271.3004760742187500
1854.6246              271.3110046386718750
1854.7096              271.3218994140625000
1854.7917              271.3506469726562500
1854.8767              271.5125732421875000
1854.9589              272.0808410644531250
1855.0438              272.6341247558593750
1855.1260              273.0353698730468750
1855.2054              272.9937744140625000
1855.2904              272.4808959960937500
1855.3726              271.7729187011718750
1855.4575              271.3468627929687500
1855.5397              271.3067932128906250
1855.6246              271.3122863769531250
1855.7096              271.3064270019531250
1855.7917              271.3241577148437500
1855.8767              271.4623413085937500
1855.9589              271.9132995605468750
1856.0437              272.5900878906250000
1856.1257              272.9002075195312500
1856.2076              272.8059692382812500
1856.2924              272.4555053710937500
1856.3743              271.8709716796875000
1856.4590              271.4023437500000000
1856.5410              271.3040771484375000
1856.6257              271.3138122558593750
1856.7103              271.3183898925781250
1856.7924              271.3195190429687500
1856.8771              271.4680480957031250
1856.9590              271.8006286621093750
1857.0438              272.5913696289062500
1857.1260              272.9146728515625000
1857.2054              273.1500244140625000
1857.2904              272.8749084472656250
1857.3726              272.2090759277343750
1857.4575              271.6831970214843750
1857.5397              271.3517761230468750
1857.6246              271.3049926757812500
1857.7096              271.3062438964843750
1857.7917              271.3236694335937500
1857.8767              271.4862365722656250
1857.9589              271.7043457031250000
1858.0438              272.1818237304687500
1858.1260              272.5541687011718750
1858.2054              272.6028442382812500
1858.2904              272.2908020019531250
1858.3726              271.7152709960937500
1858.4575              271.3146362304687500
1858.5397              271.3070983886718750
1858.6246              271.3190307617187500
1858.7096              271.3200683593750000
1858.7917              271.3447265625000000
1858.8767              271.4623413085937500
1858.9589              271.7621154785156250
1859.0438              272.7154541015625000
1859.1260              272.8545227050781250
1859.2054              272.8918151855468750
1859.2904              272.6090087890625000
1859.3726              272.1823120117187500
1859.4575              271.6416625976562500
1859.5397              271.3146667480468750
1859.6246              271.3039245605468750
1859.7096              271.3138427734375000
1859.7917              271.3136596679687500
1859.8767              271.4450683593750000
1859.9589              271.8304138183593750
1860.0437              272.5864257812500000
1860.1257              272.9183959960937500
1860.2076              273.0161437988281250
1860.2924              272.5261840820312500
1860.3743              271.9991760253906250
1860.4590              271.5133666992187500
1860.5410              271.3132934570312500
1860.6257              271.3126831054687500
1860.7103              271.3137817382812500
1860.7924              271.3096313476562500
1860.8771              271.3876037597656250
1860.9590              271.6057739257812500
1861.0438              272.1361999511718750
1861.1260              272.6462707519531250
1861.2054              272.5387573242187500
1861.2904              272.3405761718750000
1861.3726              271.7942504882812500
1861.4575              271.3484802246093750
1861.5397              271.2994079589843750
1861.6246              271.3040161132812500
1861.7096              271.3068542480468750
1861.7917              271.3414611816406250
1861.8767              271.4138183593750000
1861.9589              271.7409057617187500
1862.0438              272.5339355468750000
1862.1260              272.9681396484375000
1862.2054              272.7970886230468750
1862.2904              272.5979003906250000
1862.3726              272.0122985839843750
1862.4575              271.5147094726562500
1862.5397              271.3165893554687500
1862.6246              271.3175659179687500
1862.7096              271.3233032226562500
1862.7917              271.3283691406250000
1862.8767              271.4146423339843750
1862.9589              271.7535400390625000
1863.0438              272.3171386718750000
1863.1260              272.9721069335937500
1863.2054              273.0028686523437500
1863.2904              272.4976501464843750
1863.3726              271.9692077636718750
1863.4575              271.4207763671875000
1863.5397              271.3168334960937500
1863.6246              271.3251342773437500
1863.7096              271.3391723632812500
1863.7917              271.3451232910156250
1863.8767              271.4344787597656250
1863.9589              271.6567687988281250
1864.0437              271.9857177734375000
1864.1257              272.5370178222656250
1864.2076              272.9121093750000000
1864.2924              272.4165344238281250
1864.3743              271.7557067871093750
1864.4590              271.3176879882812500
1864.5410              271.3060607910156250
1864.6257              271.3134765625000000
1864.7103              271.3178100585937500
1864.7924              271.3522949218750000
1864.8771              271.4320983886718750
1864.9590              271.6150512695312500
1865.0438              272.1696777343750000
1865.1260              272.6154174804687500
1865.2054              272.5148925781250000
1865.2904              272.1824645996093750
1865.3726              271.7301330566406250
1865.4575              271.3379821777343750
1865.5397              271.3136596679687500
1865.6246              271.3489685058593750
1865.7096              271.3762817382812500
1865.7917              271.3827819824218750
1865.8767              271.4193725585937500
1865.9589              271.5173645019531250
1866.0438              271.7842407226562500
1866.1260              272.0609130859375000
1866.2054              272.2518310546875000
1866.2904              271.9771423339843750
1866.3726              271.4462280273437500
1866.4575              271.3010864257812500
1866.5397              271.3082580566406250
1866.6246              271.3126220703125000
1866.7096              271.3128356933593750
1866.7917              271.3321228027343750
1866.8767              271.4645080566406250
1866.9589              271.8254394531250000
1867.0438              272.4513244628906250
1867.1260              272.8368835449218750
1867.2054              272.8632507324218750
1867.2904              272.5986328125000000
1867.3726              271.9535522460937500
1867.4575              271.3911437988281250
1867.5397              271.3070373535156250
1867.6246              271.3057250976562500
1867.7096              271.3185119628906250
1867.7917              271.3491516113281250
1867.8767              271.3973693847656250
1867.9589              271.5020751953125000
1868.0437              272.0546569824218750
1868.1257              272.6386413574218750
1868.2076              272.5849609375000000
1868.2924              272.3074340820312500
1868.3743              271.7327270507812500
1868.4590              271.3131408691406250
1868.5410              271.3100891113281250
1868.6257              271.3124694824218750
1868.7103              271.3283386230468750
1868.7924              271.3353271484375000
1868.8771              271.4399108886718750
1868.9590              271.7321166992187500
1869.0438              272.4927368164062500
1869.1260              272.7974853515625000
1869.2054              272.8133850097656250
1869.2904              272.3404235839843750
1869.3726              271.8383483886718750
1869.4575              271.3688049316406250
1869.5397              271.3154602050781250
1869.6246              271.3260498046875000
1869.7096              271.3407897949218750
1869.7917              271.3941955566406250
1869.8767              271.4578552246093750
1869.9589              271.6195373535156250
1870.0438              272.1123962402343750
1870.1260              272.5265808105468750
1870.2054              272.6893615722656250
1870.2904              272.1447143554687500
1870.3726              271.4600219726562500
1870.4575              271.3143920898437500
1870.5397              271.3237609863281250
1870.6246              271.3116149902343750
1870.7096              271.3230895996093750
1870.7917              271.3359680175781250
1870.8767              271.4055786132812500
1870.9589              271.6941223144531250
1871.0438              272.1735229492187500
1871.1260              272.6460571289062500
1871.2054              272.5961914062500000
1871.2904              272.1062927246093750
1871.3726              271.6878662109375000
1871.4575              271.3273925781250000
1871.5397              271.3057861328125000
1871.6246              271.3079833984375000
1871.7096              271.3094482421875000
1871.7917              271.3253784179687500
1871.8767              271.3745422363281250
1871.9589              271.4904174804687500
1872.0437              271.8758850097656250
1872.1257              272.1750183105468750
1872.2076              272.3471984863281250
1872.2924              272.0254821777343750
1872.3743              271.5004272460937500
1872.4590              271.2993469238281250
1872.5410              271.3053894042968750
1872.6257              271.3212280273437500
1872.7103              271.3357543945312500
1872.7924              271.3568115234375000
1872.8771              271.4648437500000000
1872.9590              271.7196350097656250
1873.0438              272.1419982910156250
1873.1260              272.7249755859375000
1873.2054              272.5903320312500000
1873.2904              272.2864990234375000
1873.3726              271.6808166503906250
1873.4575              271.3049011230468750
1873.5397              271.3027954101562500
1873.6246              271.3162536621093750
1873.7096              271.3320617675781250
1873.7917              271.4024658203125000
1873.8767              271.4463806152343750
1873.9589              271.5751647949218750
1874.0438              271.9453125000000000
1874.1260              272.2792968750000000
1874.2054              272.3950195312500000
1874.2904              272.0412902832031250
1874.3726              271.4804077148437500
1874.4575              271.3012084960937500
1874.5397              271.3026733398437500
1874.6246              271.3235168457031250
1874.7096              271.3242492675781250
1874.7917              271.3423767089843750
1874.8767              271.4262084960937500
1874.9589              271.7061767578125000
1875.0438              272.1023254394531250
1875.1260              272.4406127929687500
1875.2054              272.4675903320312500
1875.2904              272.1475830078125000
1875.3726              271.6881713867187500
1875.4575              271.3511962890625000
1875.5397              271.3124389648437500
1875.6246              271.3337707519531250
1875.7096              271.3461303710937500
1875.7917              271.3853454589843750
1875.8767              271.4535217285156250
1875.9589              271.7569580078125000
1876.0437              272.3919677734375000
1876.1257              272.8223876953125000
1876.2076              272.7781982421875000
1876.2924              272.2776794433593750
1876.3743              271.7277526855468750
1876.4590              271.3325805664062500
1876.5410              271.3062133789062500
1876.6257              271.3177490234375000
1876.7103              271.3274536132812500
1876.7924              271.3493347167968750
1876.8771              271.4728393554687500
1876.9590              271.7365722656250000
1877.0438              272.3815002441406250
1877.1260              273.1245727539062500
1877.2054              273.0234985351562500
1877.2904              272.7110290527343750
1877.3726              272.0502929687500000
1877.4575              271.4615783691406250
1877.5397              271.3013610839843750
1877.6246              271.3068237304687500
1877.7096              271.3164672851562500
1877.7917              271.3241577148437500
1877.8767              271.4334106445312500
1877.9589              271.9151000976562500
1878.0438              272.6001586914062500
1878.1260              272.9081420898437500
1878.2054              272.8480834960937500
1878.2904              272.4049072265625000
1878.3726              271.8958435058593750
1878.4575              271.4426879882812500
1878.5397              271.3034362792968750
1878.6246              271.3211364746093750
1878.7096              271.3353881835937500
1878.7917              271.3937988281250000
1878.8767              271.5239257812500000
1878.9589              271.7530212402343750
1879.0438              272.4385375976562500
1879.1260              272.8283996582031250
1879.2054              272.8341979980468750
1879.2904              272.6130371093750000
1879.3726              271.9234619140625000
1879.4575              271.3982849121093750
1879.5397              271.3092956542968750
1879.6246              271.3191528320312500
1879.7096              271.3377075195312500
1879.7917              271.3925170898437500
1879.8767              271.6038513183593750
1879.9589              271.9844970703125000
1880.0437              272.5360107421875000
1880.1257              273.0103454589843750
1880.2076              273.1411743164062500
1880.2924              272.6175842285156250
1880.3743              271.9562377929687500
1880.4590              271.3912353515625000
1880.5410              271.3090209960937500
1880.6257              271.3226623535156250
1880.7103              271.3255615234375000
1880.7924              271.3312988281250000
1880.8771              271.4712524414062500
1880.9590              271.8541259765625000
1881.0438              272.3512573242187500
1881.1260              272.7614746093750000
1881.2054              273.0554504394531250
1881.2904              272.6257629394531250
1881.3726              271.9174194335937500
1881.4575              271.4071960449218750
1881.5397              271.3058166503906250
1881.6246              271.3074951171875000
1881.7096              271.3151245117187500
1881.7917              271.3318481445312500
1881.8767              271.4063415527343750
1881.9589              271.7008056640625000
1882.0438              272.2040100097656250
1882.1260              272.7251586914062500
1882.2054              272.7467041015625000
1882.2904              272.4041748046875000
1882.3726              271.7396545410156250
1882.4575              271.3440551757812500
1882.5397              271.3207092285156250
1882.6246              271.3140258789062500
1882.7096              271.3457336425781250
1882.7917              271.3549499511718750
1882.8767              271.4304199218750000
1882.9589              271.6002807617187500
1883.0438              272.1386108398437500
1883.1260              272.6133728027343750
1883.2054              272.6436157226562500
1883.2904              272.3422546386718750
1883.3726              271.7864379882812500
1883.4575              271.3312072753906250
1883.5397              271.3208312988281250
1883.6246              271.3167114257812500
1883.7096              271.3328552246093750
1883.7917              271.3776245117187500
1883.8767              271.4593811035156250
1883.9589              271.7195739746093750
1884.0437              272.2521057128906250
1884.1257              272.8403015136718750
1884.2076              272.7388000488281250
1884.2924              272.4564208984375000
1884.3743              271.9976196289062500
1884.4590              271.4835510253906250
1884.5410              271.3115234375000000
1884.6257              271.3133850097656250
1884.7103              271.3170776367187500
1884.7924              271.3700866699218750
1884.8771              271.5334777832031250
1884.9590              272.0738525390625000
1885.0438              272.5962219238281250
1885.1260              272.9726257324218750
1885.2054              272.8002319335937500
1885.2904              272.4770202636718750
1885.3726              271.9059448242187500
1885.4575              271.3749084472656250
1885.5397              271.3058776855468750
1885.6246              271.3066101074218750
1885.7096              271.3117675781250000
1885.7917              271.3368835449218750
1885.8767              271.5065002441406250
1885.9589              271.8502502441406250
1886.0438              272.6225280761718750
1886.1260              273.0600280761718750
1886.2054              272.8686523437500000
1886.2904              272.5686035156250000
1886.3726              272.0213317871093750
1886.4575              271.5768127441406250
1886.5397              271.3180236816406250
1886.6246              271.3125305175781250
1886.7096              271.3062438964843750
1886.7917              271.3177795410156250
1886.8767              271.3877563476562500
1886.9589              271.6903381347656250
1887.0438              272.3083190917968750
1887.1260              272.7737121582031250
1887.2054              272.9652404785156250
1887.2904              272.6227416992187500
1887.3726              272.0186157226562500
1887.4575              271.5037536621093750
1887.5397              271.3092651367187500
1887.6246              271.3181457519531250
1887.7096              271.3131103515625000
1887.7917              271.3388977050781250
1887.8767              271.6361083984375000
1887.9589              272.2730102539062500
1888.0437              273.1436462402343750
1888.1257              273.8695373535156250
1888.2076              273.4364318847656250
1888.2924              272.8887634277343750
1888.3743              272.1778564453125000
1888.4590              271.4786987304687500
1888.5410              271.3116760253906250
1888.6257              271.3338317871093750
1888.7103              271.3191833496093750
1888.7924              271.3397216796875000
1888.8771              271.3984680175781250
1888.9590              271.5200195312500000
1889.0438              271.8455810546875000
1889.1260              272.1822509765625000
1889.2054              272.2272033691406250
1889.2904              271.9802551269531250
1889.3726              271.5572509765625000
1889.4575              271.3066101074218750
1889.5397              271.3045959472656250
1889.6246              271.3203735351562500
1889.7096              271.3169250488281250
1889.7917              271.3381652832031250
1889.8767              271.4212341308593750
1889.9589              271.7807006835937500
1890.0438              272.7364807128906250
1890.1260              273.0780334472656250
1890.2054              273.1538085937500000
1890.2904              272.6880187988281250
1890.3726              271.9704895019531250
1890.4575              271.3489074707031250
1890.5397              271.3106689453125000
1890.6246              271.3104858398437500
1890.7096              271.3137207031250000
1890.7917              271.4125061035156250
1890.8767              271.6144409179687500
1890.9589              272.1445922851562500
1891.0438              272.7998657226562500
1891.1260              273.0486145019531250
1891.2054              272.9791564941406250
1891.2904              272.6654052734375000
1891.3726              271.9852600097656250
1891.4575              271.4966735839843750
1891.5397              271.3204956054687500
1891.6246              271.3075561523437500
1891.7096              271.3181152343750000
1891.7917              271.3810119628906250
1891.8767              271.6411132812500000
1891.9589              272.2609558105468750
1892.0437              272.7938232421875000
1892.1257              273.2892761230468750
1892.2076              273.1405334472656250
1892.2924              272.7710876464843750
1892.3743              272.0675964355468750
1892.4590              271.5598754882812500
1892.5410              271.3454895019531250
1892.6257              271.3192749023437500
1892.7103              271.3201904296875000
1892.7924              271.3609619140625000
1892.8771              271.4938659667968750
1892.9590              271.8239135742187500
1893.0438              272.5328674316406250
1893.1260              272.8703308105468750
1893.2054              272.9487609863281250
1893.2904              272.4043884277343750
1893.3726              271.7679443359375000
1893.4575              271.3879699707031250
1893.5397              271.3105163574218750
1893.6246              271.3390808105468750
1893.7096              271.3526306152343750
1893.7917              271.3721923828125000
1893.8767              271.4442443847656250
1893.9589              271.6659240722656250
1894.0438              272.0184936523437500
1894.1260              272.4043273925781250
1894.2054              272.5369567871093750
1894.2904              272.2412109375000000
1894.3726              271.7556457519531250
1894.4575              271.3788146972656250
1894.5397              271.3096923828125000
1894.6246              271.3147888183593750
1894.7096              271.3137512207031250
1894.7917              271.3210144042968750
1894.8767              271.3791503906250000
1894.9589              271.4945678710937500
1895.0438              271.9803466796875000
1895.1260              272.4114685058593750
1895.2054              272.4331665039062500
1895.2904              272.1333923339843750
1895.3726              271.6639709472656250
1895.4575              271.3241882324218750
1895.5397              271.3131713867187500
1895.6246              271.3128662109375000
1895.7096              271.3213195800781250
1895.7917              271.3693542480468750
1895.8767              271.4578247070312500
1895.9589              271.6625671386718750
1896.0437              272.4429016113281250
1896.1257              272.7095031738281250
1896.2076              272.8134155273437500
1896.2924              272.4919738769531250
1896.3743              271.9635314941406250
1896.4590              271.3436889648437500
1896.5410              271.3093566894531250
1896.6257              271.3115844726562500
1896.7103              271.3077697753906250
1896.7924              271.3222656250000000
1896.8771              271.4407348632812500
1896.9590              271.9025878906250000
1897.0438              272.6023254394531250
1897.1260              273.2039794921875000
1897.2054              273.0720214843750000
1897.2904              272.6696777343750000
1897.3726              272.0212402343750000
1897.4575              271.5514526367187500
1897.5397              271.3122558593750000
1897.6246              271.3081054687500000
1897.7096              271.3096313476562500
1897.7917              271.4102172851562500
1897.8767              271.6296386718750000
1897.9589              272.2557678222656250
1898.0438              272.7829589843750000
1898.1260              273.2516174316406250
1898.2054              272.9386596679687500
1898.2904              272.5628356933593750
1898.3726              272.0243225097656250
1898.4575              271.5305175781250000
1898.5397              271.3153381347656250
1898.6246              271.3180847167968750
1898.7096              271.3251342773437500
1898.7917              271.3468933105468750
1898.8767              271.4162902832031250
1898.9589              271.6578369140625000
1899.0438              272.0936584472656250
1899.1260              272.4149475097656250
1899.2054              272.5491027832031250
1899.2904              272.3884887695312500
1899.3726              271.8568115234375000
1899.4575              271.4071960449218750
1899.5397              271.3175964355468750
1899.6246              271.3129272460937500
1899.7096              271.3155822753906250
1899.7917              271.3276367187500000
1899.8767              271.4291992187500000
1899.9589              271.9586791992187500
1900.0438              272.7242431640625000
1900.1260              273.3897705078125000
1900.2054              273.3206481933593750
1900.2904              272.7968139648437500
1900.3726              272.1138610839843750
1900.4575              271.4682312011718750
1900.5397              271.3015136718750000
1900.6246              271.3073120117187500
1900.7096              271.3105468750000000
1900.7917              271.3284912109375000
1900.8767              271.4840698242187500
1900.9589              271.8951110839843750
1901.0438              272.4497680664062500
1901.1260              272.9939575195312500
1901.2054              273.0638122558593750
1901.2904              272.4789428710937500
1901.3726              271.9705200195312500
1901.4575              271.4170227050781250
1901.5397              271.3029174804687500
1901.6246              271.3035888671875000
1901.7096              271.3028869628906250
1901.7917              271.3392028808593750
1901.8767              271.5114440917968750
1901.9589              271.9261779785156250
1902.0438              272.7172241210937500
1902.1260              273.2485046386718750
1902.2054              273.3903808593750000
1902.2904              272.6210327148437500
1902.3726              271.9189147949218750
1902.4575              271.5693359375000000
1902.5397              271.3165283203125000
1902.6246              271.3103637695312500
1902.7096              271.3139038085937500
1902.7917              271.3121643066406250
1902.8767              271.4555053710937500
1902.9589              271.9278869628906250
1903.0438              272.6752014160156250
1903.1260              273.1401672363281250
1903.2054              273.1574401855468750
1903.2904              272.8052062988281250
1903.3726              272.1785278320312500
1903.4575              271.6183166503906250
1903.5397              271.3208618164062500
1903.6246              271.3062133789062500
1903.7096              271.3068237304687500
1903.7917              271.3180541992187500
1903.8767              271.4102783203125000
1903.9589              271.7419433593750000
1904.0437              272.5634155273437500
1904.1257              273.0165100097656250
1904.2076              272.9480590820312500
1904.2924              272.4620666503906250
1904.3743              271.7947082519531250
1904.4590              271.3624877929687500
1904.5410              271.3058776855468750
1904.6257              271.3220825195312500
1904.7103              271.3166809082031250
1904.7924              271.3612670898437500
1904.8771              271.5271606445312500
1904.9590              271.8371887207031250
1905.0438              272.0897827148437500
1905.1260              272.4672546386718750
1905.2054              272.6217956542968750
1905.2904              272.3009033203125000
1905.3726              271.8290405273437500
1905.4575              271.3497009277343750
1905.5397              271.3096008300781250
1905.6246              271.3164367675781250
1905.7096              271.3627319335937500
1905.7917              271.3883361816406250
1905.8767              271.5222778320312500
1905.9589              271.7984008789062500
1906.0438              272.4981689453125000
1906.1260              272.9974670410156250
1906.2054              272.9927978515625000
1906.2904              272.7899475097656250
1906.3726              272.2172546386718750
1906.4575              271.5898132324218750
1906.5397              271.3086547851562500
1906.6246              271.3081054687500000
1906.7096              271.3161315917968750
1906.7917              271.3600769042968750
1906.8767              271.4767761230468750
1906.9589              271.7121582031250000
1907.0438              272.1265258789062500
1907.1260              272.6311035156250000
1907.2054              272.5249938964843750
1907.2904              272.2511291503906250
1907.3726              271.6756286621093750
1907.4575              271.3122558593750000
1907.5397              271.3136901855468750
1907.6246              271.3343200683593750
1907.7096              271.3873901367187500
1907.7917              271.4394226074218750
1907.8767              271.5112304687500000
1907.9589              271.6766052246093750
1908.0437              271.9638061523437500
1908.1257              272.3869018554687500
1908.2076              272.6157836914062500
1908.2924              272.3472290039062500
1908.3743              271.6930847167968750
1908.4590              271.3081359863281250
1908.5410              271.3192749023437500
1908.6257              271.3338317871093750
1908.7103              271.3456115722656250
1908.7924              271.3911743164062500
1908.8771              271.4342651367187500
1908.9590              271.5261840820312500
1909.0438              271.9464111328125000
1909.1260              272.1923217773437500
1909.2054              272.2926635742187500
1909.2904              272.0401000976562500
1909.3726              271.5495300292968750
1909.4575              271.3165588378906250
1909.5397              271.3158569335937500
1909.6246              271.3178710937500000
1909.7096              271.3175964355468750
1909.7917              271.3732910156250000
1909.8767              271.4314575195312500
1909.9589              271.5898437500000000
1910.0438              272.1870727539062500
1910.1260              272.8528747558593750
1910.2054              272.9101867675781250
1910.2904              272.3753662109375000
1910.3726              272.0869445800781250
1910.4575              271.5561828613281250
1910.5397              271.3046875000000000
1910.6246              271.3166809082031250
1910.7096              271.3148498535156250
1910.7917              271.3385925292968750
1910.8767              271.4254150390625000
1910.9589              271.7204895019531250
1911.0438              272.5314941406250000
1911.1260              273.0238037109375000
1911.2054              272.9193420410156250
1911.2904              272.5889892578125000
1911.3726              272.0113220214843750
1911.4575              271.5181274414062500
1911.5397              271.3177185058593750
1911.6246              271.3129882812500000
1911.7096              271.3090515136718750
1911.7917              271.3522949218750000
1911.8767              271.4262695312500000
1911.9589              271.5709228515625000
1912.0437              272.0007934570312500
1912.1257              272.6356506347656250
1912.2076              272.6770324707031250
1912.2924              272.4206237792968750
1912.3743              271.8255920410156250
1912.4590              271.3648681640625000
1912.5410              271.3061218261718750
1912.6257              271.3252868652343750
1912.7103              271.3377075195312500
1912.7924              271.3664855957031250
1912.8771              271.4169311523437500
1912.9590              271.5744323730468750
1913.0438              272.0369262695312500
1913.1260              272.7456970214843750
1913.2054              272.7248840332031250
1913.2904              272.3542480468750000
1913.3726              271.8198852539062500
1913.4575              271.3159179687500000
1913.5397              271.3149414062500000
1913.6246              271.3168029785156250
1913.7096              271.3186035156250000
1913.7917              271.3280029296875000
1913.8767              271.3809204101562500
1913.9589              271.5469970703125000
1914.0438              271.9811706542968750
1914.1260              272.3473205566406250
1914.2054              272.4764709472656250
1914.2904              272.1272888183593750
1914.3726              271.5549011230468750
1914.4575              271.3070983886718750
1914.5397              271.3160095214843750
1914.6246              271.3159179687500000
1914.7096              271.3316345214843750
1914.7917              271.3451843261718750
1914.8767              271.4136657714843750
1914.9589              271.6652526855468750
1915.0438              272.0593261718750000
1915.1260              272.4861145019531250
1915.2054              272.5447387695312500
1915.2904              272.0507812500000000
1915.3726              271.5102233886718750
1915.4575              271.3096008300781250
1915.5397              271.3405761718750000
1915.6246              271.3376770019531250
1915.7096              271.3326110839843750
1915.7917              271.4078979492187500
1915.8767              271.6362609863281250
1915.9589              272.1041564941406250
1916.0437              272.6327209472656250
1916.1257              273.0140686035156250
1916.2076              273.0945739746093750
1916.2924              272.6009826660156250
1916.3743              272.0174255371093750
1916.4590              271.4750366210937500
1916.5410              271.3106689453125000
1916.6257              271.3260803222656250
1916.7103              271.3467407226562500
1916.7924              271.3423767089843750
1916.8771              271.4504394531250000
1916.9590              271.7229003906250000
1917.0438              272.2117309570312500
1917.1260              272.6108093261718750
1917.2054              272.8096008300781250
1917.2904              272.5191040039062500
1917.3726              271.9121093750000000
1917.4575              271.4147033691406250
1917.5397              271.3134460449218750
1917.6246              271.3124084472656250
1917.7096              271.3269042968750000
1917.7917              271.3328857421875000
1917.8767              271.4870910644531250
1917.9589              271.8415527343750000
1918.0438              272.3760070800781250
1918.1260              272.9826965332031250
1918.2054              272.9743347167968750
1918.2904              272.6418457031250000
1918.3726              272.0624084472656250
1918.4575              271.5110778808593750
1918.5397              271.3096618652343750
1918.6246              271.3217163085937500
1918.7096              271.3210144042968750
1918.7917              271.3603210449218750
1918.8767              271.4604187011718750
1918.9589              271.8083801269531250
1919.0438              272.4170837402343750
1919.1260              272.5330200195312500
1919.2054              272.4303283691406250
1919.2904              272.2318115234375000
1919.3726              271.7345275878906250
1919.4575              271.4030151367187500
1919.5397              271.3105468750000000
1919.6246              271.3115844726562500
1919.7096              271.3215332031250000
1919.7917              271.3286132812500000
1919.8767              271.4865722656250000
1919.9589              271.8513793945312500
1920.0437              272.5880432128906250
1920.1257              273.1309814453125000
1920.2076              273.1145629882812500
1920.2924              272.5486450195312500
1920.3743              271.9118652343750000
1920.4590              271.5281982421875000
1920.5410              271.3220214843750000
1920.6257              271.3064880371093750
1920.7103              271.3063964843750000
1920.7924              271.3249816894531250
1920.8771              271.5684204101562500
1920.9590              272.3810424804687500
1921.0438              273.0689392089843750
1921.1260              273.1624755859375000
1921.2054              273.1708984375000000
1921.2904              272.8051452636718750
1921.3726              272.1955261230468750
1921.4575              271.6344299316406250
1921.5397              271.3530273437500000
1921.6246              271.3077392578125000
1921.7096              271.3086853027343750
1921.7917              271.3559265136718750
1921.8767              271.5437316894531250
1921.9589              271.9998474121093750
1922.0438              272.5944519042968750
1922.1260              272.9495849609375000
1922.2054              272.9691467285156250
1922.2904              272.5888366699218750
1922.3726              271.9643249511718750
1922.4575              271.5352478027343750
1922.5397              271.3021545410156250
1922.6246              271.3021850585937500
1922.7096              271.3241577148437500
1922.7917              271.3677673339843750
1922.8767              271.5171508789062500
1922.9589              271.8935852050781250
1923.0438              272.5315246582031250
1923.1260              272.9223937988281250
1923.2054              273.0911865234375000
1923.2904              272.6572265625000000
1923.3726              271.9731140136718750
1923.4575              271.4814453125000000
1923.5397              271.3114013671875000
1923.6246              271.3156738281250000
1923.7096              271.3240661621093750
1923.7917              271.3523254394531250
1923.8767              271.4626159667968750
1923.9589              271.8071594238281250
1924.0437              272.4103088378906250
1924.1257              272.8727416992187500
1924.2076              272.8973999023437500
1924.2924              272.6440124511718750
1924.3743              272.0349426269531250
1924.4590              271.4066467285156250
1924.5410              271.3189697265625000
1924.6257              271.3183593750000000
1924.7103              271.3508605957031250
1924.7924              271.4152526855468750
1924.8771              271.5461120605468750
1924.9590              271.9056701660156250
1925.0438              272.4040222167968750
1925.1260              272.8702392578125000
1925.2054              272.8495178222656250
1925.2904              272.5787048339843750
1925.3726              272.1298828125000000
1925.4575              271.6024780273437500
1925.5397              271.3368225097656250
1925.6246              271.3087768554687500
1925.7096              271.3107604980468750
1925.7917              271.3569335937500000
1925.8767              271.5967407226562500
1925.9589              272.1895141601562500
1926.0438              272.8395385742187500
1926.1260              273.4308471679687500
1926.2054              273.1702880859375000
1926.2904              272.6281433105468750
1926.3726              271.9061279296875000
1926.4575              271.4724426269531250
1926.5397              271.3138122558593750
1926.6246              271.3201293945312500
1926.7096              271.3148803710937500
1926.7917              271.3349304199218750
1926.8767              271.4358215332031250
1926.9589              271.7108764648437500
1927.0438              272.3469543457031250
1927.1260              272.8389587402343750
1927.2054              272.8376159667968750
1927.2904              272.3479003906250000
1927.3726              271.8181762695312500
1927.4575              271.4049682617187500
1927.5397              271.3059082031250000
1927.6246              271.3142089843750000
1927.7096              271.3119506835937500
1927.7917              271.3226318359375000
1927.8767              271.4883422851562500
1927.9589              271.9604492187500000
1928.0437              272.7366638183593750
1928.1257              273.1617431640625000
1928.2076              272.9264526367187500
1928.2924              272.7770385742187500
1928.3743              272.1093750000000000
1928.4590              271.4731750488281250
1928.5410              271.3053894042968750
1928.6257              271.3101501464843750
1928.7103              271.3238525390625000
1928.7924              271.3384399414062500
1928.8771              271.4471740722656250
1928.9590              271.8630371093750000
1929.0438              272.5093383789062500
1929.1260              272.9124755859375000
1929.2054              272.8173828125000000
1929.2904              272.4494934082031250
1929.3726              271.9463500976562500
1929.4575              271.4229125976562500
1929.5397              271.3052978515625000
1929.6246              271.3207397460937500
1929.7096              271.3294982910156250
1929.7917              271.3436279296875000
1929.8767              271.4326782226562500
1929.9589              271.6605224609375000
1930.0438              272.2684936523437500
1930.1260              272.5529479980468750
1930.2054              272.5793457031250000
1930.2904              272.2438354492187500
1930.3726              271.6911926269531250
1930.4575              271.3363342285156250
1930.5397              271.3103027343750000
1930.6246              271.3058471679687500
1930.7096              271.3088073730468750
1930.7917              271.3231811523437500
1930.8767              271.3551330566406250
1930.9589              271.6394348144531250
1931.0438              272.3159484863281250
1931.1260              272.9912109375000000
1931.2054              272.9812622070312500
1931.2904              272.6407775878906250
1931.3726              272.0114135742187500
1931.4575              271.4287719726562500
1931.5397              271.3121948242187500
1931.6246              271.3074340820312500
1931.7096              271.3057250976562500
1931.7917              271.3358154296875000
1931.8767              271.4272460937500000
1931.9589              271.6618041992187500
1932.0437              272.1654052734375000
1932.1257              272.6826477050781250
1932.2076              272.9416809082031250
1932.2924              272.3403320312500000
1932.3743              271.7670288085937500
1932.4590              271.3443298339843750
1932.5410              271.3118591308593750
1932.6257              271.3235168457031250
1932.7103              271.3243408203125000
1932.7924              271.3275146484375000
1932.8771              271.4880676269531250
1932.9590              271.7338562011718750
1933.0438              272.3131713867187500
1933.1260              272.8656616210937500
1933.2054              272.8325805664062500
1933.2904              272.4859008789062500
1933.3726              271.8275451660156250
1933.4575              271.3438415527343750
1933.5397              271.3102722167968750
1933.6246              271.3103332519531250
1933.7096              271.3166809082031250
1933.7917              271.3418884277343750
1933.8767              271.4377746582031250
1933.9589              271.7123107910156250
1934.0438              272.3333435058593750
1934.1260              272.9631958007812500
1934.2054              272.9038696289062500
1934.2904              272.2615051269531250
1934.3726              271.7323303222656250
1934.4575              271.3546752929687500
1934.5397              271.3106384277343750
1934.6246              271.3171997070312500
1934.7096              271.3173522949218750
1934.7917              271.3287048339843750
1934.8767              271.4099731445312500
1934.9589              271.6326293945312500
1935.0438              272.1700134277343750
1935.1260              272.5807800292968750
1935.2054              272.5041503906250000
1935.2904              272.2070007324218750
1935.3726              271.7387695312500000
1935.4575              271.3707275390625000
1935.5397              271.3143005371093750
1935.6246              271.3110961914062500
1935.7096              271.3136596679687500
1935.7917              271.3190612792968750
1935.8767              271.3772888183593750
1935.9589              271.5317077636718750
1936.0437              272.1915283203125000
1936.1257              272.5915832519531250
1936.2076              272.6471557617187500
1936.2924              272.1690368652343750
1936.3743              271.6575622558593750
1936.4590              271.3121948242187500
1936.5410              271.3115844726562500
1936.6257              271.3118591308593750
1936.7103              271.3172912597656250
1936.7924              271.3208007812500000
1936.8771              271.3629150390625000
1936.9590              271.5438537597656250
1937.0438              272.0869140625000000
1937.1260              272.5320129394531250
1937.2054              272.8134155273437500
1937.2904              272.4169006347656250
1937.3726              271.7653198242187500
1937.4575              271.3348083496093750
1937.5397              271.3038330078125000
1937.6246              271.3081359863281250
1937.7096              271.3110046386718750
1937.7917              271.3197937011718750
1937.8767              271.3781433105468750
1937.9589              271.7845458984375000
1938.0438              272.2532043457031250
1938.1260              272.7911682128906250
1938.2054              272.8748168945312500
1938.2904              272.3198852539062500
1938.3726              271.7409973144531250
1938.4575              271.3227233886718750
1938.5397              271.3104858398437500
1938.6246              271.3090820312500000
1938.7096              271.3197021484375000
1938.7917              271.3526611328125000
1938.8767              271.4581909179687500
1938.9589              271.7458190917968750
1939.0438              272.4935302734375000
1939.1260              272.7411499023437500
1939.2054              272.7127990722656250
1939.2904              272.3721008300781250
1939.3726              271.9107971191406250
1939.4575              271.3767700195312500
1939.5397              271.3061523437500000
1939.6246              271.3160095214843750
1939.7096              271.3252563476562500
1939.7917              271.3556518554687500
1939.8767              271.4161071777343750
1939.9589              271.6739501953125000
1940.0437              272.2605590820312500
1940.1257              272.8157348632812500
1940.2076              272.7518005371093750
1940.2924              272.5852355957031250
1940.3743              272.0599365234375000
1940.4590              271.4687500000000000
1940.5410              271.3131713867187500
1940.6257              271.3104858398437500
1940.7103              271.3279418945312500
1940.7924              271.3610839843750000
1940.8771              271.4382934570312500
1940.9590              271.6018676757812500
1941.0438              272.1294250488281250
1941.1260              272.8584594726562500
1941.2054              272.8310852050781250
1941.2904              272.3313293457031250
1941.3726              271.8018493652343750
1941.4575              271.3618774414062500
1941.5397              271.3137817382812500
1941.6246              271.3291625976562500
1941.7096              271.3657531738281250
1941.7917              271.3952026367187500
1941.8767              271.5204467773437500
1941.9589              271.7619628906250000
1942.0438              272.3080444335937500
1942.1260              272.6055297851562500
1942.2054              272.8653259277343750
1942.2904              272.4341430664062500
1942.3726              271.8779296875000000
1942.4575              271.3762512207031250
1942.5397              271.3177795410156250
1942.6246              271.3199768066406250
1942.7096              271.3354187011718750
1942.7917              271.3799133300781250
1942.8767              271.4593200683593750
1942.9589              271.6927795410156250
1943.0438              272.3442077636718750
1943.1260              272.7441406250000000
1943.2054              273.0625305175781250
1943.2904              272.6958007812500000
1943.3726              271.9441223144531250
1943.4575              271.3840942382812500
1943.5397              271.3104248046875000
1943.6246              271.3199157714843750
1943.7096              271.3247985839843750
1943.7917              271.3496093750000000
1943.8767              271.5675048828125000
1943.9589              272.0930175781250000
1944.0437              272.7791137695312500
1944.1257              273.0209045410156250
1944.2076              273.0056457519531250
1944.2924              272.5355224609375000
1944.3743              271.8453369140625000
1944.4590              271.3416137695312500
1944.5410              271.3086853027343750
1944.6257              271.3102722167968750
1944.7103              271.3049316406250000
1944.7924              271.3346862792968750
1944.8771              271.5785217285156250
1944.9590              272.1421508789062500
1945.0438              272.6708679199218750
1945.1260              272.9684753417968750
1945.2054              273.2844238281250000
1945.2904              272.8692321777343750
1945.3726              272.1729736328125000
1945.4575              271.5845031738281250
1945.5397              271.3077697753906250
1945.6246              271.3085937500000000
1945.7096              271.3106689453125000
1945.7917              271.3362731933593750
1945.8767              271.5651855468750000
1945.9589              271.9441223144531250
1946.0438              272.4922790527343750
1946.1260              273.0605468750000000
1946.2054              272.9694824218750000
1946.2904              272.6419982910156250
1946.3726              272.0034179687500000
1946.4575              271.5281372070312500
1946.5397              271.3132019042968750
1946.6246              271.3099975585937500
1946.7096              271.3077392578125000
1946.7917              271.3248901367187500
1946.8767              271.4377746582031250
1946.9589              271.6254882812500000
1947.0438              272.0082092285156250
1947.1260              272.5883178710937500
1947.2054              272.6962890625000000
1947.2904              272.5148925781250000
1947.3726              271.8977661132812500
1947.4575              271.4523315429687500
1947.5397              271.3073425292968750
1947.6246              271.3122558593750000
1947.7096              271.3052368164062500
1947.7917              271.3209533691406250
1947.8767              271.3861083984375000
1947.9589              271.7327575683593750
1948.0437              272.5161437988281250
1948.1257              272.8544311523437500
1948.2076              272.7752075195312500
1948.2924              272.4020080566406250
1948.3743              271.9174499511718750
1948.4590              271.4084167480468750
1948.5410              271.3115234375000000
1948.6257              271.3105773925781250
1948.7103              271.3264160156250000
1948.7924              271.3519897460937500
1948.8771              271.3958435058593750
1948.9590              271.6502990722656250
1949.0438              272.2711181640625000
1949.1260              272.5430297851562500
1949.2054              272.8188781738281250
1949.2904              272.4833984375000000
1949.3726              271.9438171386718750
1949.4575              271.5361938476562500
1949.5397              271.3254089355468750
1949.6246              271.3139953613281250
1949.7096              271.3145141601562500
1949.7917              271.3411254882812500
1949.8767              271.4184265136718750
1949.9589              271.6225891113281250
1950.0438              272.1330871582031250
1950.1260              272.4638671875000000
1950.2054              272.5896301269531250
1950.2904              272.2148132324218750
1950.3726              271.6841125488281250
1950.4575              271.3441467285156250
1950.5397              271.3217773437500000
1950.6246              271.3166809082031250
1950.7096              271.3248596191406250
1950.7917              271.3363952636718750
1950.8767              271.4288330078125000
1950.9589              271.7007446289062500
1951.0438              272.4504089355468750
1951.1260              273.1973876953125000
1951.2054              272.8467712402343750
1951.2904              272.5017089843750000
1951.3726              271.8459167480468750
1951.4575              271.4308166503906250
1951.5397              271.3118286132812500
1951.6246              271.3115234375000000
1951.7096              271.3204956054687500
1951.7917              271.3320617675781250
1951.8767              271.4573364257812500
1951.9589              271.8204040527343750
1952.0437              272.5090332031250000
1952.1257              272.7692871093750000
1952.2076              272.8849182128906250
1952.2924              272.5300903320312500
1952.3743              271.9440612792968750
1952.4590              271.3768615722656250
1952.5410              271.3140258789062500
1952.6257              271.3143310546875000
1952.7103              271.3276977539062500
1952.7924              271.3252563476562500
1952.8771              271.4451904296875000
1952.9590              271.8497009277343750
1953.0438              272.3825073242187500
1953.1260              272.8756408691406250
1953.2054              272.8344726562500000
1953.2904              272.5057067871093750
1953.3726              271.9086608886718750
1953.4575              271.4257812500000000
1953.5397              271.3116455078125000
1953.6246              271.3137817382812500
1953.7096              271.3170471191406250
1953.7917              271.3489990234375000
1953.8767              271.4359436035156250
1953.9589              271.6895751953125000
1954.0438              272.3497314453125000
1954.1260              272.6681823730468750
1954.2054              272.9439086914062500
1954.2904              272.4676208496093750
1954.3726              271.9422607421875000
1954.4575              271.4741516113281250
1954.5397              271.3096618652343750
1954.6246              271.3058166503906250
1954.7096              271.3096618652343750
1954.7917              271.3285217285156250
1954.8767              271.4710998535156250
1954.9589              271.7425231933593750
1955.0438              272.1382446289062500
1955.1260              272.6119384765625000
1955.2054              272.7098999023437500
1955.2904              272.4956054687500000
1955.3726              271.7897338867187500
1955.4575              271.4199218750000000
1955.5397              271.3171081542968750
1955.6246              271.3188171386718750
1955.7096              271.3404846191406250
1955.7917              271.3810424804687500
1955.8767              271.6318359375000000
1955.9589              272.2763061523437500
1956.0437              272.8905029296875000
1956.1257              273.0474853515625000
1956.2076              273.2473449707031250
1956.2924              272.6962585449218750
1956.3743              271.9811401367187500
1956.4590              271.4359130859375000
1956.5410              271.3124084472656250
1956.6257              271.3218994140625000
1956.7103              271.3513488769531250
1956.7924              271.4078979492187500
1956.8771              271.6126403808593750
1956.9590              272.1276855468750000
1957.0438              272.9497985839843750
1957.1260              273.4158630371093750
1957.2054              273.3719177246093750
1957.2904              272.8014526367187500
1957.3726              272.1366577148437500
1957.4575              271.5826721191406250
1957.5397              271.3101806640625000
1957.6246              271.3131408691406250
1957.7096              271.3132324218750000
1957.7917              271.3633117675781250
1957.8767              271.5127258300781250
1957.9589              271.8847656250000000
1958.0438              272.2045288085937500
1958.1260              272.6911315917968750
1958.2054              272.6215209960937500
1958.2904              272.2449645996093750
1958.3726              271.5951843261718750
1958.4575              271.3142089843750000
1958.5397              271.3114929199218750
1958.6246              271.3215332031250000
1958.7096              271.3258666992187500
1958.7917              271.3712463378906250
1958.8767              271.4366455078125000
1958.9589              271.6699218750000000
1959.0438              272.0472106933593750
1959.1260              272.4668884277343750
1959.2054              272.4412231445312500
1959.2904              272.1711120605468750
1959.3726              271.6715393066406250
1959.4575              271.3231811523437500
1959.5397              271.3168945312500000
1959.6246              271.3190612792968750
1959.7096              271.3704833984375000
1959.7917              271.4134521484375000
1959.8767              271.5332946777343750
1959.9589              271.7975463867187500
1960.0437              272.5080566406250000
1960.1257              272.7237548828125000
1960.2076              272.8552246093750000
1960.2924              272.5639953613281250
1960.3743              271.8958740234375000
1960.4590              271.4127502441406250
1960.5410              271.3101501464843750
1960.6257              271.3056640625000000
1960.7103              271.3066101074218750
1960.7924              271.3155212402343750
1960.8771              271.3730468750000000
1960.9590              271.6191711425781250
1961.0438              272.1825866699218750
1961.1260              272.4660339355468750
1961.2054              272.6389160156250000
1961.2904              272.4671020507812500
1961.3726              271.9387817382812500
1961.4575              271.4072265625000000
1961.5397              271.3118591308593750
1961.6246              271.3121337890625000
1961.7096              271.3188171386718750
1961.7917              271.3417968750000000
1961.8767              271.4793395996093750
1961.9589              271.8053588867187500
1962.0438              272.2597961425781250
1962.1260              272.6641540527343750
1962.2054              272.6093139648437500
1962.2904              272.3385009765625000
1962.3726              271.8159179687500000
1962.4575              271.3959960937500000
1962.5397              271.3037109375000000
1962.6246              271.3063659667968750
1962.7096              271.3171691894531250
1962.7917              271.3409423828125000
1962.8767              271.5140380859375000
1962.9589              272.1346435546875000
1963.0438              272.9341735839843750
1963.1260              273.1042175292968750
1963.2054              273.1134033203125000
1963.2904              272.6659545898437500
1963.3726              272.1312561035156250
1963.4575              271.7418212890625000
1963.5397              271.4830627441406250
1963.6246              271.3335571289062500
1963.7096              271.3200683593750000
1963.7917              271.3678283691406250
1963.8767              271.6036071777343750
1963.9589              272.0581665039062500
1964.0437              272.7722167968750000
1964.1257              273.1842956542968750
1964.2076              273.0751037597656250
1964.2924              272.7308044433593750
1964.3743              272.1741943359375000
1964.4590              271.7330932617187500
1964.5410              271.3882751464843750
1964.6257              271.3243103027343750
1964.7103              271.3180236816406250
1964.7924              271.3513183593750000
1964.8771              271.4775695800781250
1964.9590              271.8119506835937500
1965.0438              272.4752807617187500
1965.1260              272.6268920898437500
1965.2054              273.0050964355468750
1965.2904              272.6155395507812500
1965.3726              271.9275817871093750
1965.4575              271.4096984863281250
1965.5397              271.3115539550781250
1965.6246              271.3106079101562500
1965.7096              271.3110961914062500
1965.7917              271.3209838867187500
1965.8767              271.5033569335937500
1965.9589              271.9050292968750000
1966.0438              272.5752563476562500
1966.1260              272.8915405273437500
1966.2054              273.0022888183593750
1966.2904              272.5428161621093750
1966.3726              272.0194702148437500
1966.4575              271.4856567382812500
1966.5397              271.3137817382812500
1966.6246              271.3198852539062500
1966.7096              271.3183898925781250
1966.7917              271.3488464355468750
1966.8767              271.4067382812500000
1966.9589              271.6470031738281250
1967.0438              272.1351928710937500
1967.1260              272.5574951171875000
1967.2054              272.7457885742187500
1967.2904              272.6061706542968750
1967.3726              272.0985717773437500
1967.4575              271.5459899902343750
1967.5397              271.3167114257812500
1967.6246              271.3096313476562500
1967.7096              271.3123779296875000
1967.7917              271.3246154785156250
1967.8767              271.4920654296875000
1967.9589              271.8350524902343750
1968.0437              272.4899902343750000
1968.1257              272.8199462890625000
1968.2076              272.8081970214843750
1968.2924              272.6088867187500000
1968.3743              272.0228881835937500
1968.4590              271.5223693847656250
1968.5410              271.3274841308593750
1968.6257              271.3539428710937500
1968.7103              271.3272399902343750
1968.7924              271.3586120605468750
1968.8771              271.4431457519531250
1968.9590              271.6082763671875000
1969.0438              272.1466064453125000
1969.1260              272.5056152343750000
1969.2054              272.5644531250000000
1969.2904              272.3134460449218750
1969.3726              271.7518310546875000
1969.4575              271.4188842773437500
1969.5397              271.3101196289062500
1969.6246              271.3239440917968750
1969.7096              271.3234863281250000
1969.7917              271.3519897460937500
1969.8767              271.5223083496093750
1969.9589              271.8483581542968750
1970.0438              272.2861633300781250
1970.1260              272.5581359863281250
1970.2054              272.5898742675781250
1970.2904              272.1831970214843750
1970.3726              271.6365051269531250
1970.4575              271.3317565917968750
1970.5397              271.3319702148437500
1970.6246              271.3164062500000000
1970.7096              271.3225708007812500
1970.7917              271.3479309082031250
1970.8767              271.4953002929687500
1970.9589              271.8224792480468750
1971.0438              272.2385559082031250
1971.1260              272.7965698242187500
1971.2054              272.8301086425781250
1971.2904              272.4448242187500000
1971.3726              271.8572082519531250
1971.4575              271.3468933105468750
1971.5397              271.3232116699218750
1971.6246              271.3168334960937500
1971.7096              271.3288574218750000
1971.7917              271.3695373535156250
1971.8767              271.4481506347656250
1971.9589              271.7523803710937500
1972.0437              272.1495056152343750
1972.1257              272.6881713867187500
1972.2076              272.5509338378906250
1972.2924              272.2236938476562500
1972.3743              271.7644958496093750
1972.4590              271.3634033203125000
1972.5410              271.3124694824218750
1972.6257              271.3135681152343750
1972.7103              271.3120422363281250
1972.7924              271.3570861816406250
1972.8771              271.5055541992187500
1972.9590              271.9696350097656250
1973.0438              272.6095275878906250
1973.1260              272.8604736328125000
1973.2054              273.1772155761718750
1973.2904              272.7994689941406250
1973.3726              272.2440185546875000
1973.4575              271.7816467285156250
1973.5397              271.4476623535156250
1973.6246              271.3169860839843750
1973.7096              271.3142089843750000
1973.7917              271.3441772460937500
1973.8767              271.5850524902343750
1973.9589              272.1347961425781250
1974.0438              272.8017578125000000
1974.1260              273.1330261230468750
1974.2054              273.1874389648437500
1974.2904              272.8334045410156250
1974.3726              272.3747863769531250
1974.4575              271.8570251464843750
1974.5397              271.3801269531250000
1974.6246              271.3131103515625000
1974.7096              271.3106994628906250
1974.7917              271.3334045410156250
1974.8767              271.4508361816406250
1974.9589              271.6492309570312500
1975.0438              272.2226867675781250
1975.1260              272.5830688476562500
1975.2054              272.6545104980468750
1975.2904              272.3460998535156250
1975.3726              271.8502502441406250
1975.4575              271.4477844238281250
1975.5397              271.3158569335937500
1975.6246              271.3146057128906250
1975.7096              271.3336791992187500
1975.7917              271.3646850585937500
1975.8767              271.4500122070312500
1975.9589              271.6975708007812500
1976.0437              272.1396789550781250
1976.1257              272.5661010742187500
1976.2076              272.5319824218750000
1976.2924              272.1018676757812500
1976.3743              271.6115417480468750
1976.4590              271.3464965820312500
1976.5410              271.3208923339843750
1976.6257              271.3172607421875000
1976.7103              271.3476562500000000
1976.7924              271.3780212402343750
1976.8771              271.5266418457031250
1976.9590              271.7875061035156250
1977.0438              272.3716125488281250
1977.1260              272.9932556152343750
1977.2054              272.9827270507812500
1977.2904              272.7051391601562500
1977.3726              272.0003356933593750
1977.4575              271.3853149414062500
1977.5397              271.3138122558593750
1977.6246              271.3110961914062500
1977.7096              271.3197326660156250
1977.7917              271.3328552246093750
1977.8767              271.4874572753906250
1977.9589              272.0437927246093750
1978.0438              272.5947265625000000
1978.1260              273.1836547851562500
1978.2054              273.0616455078125000
1978.2904              272.7425537109375000
1978.3726              272.2751770019531250
1978.4575              271.8038024902343750
1978.5397              271.4332885742187500
1978.6246              271.3126831054687500
1978.7096              271.3168334960937500
1978.7917              271.3417358398437500
1978.8767              271.5492858886718750
1978.9589              272.0110168457031250
1979.0438              272.5718383789062500
1979.1260              273.0397949218750000
1979.2054              273.0522155761718750
1979.2904              272.6029052734375000
1979.3726              271.9890136718750000
1979.4575              271.4944152832031250
1979.5397              271.3158569335937500
1979.6246              271.3154296875000000
1979.7096              271.3268127441406250
1979.7917              271.3923645019531250
1979.8767              271.4690246582031250
1979.9589              271.7310485839843750
1980.0437              272.3409423828125000
1980.1257              273.1738281250000000
1980.2076              273.1193237304687500
1980.2924              272.7509155273437500
1980.3743              272.0968322753906250
1980.4590              271.5109863281250000
1980.5410              271.3161926269531250
1980.6257              271.3233642578125000
1980.7103              271.3210754394531250
1980.7924              271.3546447753906250
1980.8771              271.4534301757812500
1980.9590              271.8132934570312500
1981.0438              272.4603271484375000
1981.1260              272.8509826660156250
1981.2054              272.7362060546875000
1981.2904              272.4317016601562500
1981.3726              271.9135742187500000
1981.4575              271.3829956054687500
1981.5397              271.3129272460937500
1981.6246              271.3125915527343750
1981.7096              271.3154907226562500
1981.7917              271.3522033691406250
1981.8767              271.5592956542968750
1981.9589              272.1104125976562500
1982.0438              273.0322265625000000
1982.1260              273.2439880371093750
1982.2054              272.9344177246093750
1982.2904              272.4707946777343750
1982.3726              271.9524536132812500
1982.4575              271.4599609375000000
1982.5397              271.3142395019531250
1982.6246              271.3153076171875000
1982.7096              271.3219299316406250
1982.7917              271.3348999023437500
1982.8767              271.6431579589843750
1982.9589              272.3128356933593750
1983.0438              273.2039184570312500
1983.1260              273.7152404785156250
1983.2054              273.6172180175781250
1983.2904              273.0924377441406250
1983.3726              272.2972106933593750
1983.4575              271.6696472167968750
1983.5397              271.4001770019531250
1983.6246              271.3094177246093750
1983.7096              271.3126525878906250
1983.7917              271.3517150878906250
1983.8767              271.5694580078125000
1983.9589              272.1252746582031250
1984.0437              273.0101623535156250
1984.1257              273.4053344726562500
1984.2076              273.5800781250000000
1984.2924              273.3670654296875000
1984.3743              272.6772155761718750
1984.4590              272.0913085937500000
1984.5410              271.6518554687500000
1984.6257              271.3426208496093750
1984.7103              271.3167114257812500
1984.7924              271.3492126464843750
1984.8771              271.5493469238281250
1984.9590              272.0041198730468750
1985.0438              272.6966857910156250
1985.1260              273.1041870117187500
1985.2054              273.1751098632812500
1985.2904              272.5989074707031250
1985.3726              272.0401916503906250
1985.4575              271.5795288085937500
1985.5397              271.3217773437500000
1985.6246              271.3205261230468750
1985.7096              271.3188476562500000
1985.7917              271.3432617187500000
1985.8767              271.5889587402343750
1985.9589              272.2812805175781250
1986.0438              273.0749206542968750
1986.1260              273.5089416503906250
1986.2054              273.4353637695312500
1986.2904              272.9333496093750000
1986.3726              272.2013854980468750
1986.4575              271.6229553222656250
1986.5397              271.3467712402343750
1986.6246              271.3158569335937500
1986.7096              271.3139953613281250
1986.7917              271.3612976074218750
1986.8767              271.6119995117187500
1986.9589              272.1355590820312500
1987.0438              272.8785705566406250
1987.1260              273.2962341308593750
1987.2054              273.1339416503906250
1987.2904              272.9364929199218750
1987.3726              272.4242248535156250
1987.4575              271.8359069824218750
1987.5397              271.4381103515625000
1987.6246              271.3250122070312500
1987.7096              271.3226623535156250
1987.7917              271.3942260742187500
1987.8767              271.6968994140625000
1987.9589              272.3292236328125000
1988.0437              273.0048522949218750
1988.1257              273.3137512207031250
1988.2076              273.5998840332031250
1988.2924              272.9140319824218750
1988.3743              272.1953430175781250
1988.4590              271.7091674804687500
1988.5410              271.3466186523437500
1988.6257              271.3114013671875000
1988.7103              271.3256225585937500
1988.7924              271.3517761230468750
1988.8771              271.5334167480468750
1988.9590              271.9503784179687500
1989.0438              272.5942382812500000
1989.1260              273.0121154785156250
1989.2054              273.1546936035156250
1989.2904              272.7236938476562500
1989.3726              272.1423339843750000
1989.4575              271.5133056640625000
1989.5397              271.3142089843750000
1989.6246              271.3129882812500000
1989.7096              271.3098449707031250
1989.7917              271.3342590332031250
1989.8767              271.5066833496093750
1989.9589              271.9602661132812500
1990.0438              272.7651977539062500
1990.1260              273.0367431640625000
1990.2054              273.1933898925781250
1990.2904              272.7122192382812500
1990.3726              272.0436096191406250
1990.4575              271.4042358398437500
1990.5397              271.3116149902343750
1990.6246              271.3296508789062500
1990.7096              271.3489685058593750
1990.7917              271.3344116210937500
1990.8767              271.5144958496093750
1990.9589              271.8714599609375000
1991.0438              272.5351867675781250
1991.1260              272.9975891113281250
1991.2054              273.0724182128906250
1991.2904              272.6936645507812500
1991.3726              271.9207763671875000
1991.4575              271.4013061523437500
1991.5397              271.3115234375000000
1991.6246              271.3155212402343750
1991.7096              271.3183288574218750
1991.7917              271.3336486816406250
1991.8767              271.5306396484375000
1991.9589              271.9869384765625000
1992.0437              272.8539733886718750
1992.1257              273.3875427246093750
1992.2076              273.4569702148437500
1992.2924              273.0029602050781250
1992.3743              272.4378662109375000
1992.4590              271.8454589843750000
1992.5410              271.4815368652343750
1992.6257              271.3249206542968750
1992.7103              271.3176269531250000
1992.7924              271.3768310546875000
1992.8771              271.6445312500000000
1992.9590              272.1038208007812500
1993.0438              272.8650512695312500
1993.1260              272.9836730957031250
1993.2054              273.0913696289062500
1993.2904              272.7386779785156250
1993.3726              272.3114013671875000
1993.4575              271.8510742187500000
1993.5397              271.4095764160156250
1993.6246              271.3250427246093750
1993.7096              271.3175048828125000
1993.7917              271.3844909667968750
1993.8767              271.7132263183593750
1993.9589              272.2854003906250000
1994.0438              272.9346923828125000
1994.1260              273.2342834472656250
1994.2054              273.1846923828125000
1994.2904              272.5887145996093750
1994.3726              272.0981445312500000
1994.4575              271.6697082519531250
1994.5397              271.3615722656250000
1994.6246              271.3193359375000000
1994.7096              271.3181762695312500
1994.7917              271.3562927246093750
1994.8767              271.5142822265625000
1994.9589              271.9428710937500000
1995.0438              272.8025207519531250
1995.1260              272.9737854003906250
1995.2054              273.1114196777343750
1995.2904              272.7832336425781250
1995.3726              272.1861267089843750
1995.4575              271.6466064453125000
1995.5397              271.3670043945312500
1995.6246              271.3299865722656250
1995.7096              271.3263549804687500
1995.7917              271.3566284179687500
1995.8767              271.4779052734375000
1995.9589              271.6894531250000000
1996.0437              272.2719116210937500
1996.1257              272.7204895019531250
1996.2076              272.6848144531250000
1996.2924              272.3502807617187500
1996.3743              271.9394531250000000
1996.4590              271.4216613769531250
1996.5410              271.3230590820312500
1996.6257              271.3166198730468750
1996.7103              271.3223266601562500
1996.7924              271.3522644042968750
1996.8771              271.5860595703125000
1996.9590              271.9431457519531250
1997.0438              272.2671203613281250
1997.1260              272.8409423828125000
1997.2054              272.8037109375000000
1997.2904              272.3069458007812500
1997.3726              271.7780151367187500
1997.4575              271.4728393554687500
1997.5397              271.3238830566406250
1997.6246              271.3238525390625000
1997.7096              271.3269958496093750
1997.7917              271.3416748046875000
1997.8767              271.5206909179687500
1997.9589              272.0339355468750000
1998.0438              273.0190734863281250
1998.1260              273.4197692871093750
1998.2054              273.7206115722656250
1998.2904              272.9312133789062500
1998.3726              272.1869812011718750
1998.4575              271.6170043945312500
1998.5397              271.3399963378906250
1998.6246              271.3137207031250000
1998.7096              271.3216247558593750
1998.7917              271.3407592773437500
1998.8767              271.5021667480468750
1998.9589              272.0173645019531250
1999.0438              272.6246337890625000
1999.1260              272.9884338378906250
1999.2054              273.2190246582031250
1999.2904              272.9277038574218750
1999.3726              272.2148437500000000
1999.4575              271.6449279785156250
1999.5397              271.3350219726562500
1999.6246              271.3179626464843750
1999.7096              271.3284606933593750
1999.7917              271.3410949707031250
1999.8767              271.5384216308593750
1999.9589              271.9080810546875000
2000.0437              272.5607910156250000
2000.1257              273.1210632324218750
2000.2076              272.9294128417968750
2000.2924              272.5096435546875000
2000.3743              271.8153381347656250
2000.4590              271.3929748535156250
2000.5410              271.3130187988281250
2000.6257              271.3088989257812500
2000.7103              271.3149108886718750
2000.7924              271.3491516113281250
2000.8771              271.5539245605468750
2000.9590              272.0212097167968750
