1850.0438              271.8581848144531250
1850.1260              272.0531616210937500
1850.2054              272.0280151367187500
1850.2904              271.9557495117187500
1850.3726              271.7912902832031250
1850.4575              271.7593688964843750
1850.5397              271.5969238281250000
1850.6246              271.4751586914062500
1850.7096              271.4872131347656250
1850.7917              271.4926147460937500
1850.8767              271.5541076660156250
1850.9589              271.6605224609375000
1851.0438              271.8089294433593750
1851.1260              272.1383972167968750
1851.2054              272.2147521972656250
1851.2904              271.9635314941406250
1851.3726              271.9362182617187500
1851.4575              271.8329467773437500
1851.5397              271.7452392578125000
1851.6246              271.7477111816406250
1851.7096              271.6579895019531250
1851.7917              271.6236877441406250
1851.8767              271.6372070312500000
1851.9589              271.7276611328125000
1852.0437              271.8343200683593750
1852.1257              272.0136413574218750
1852.2076              271.9769592285156250
1852.2924              271.9558410644531250
1852.3743              271.8813476562500000
1852.4590              271.7658386230468750
1852.5410              271.7402343750000000
1852.6257              271.6502075195312500
1852.7103              271.5752258300781250
1852.7924              271.5247802734375000
1852.8771              271.5805358886718750
1852.9590              271.6950073242187500
1853.0438              271.8270263671875000
1853.1260              272.1150817871093750
1853.2054              272.0967712402343750
1853.2904              271.9531860351562500
1853.3726              271.8010864257812500
1853.4575              271.7681884765625000
1853.5397              271.7603454589843750
1853.6246              271.6436767578125000
1853.7096              271.5418701171875000
1853.7917              271.5205383300781250
1853.8767              271.5980529785156250
1853.9589              271.7068176269531250
1854.0438              271.8422241210937500
1854.1260              272.1716613769531250
1854.2054              272.3197326660156250
1854.2904              271.9732666015625000
1854.3726              271.8254089355468750
1854.4575              271.7755432128906250
1854.5397              271.7765808105468750
1854.6246              271.6906738281250000
1854.7096              271.5617065429687500
1854.7917              271.5064697265625000
1854.8767              271.5498657226562500
1854.9589              271.6408996582031250
1855.0438              271.7965698242187500
1855.1260              272.1387023925781250
1855.2054              272.1279296875000000
1855.2904              271.9605102539062500
1855.3726              271.8591918945312500
1855.4575              271.7417907714843750
1855.5397              271.7625427246093750
1855.6246              271.7479553222656250
1855.7096              271.6252136230468750
1855.7917              271.5694580078125000
1855.8767              271.5993957519531250
1855.9589              271.6741027832031250
1856.0437              271.8655395507812500
1856.1257              272.1879272460937500
1856.2076              272.2015686035156250
1856.2924              271.9549865722656250
1856.3743              271.8195190429687500
1856.4590              271.7541503906250000
1856.5410              271.7579345703125000
1856.6257              271.7175903320312500
1856.7103              271.5664672851562500
1856.7924              271.5098571777343750
1856.8771              271.5472717285156250
1856.9590              271.6349487304687500
1857.0438              271.7541809082031250
1857.1260              271.8475952148437500
1857.2054              271.8468322753906250
1857.2904              271.8265380859375000
1857.3726              271.7598876953125000
1857.4575              271.7352905273437500
1857.5397              271.6053466796875000
1857.6246              271.4723815917968750
1857.7096              271.4708862304687500
1857.7917              271.4927673339843750
1857.8767              271.5450134277343750
1857.9589              271.6471862792968750
1858.0438              271.8827209472656250
1858.1260              272.2890930175781250
1858.2054              272.2993469238281250
1858.2904              271.9546508789062500
1858.3726              271.7514953613281250
1858.4575              271.7308044433593750
1858.5397              271.7483215332031250
1858.6246              271.6812744140625000
1858.7096              271.5086975097656250
1858.7917              271.4850769042968750
1858.8767              271.5433959960937500
1858.9589              271.6246032714843750
1859.0438              271.7536315917968750
1859.1260              271.9887695312500000
1859.2054              272.0560913085937500
1859.2904              271.8816833496093750
1859.3726              271.7445678710937500
1859.4575              271.7233276367187500
1859.5397              271.6359558105468750
1859.6246              271.5207824707031250
1859.7096              271.4800720214843750
1859.7917              271.5045776367187500
1859.8767              271.5534973144531250
1859.9589              271.6530761718750000
1860.0437              271.9050598144531250
1860.1257              272.2519226074218750
1860.2076              272.3126831054687500
1860.2924              271.8970031738281250
1860.3743              271.7304382324218750
1860.4590              271.7269287109375000
1860.5410              271.7018737792968750
1860.6257              271.5610351562500000
1860.7103              271.5171508789062500
1860.7924              271.5124206542968750
1860.8771              271.5679626464843750
1860.9590              271.6650085449218750
1861.0438              271.7879943847656250
1861.1260              271.9572143554687500
1861.2054              271.9397888183593750
1861.2904              271.8901672363281250
1861.3726              271.8442382812500000
1861.4575              271.7398986816406250
1861.5397              271.7406311035156250
1861.6246              271.7136535644531250
1861.7096              271.5747680664062500
1861.7917              271.5456848144531250
1861.8767              271.5929565429687500
1861.9589              271.6980590820312500
1862.0438              271.8369750976562500
1862.1260              272.0585021972656250
1862.2054              272.0930175781250000
1862.2904              271.9468688964843750
1862.3726              271.8272705078125000
1862.4575              271.7665710449218750
1862.5397              271.7450561523437500
1862.6246              271.5769958496093750
1862.7096              271.4920959472656250
1862.7917              271.5057373046875000
1862.8767              271.5681457519531250
1862.9589              271.6724548339843750
1863.0438              271.9611206054687500
1863.1260              272.5751647949218750
1863.2054              272.5505981445312500
1863.2904              272.1220092773437500
1863.3726              271.9268798828125000
1863.4575              271.7637329101562500
1863.5397              271.7616271972656250
1863.6246              271.7142333984375000
1863.7096              271.5673828125000000
1863.7917              271.5107116699218750
1863.8767              271.5270996093750000
1863.9589              271.6311950683593750
1864.0437              271.7203674316406250
1864.1257              271.8437194824218750
1864.2076              271.8562927246093750
1864.2924              271.8303833007812500
1864.3743              271.7858276367187500
1864.4590              271.7166137695312500
1864.5410              271.7277221679687500
1864.6257              271.7030029296875000
1864.7103              271.5877685546875000
1864.7924              271.5526428222656250
1864.8771              271.5934753417968750
1864.9590              271.6933593750000000
1865.0438              271.7897033691406250
1865.1260              272.0140686035156250
1865.2054              271.9990844726562500
1865.2904              271.9417724609375000
1865.3726              271.8625793457031250
1865.4575              271.7655334472656250
1865.5397              271.7650756835937500
1865.6246              271.6318359375000000
1865.7096              271.5585937500000000
1865.7917              271.5482482910156250
1865.8767              271.5972290039062500
1865.9589              271.6908569335937500
1866.0438              271.9261169433593750
1866.1260              272.3609313964843750
1866.2054              272.3128051757812500
1866.2904              272.0177307128906250
1866.3726              271.9232788085937500
1866.4575              271.8007507324218750
1866.5397              271.7766113281250000
1866.6246              271.6470336914062500
1866.7096              271.5428771972656250
1866.7917              271.5502319335937500
1866.8767              271.6058349609375000
1866.9589              271.7022094726562500
1867.0438              271.7897949218750000
1867.1260              271.9403076171875000
1867.2054              271.9518432617187500
1867.2904              271.9131774902343750
1867.3726              271.8628540039062500
1867.4575              271.7680969238281250
1867.5397              271.7351379394531250
1867.6246              271.6019897460937500
1867.7096              271.5105590820312500
1867.7917              271.5106506347656250
1867.8767              271.5725097656250000
1867.9589              271.6927795410156250
1868.0437              271.8331909179687500
1868.1257              272.1122131347656250
1868.2076              272.1710510253906250
1868.2924              271.9716491699218750
1868.3743              271.8795166015625000
1868.4590              271.7781982421875000
1868.5410              271.7868652343750000
1868.6257              271.6917419433593750
1868.7103              271.5469665527343750
1868.7924              271.5366210937500000
1868.8771              271.5935363769531250
1868.9590              271.6764221191406250
1869.0438              271.8570861816406250
1869.1260              272.1918029785156250
1869.2054              272.1947021484375000
1869.2904              271.9732971191406250
1869.3726              271.8821105957031250
1869.4575              271.7875671386718750
1869.5397              271.7696533203125000
1869.6246              271.6777954101562500
1869.7096              271.5647277832031250
1869.7917              271.5693359375000000
1869.8767              271.6144409179687500
1869.9589              271.7081298828125000
1870.0438              271.9251098632812500
1870.1260              272.2770080566406250
1870.2054              272.2557678222656250
1870.2904              271.9868774414062500
1870.3726              271.8697814941406250
1870.4575              271.7982482910156250
1870.5397              271.7784118652343750
1870.6246              271.6927185058593750
1870.7096              271.5396728515625000
1870.7917              271.5216674804687500
1870.8767              271.5751342773437500
1870.9589              271.6846618652343750
1871.0438              271.7937011718750000
1871.1260              271.9101867675781250
1871.2054              271.9234313964843750
1871.2904              271.8983459472656250
1871.3726              271.8297729492187500
1871.4575              271.7569580078125000
1871.5397              271.7381896972656250
1871.6246              271.5773620605468750
1871.7096              271.5014038085937500
1871.7917              271.5128479003906250
1871.8767              271.5787963867187500
1871.9589              271.7205200195312500
1872.0437              272.1607666015625000
1872.1257              272.6461486816406250
1872.2076              272.4228820800781250
1872.2924              272.0202941894531250
1872.3743              271.8040161132812500
1872.4590              271.7835083007812500
1872.5410              271.7989807128906250
1872.6257              271.7580566406250000
1872.7103              271.6055297851562500
1872.7924              271.5421447753906250
1872.8771              271.5926818847656250
1872.9590              271.6829833984375000
1873.0438              271.8034057617187500
1873.1260              272.0145874023437500
1873.2054              272.0555419921875000
1873.2904              271.9075927734375000
1873.3726              271.7819519042968750
1873.4575              271.7707824707031250
1873.5397              271.7294921875000000
1873.6246              271.5529785156250000
1873.7096              271.5181579589843750
1873.7917              271.5335693359375000
1873.8767              271.5993957519531250
1873.9589              271.7044982910156250
1874.0438              271.8689880371093750
1874.1260              272.2266540527343750
1874.2054              272.3515319824218750
1874.2904              271.9643554687500000
1874.3726              271.7840576171875000
1874.4575              271.7532043457031250
1874.5397              271.7432861328125000
1874.6246              271.7318725585937500
1874.7096              271.6345520019531250
1874.7917              271.6123352050781250
1874.8767              271.6500854492187500
1874.9589              271.7059020996093750
1875.0438              271.8073120117187500
1875.1260              272.0379028320312500
1875.2054              272.1549682617187500
1875.2904              271.9733581542968750
1875.3726              271.8621520996093750
1875.4575              271.7581481933593750
1875.5397              271.7647399902343750
1875.6246              271.7153015136718750
1875.7096              271.6133117675781250
1875.7917              271.5877075195312500
1875.8767              271.6286926269531250
1875.9589              271.7161560058593750
1876.0437              271.8377075195312500
1876.1257              271.9176025390625000
1876.2076              271.9111022949218750
1876.2924              271.9118041992187500
1876.3743              271.8727722167968750
1876.4590              271.7886962890625000
1876.5410              271.7827758789062500
1876.6257              271.7233886718750000
1876.7103              271.6042175292968750
1876.7924              271.5454406738281250
1876.8771              271.6188049316406250
1876.9590              271.7161865234375000
1877.0438              271.8393554687500000
1877.1260              272.0567016601562500
1877.2054              272.0344848632812500
1877.2904              271.9512939453125000
1877.3726              271.8481140136718750
1877.4575              271.7875366210937500
1877.5397              271.7611083984375000
1877.6246              271.5829162597656250
1877.7096              271.5256347656250000
1877.7917              271.5551757812500000
1877.8767              271.6213378906250000
1877.9589              271.7084045410156250
1878.0438              271.8226013183593750
1878.1260              272.0254821777343750
1878.2054              272.0578002929687500
1878.2904              271.9355773925781250
1878.3726              271.8086853027343750
1878.4575              271.7816467285156250
1878.5397              271.7598571777343750
1878.6246              271.6059875488281250
1878.7096              271.5272827148437500
1878.7917              271.5326843261718750
1878.8767              271.6061401367187500
1878.9589              271.7331848144531250
1879.0438              271.9821472167968750
1879.1260              272.4338989257812500
1879.2054              272.3880615234375000
1879.2904              272.0573730468750000
1879.3726              271.9261474609375000
1879.4575              271.8031616210937500
1879.5397              271.7844848632812500
1879.6246              271.6765136718750000
1879.7096              271.5836791992187500
1879.7917              271.5697631835937500
1879.8767              271.6327514648437500
1879.9589              271.7110900878906250
1880.0437              271.9232788085937500
1880.1257              272.2536621093750000
1880.2076              272.5076599121093750
1880.2924              272.2031860351562500
1880.3743              271.9212036132812500
1880.4590              271.8217163085937500
1880.5410              271.7991943359375000
1880.6257              271.7747497558593750
1880.7103              271.6688842773437500
1880.7924              271.6098022460937500
1880.8771              271.6413574218750000
1880.9590              271.7260131835937500
1881.0438              271.8223571777343750
1881.1260              271.9467468261718750
1881.2054              271.9509887695312500
1881.2904              271.9240417480468750
1881.3726              271.9073181152343750
1881.4575              271.8312072753906250
1881.5397              271.7990417480468750
1881.6246              271.7287292480468750
1881.7096              271.5896606445312500
1881.7917              271.5489807128906250
1881.8767              271.6164245605468750
1881.9589              271.7290344238281250
1882.0438              271.9207153320312500
1882.1260              272.1768493652343750
1882.2054              272.1639709472656250
1882.2904              271.9425659179687500
1882.3726              271.7948608398437500
1882.4575              271.7975769042968750
1882.5397              271.7944030761718750
1882.6246              271.6970520019531250
1882.7096              271.6189880371093750
1882.7917              271.5823059082031250
1882.8767              271.6311950683593750
1882.9589              271.7398986816406250
1883.0438              271.9114074707031250
1883.1260              272.1581726074218750
1883.2054              272.1384887695312500
1883.2904              271.9933166503906250
1883.3726              271.9085998535156250
1883.4575              271.8233337402343750
1883.5397              271.7756347656250000
1883.6246              271.6354980468750000
1883.7096              271.5540771484375000
1883.7917              271.5545349121093750
1883.8767              271.6264343261718750
1883.9589              271.7648315429687500
1884.0437              272.1085510253906250
1884.1257              272.6227722167968750
1884.2076              272.5769653320312500
1884.2924              272.0792236328125000
1884.3743              271.9028320312500000
1884.4590              271.8406677246093750
1884.5410              271.8224182128906250
1884.6257              271.8044128417968750
1884.7103              271.6803283691406250
1884.7924              271.6233520507812500
1884.8771              271.6554260253906250
1884.9590              271.7222900390625000
1885.0438              271.8189392089843750
1885.1260              271.9380187988281250
1885.2054              271.9432678222656250
1885.2904              271.9277954101562500
1885.3726              271.9089660644531250
1885.4575              271.8196716308593750
1885.5397              271.7877197265625000
1885.6246              271.6930541992187500
1885.7096              271.6191101074218750
1885.7917              271.6043090820312500
1885.8767              271.6658630371093750
1885.9589              271.7539062500000000
1886.0438              271.8385009765625000
1886.1260              271.9634094238281250
1886.2054              271.9292297363281250
1886.2904              271.9066467285156250
1886.3726              271.8812866210937500
1886.4575              271.8327331542968750
1886.5397              271.7857360839843750
1886.6246              271.7414855957031250
1886.7096              271.6640625000000000
1886.7917              271.6188659667968750
1886.8767              271.6590881347656250
1886.9589              271.7503051757812500
1887.0438              271.8782348632812500
1887.1260              272.1172485351562500
1887.2054              272.2984924316406250
1887.2904              272.0458374023437500
1887.3726              271.9307250976562500
1887.4575              271.7909851074218750
1887.5397              271.7614135742187500
1887.6246              271.6538696289062500
1887.7096              271.5553283691406250
1887.7917              271.5572509765625000
1887.8767              271.6220092773437500
1887.9589              271.7182922363281250
1888.0437              271.8724060058593750
1888.1257              272.0958862304687500
1888.2076              272.0919189453125000
1888.2924              271.9691467285156250
1888.3743              271.8749084472656250
1888.4590              271.8052062988281250
1888.5410              271.8017578125000000
1888.6257              271.6811218261718750
1888.7103              271.5440063476562500
1888.7924              271.5355834960937500
1888.8771              271.6081237792968750
1888.9590              271.7357177734375000
1889.0438              271.9673461914062500
1889.1260              272.3619384765625000
1889.2054              272.4008178710937500
1889.2904              272.0321350097656250
1889.3726              271.8049621582031250
1889.4575              271.7688903808593750
1889.5397              271.7669982910156250
1889.6246              271.6932067871093750
1889.7096              271.5729370117187500
1889.7917              271.5567626953125000
1889.8767              271.5929260253906250
1889.9589              271.6954956054687500
1890.0438              271.9094543457031250
1890.1260              272.3506164550781250
1890.2054              272.3540344238281250
1890.2904              271.9819946289062500
1890.3726              271.8050842285156250
1890.4575              271.7810363769531250
1890.5397              271.7812805175781250
1890.6246              271.7369384765625000
1890.7096              271.6050109863281250
1890.7917              271.5597534179687500
1890.8767              271.6080017089843750
1890.9589              271.7192077636718750
1891.0438              271.8872985839843750
1891.1260              272.1886596679687500
1891.2054              272.1367797851562500
1891.2904              271.9833984375000000
1891.3726              271.8797912597656250
1891.4575              271.7784423828125000
1891.5397              271.7561950683593750
1891.6246              271.6460266113281250
1891.7096              271.5492553710937500
1891.7917              271.5451049804687500
1891.8767              271.6180725097656250
1891.9589              271.7194213867187500
1892.0437              271.8280944824218750
1892.1257              272.0264587402343750
1892.2076              272.0167541503906250
1892.2924              271.9434204101562500
1892.3743              271.8401794433593750
1892.4590              271.7662658691406250
1892.5410              271.7711791992187500
1892.6257              271.7231140136718750
1892.7103              271.6417236328125000
1892.7924              271.5936889648437500
1892.8771              271.6565246582031250
1892.9590              271.7435302734375000
1893.0438              271.8777160644531250
1893.1260              272.0766906738281250
1893.2054              272.0972900390625000
1893.2904              271.9757385253906250
1893.3726              271.8583068847656250
1893.4575              271.7924804687500000
1893.5397              271.7820434570312500
1893.6246              271.7245788574218750
1893.7096              271.6128845214843750
1893.7917              271.5830688476562500
1893.8767              271.6111450195312500
1893.9589              271.7135925292968750
1894.0438              271.8165588378906250
1894.1260              271.9301452636718750
1894.2054              271.9332885742187500
1894.2904              271.9201965332031250
1894.3726              271.8623657226562500
1894.4575              271.7828063964843750
1894.5397              271.7604064941406250
1894.6246              271.6345214843750000
1894.7096              271.5610046386718750
1894.7917              271.5472106933593750
1894.8767              271.6184997558593750
1894.9589              271.7144470214843750
1895.0438              271.8778076171875000
1895.1260              272.2585449218750000
1895.2054              272.4461059570312500
1895.2904              272.0597229003906250
1895.3726              271.8695983886718750
1895.4575              271.7754821777343750
1895.5397              271.7839050292968750
1895.6246              271.7973937988281250
1895.7096              271.7491455078125000
1895.7917              271.6504821777343750
1895.8767              271.6874389648437500
1895.9589              271.7764282226562500
1896.0437              271.8629150390625000
1896.1257              272.0018920898437500
1896.2076              272.0415649414062500
1896.2924              271.9941406250000000
1896.3743              271.9556274414062500
1896.4590              271.8587646484375000
1896.5410              271.8139953613281250
1896.6257              271.7933959960937500
1896.7103              271.6559753417968750
1896.7924              271.6136474609375000
1896.8771              271.6475830078125000
1896.9590              271.7340087890625000
1897.0438              271.8241271972656250
1897.1260              271.9138793945312500
1897.2054              271.9324951171875000
1897.2904              271.9171447753906250
1897.3726              271.8365173339843750
1897.4575              271.7730407714843750
1897.5397              271.7863464355468750
1897.6246              271.6848449707031250
1897.7096              271.5513610839843750
1897.7917              271.5459594726562500
1897.8767              271.6053161621093750
1897.9589              271.7255859375000000
1898.0438              271.8139648437500000
1898.1260              271.9513549804687500
1898.2054              272.0233764648437500
1898.2904              271.9668884277343750
1898.3726              271.8097534179687500
1898.4575              271.7863464355468750
1898.5397              271.7590942382812500
1898.6246              271.6338806152343750
1898.7096              271.5252380371093750
1898.7917              271.5314025878906250
1898.8767              271.5916748046875000
1898.9589              271.7040100097656250
1899.0438              271.8358154296875000
1899.1260              272.1227416992187500
1899.2054              272.1335144042968750
1899.2904              271.9302062988281250
1899.3726              271.7985534667968750
1899.4575              271.7798767089843750
1899.5397              271.7644653320312500
1899.6246              271.7033996582031250
1899.7096              271.5906372070312500
1899.7917              271.5802307128906250
1899.8767              271.6193847656250000
1899.9589              271.7049865722656250
1900.0438              271.8455200195312500
1900.1260              272.0767211914062500
1900.2054              272.0600280761718750
1900.2904              271.9698181152343750
1900.3726              271.8395080566406250
1900.4575              271.7949829101562500
1900.5397              271.7787170410156250
1900.6246              271.6225280761718750
1900.7096              271.5109252929687500
1900.7917              271.5404357910156250
1900.8767              271.6055603027343750
1900.9589              271.7160644531250000
1901.0438              271.8207702636718750
1901.1260              271.9730529785156250
1901.2054              271.9861450195312500
1901.2904              271.9407958984375000
1901.3726              271.8246459960937500
1901.4575              271.7846984863281250
1901.5397              271.7673034667968750
1901.6246              271.7513732910156250
1901.7096              271.6665649414062500
1901.7917              271.6054077148437500
1901.8767              271.6514892578125000
1901.9589              271.7363891601562500
1902.0438              271.8593139648437500
1902.1260              272.2375488281250000
1902.2054              272.4586791992187500
1902.2904              272.0815734863281250
1902.3726              271.9905090332031250
1902.4575              271.9339599609375000
1902.5397              271.8575744628906250
1902.6246              271.8360595703125000
1902.7096              271.8017883300781250
1902.7917              271.6865234375000000
1902.8767              271.6597900390625000
1902.9589              271.7298278808593750
1903.0438              271.7959289550781250
1903.1260              271.8358764648437500
1903.2054              271.8492126464843750
1903.2904              271.8590087890625000
1903.3726              271.7859802246093750
1903.4575              271.7431030273437500
1903.5397              271.6737365722656250
1903.6246              271.5276794433593750
1903.7096              271.5145874023437500
1903.7917              271.5202331542968750
1903.8767              271.5853271484375000
1903.9589              271.6867065429687500
1904.0437              271.8075866699218750
1904.1257              272.0031433105468750
1904.2076              271.9656372070312500
1904.2924              271.9094543457031250
1904.3743              271.8711853027343750
1904.4590              271.7815551757812500
1904.5410              271.7543945312500000
1904.6257              271.6196289062500000
1904.7103              271.5125427246093750
1904.7924              271.5185241699218750
1904.8771              271.5760803222656250
1904.9590              271.6579284667968750
1905.0438              271.7754211425781250
1905.1260              271.9000549316406250
1905.2054              271.8931884765625000
1905.2904              271.8638000488281250
1905.3726              271.8488464355468750
1905.4575              271.7692565917968750
1905.5397              271.7357177734375000
1905.6246              271.6950378417968750
1905.7096              271.5697021484375000
1905.7917              271.5317687988281250
1905.8767              271.5909118652343750
1905.9589              271.6896667480468750
1906.0438              271.8960571289062500
1906.1260              272.1568298339843750
1906.2054              272.0377502441406250
1906.2904              271.9348144531250000
1906.3726              271.8078002929687500
1906.4575              271.7463684082031250
1906.5397              271.7338867187500000
1906.6246              271.6180725097656250
1906.7096              271.5275573730468750
1906.7917              271.5146179199218750
1906.8767              271.5664978027343750
1906.9589              271.6464538574218750
1907.0438              271.7431640625000000
1907.1260              271.8781127929687500
1907.2054              271.8316650390625000
1907.2904              271.7480468750000000
1907.3726              271.7125854492187500
1907.4575              271.7057189941406250
1907.5397              271.6606445312500000
1907.6246              271.5788879394531250
1907.7096              271.5305786132812500
1907.7917              271.5405578613281250
1907.8767              271.6083068847656250
1907.9589              271.7372131347656250
1908.0437              272.0188598632812500
1908.1257              272.5886535644531250
1908.2076              272.6231079101562500
1908.2924              272.1215515136718750
1908.3743              271.9212036132812500
1908.4590              271.8285522460937500
1908.5410              271.8240966796875000
1908.6257              271.8017578125000000
1908.7103              271.7572631835937500
1908.7924              271.6740417480468750
1908.8771              271.6960144042968750
1908.9590              271.7785949707031250
1909.0438              271.8708801269531250
1909.1260              272.0414733886718750
1909.2054              272.0818786621093750
1909.2904              271.9941406250000000
1909.3726              271.9654541015625000
1909.4575              271.8815612792968750
1909.5397              271.8368225097656250
1909.6246              271.7478332519531250
1909.7096              271.5910644531250000
1909.7917              271.5645446777343750
1909.8767              271.6273498535156250
1909.9589              271.7134094238281250
1910.0438              271.8344116210937500
1910.1260              272.0390625000000000
1910.2054              272.0856018066406250
1910.2904              271.9866333007812500
1910.3726              271.9074707031250000
1910.4575              271.8155212402343750
1910.5397              271.8044128417968750
1910.6246              271.7431030273437500
1910.7096              271.5611267089843750
1910.7917              271.5322875976562500
1910.8767              271.6061401367187500
1910.9589              271.7213439941406250
1911.0438              271.8518676757812500
1911.1260              272.1063842773437500
1911.2054              272.1657714843750000
1911.2904              272.0098266601562500
1911.3726              271.9441528320312500
1911.4575              271.8195495605468750
1911.5397              271.8074340820312500
1911.6246              271.7638854980468750
1911.7096              271.6041870117187500
1911.7917              271.5843505859375000
1911.8767              271.6397705078125000
1911.9589              271.7284545898437500
1912.0437              271.8190917968750000
1912.1257              271.9182739257812500
1912.2076              271.9528503417968750
1912.2924              271.9350280761718750
1912.3743              271.8677978515625000
1912.4590              271.7900695800781250
1912.5410              271.7595520019531250
1912.6257              271.6066894531250000
1912.7103              271.5219421386718750
1912.7924              271.5433654785156250
1912.8771              271.6123352050781250
1912.9590              271.6928405761718750
1913.0438              271.7926025390625000
1913.1260              272.0119628906250000
1913.2054              271.9821472167968750
1913.2904              271.9228820800781250
1913.3726              271.8736877441406250
1913.4575              271.7892456054687500
1913.5397              271.7845764160156250
1913.6246              271.6662597656250000
1913.7096              271.5288391113281250
1913.7917              271.5151977539062500
1913.8767              271.5937500000000000
1913.9589              271.7042846679687500
1914.0438              271.8832397460937500
1914.1260              272.1684875488281250
1914.2054              272.1514587402343750
1914.2904              271.9646911621093750
1914.3726              271.8889770507812500
1914.4575              271.7971496582031250
1914.5397              271.7855529785156250
1914.6246              271.7406616210937500
1914.7096              271.5688171386718750
1914.7917              271.4996948242187500
1914.8767              271.5837097167968750
1914.9589              271.6779174804687500
1915.0438              271.7715454101562500
1915.1260              271.9334716796875000
1915.2054              271.9790649414062500
1915.2904              271.9164733886718750
1915.3726              271.8641967773437500
1915.4575              271.7636413574218750
1915.5397              271.7622070312500000
1915.6246              271.7413940429687500
1915.7096              271.6335449218750000
1915.7917              271.5688781738281250
1915.8767              271.6140441894531250
1915.9589              271.7073669433593750
1916.0437              271.8323974609375000
1916.1257              272.1026916503906250
1916.2076              272.1666564941406250
1916.2924              272.0033264160156250
1916.3743              271.9751586914062500
1916.4590              271.8355102539062500
1916.5410              271.7960815429687500
1916.6257              271.7027282714843750
1916.7103              271.5705871582031250
1916.7924              271.5322875976562500
1916.8771              271.5998535156250000
1916.9590              271.7047729492187500
1917.0438              271.8067016601562500
1917.1260              271.9161987304687500
1917.2054              271.9133300781250000
1917.2904              271.9064941406250000
1917.3726              271.8568115234375000
1917.4575              271.7797546386718750
1917.5397              271.7756958007812500
1917.6246              271.7265014648437500
1917.7096              271.6613464355468750
1917.7917              271.6331787109375000
1917.8767              271.6832275390625000
1917.9589              271.7572631835937500
1918.0438              271.8707275390625000
1918.1260              272.0651245117187500
1918.2054              272.0706787109375000
1918.2904              271.9868469238281250
1918.3726              271.8988342285156250
1918.4575              271.7951965332031250
1918.5397              271.7779235839843750
1918.6246              271.7563476562500000
1918.7096              271.5911560058593750
1918.7917              271.5696105957031250
1918.8767              271.5951843261718750
1918.9589              271.6652526855468750
1919.0438              271.7787475585937500
1919.1260              271.9292297363281250
1919.2054              271.9466552734375000
1919.2904              271.9183959960937500
1919.3726              271.8711853027343750
1919.4575              271.7688903808593750
1919.5397              271.7489318847656250
1919.6246              271.6174621582031250
1919.7096              271.5607299804687500
1919.7917              271.5368652343750000
1919.8767              271.6130981445312500
1919.9589              271.7048339843750000
1920.0437              271.9093322753906250
1920.1257              272.3375549316406250
1920.2076              272.3349914550781250
1920.2924              271.9994506835937500
1920.3743              271.7926940917968750
1920.4590              271.7738037109375000
1920.5410              271.7625732421875000
1920.6257              271.7383728027343750
1920.7103              271.6494750976562500
1920.7924              271.5941162109375000
1920.8771              271.6510925292968750
1920.9590              271.7331237792968750
1921.0438              271.9579467773437500
1921.1260              272.3757324218750000
1921.2054              272.3199462890625000
1921.2904              271.9589233398437500
1921.3726              271.7949523925781250
1921.4575              271.7685241699218750
1921.5397              271.7005615234375000
1921.6246              271.5991516113281250
1921.7096              271.5356750488281250
1921.7917              271.5299682617187500
1921.8767              271.6073608398437500
1921.9589              271.7129211425781250
1922.0438              271.8292236328125000
1922.1260              272.0844726562500000
1922.2054              272.1828308105468750
1922.2904              271.9640502929687500
1922.3726              271.8968200683593750
1922.4575              271.7814025878906250
1922.5397              271.7506713867187500
1922.6246              271.7321777343750000
1922.7096              271.6176452636718750
1922.7917              271.5196533203125000
1922.8767              271.5702209472656250
1922.9589              271.6657714843750000
1923.0438              271.7737121582031250
1923.1260              271.9246520996093750
1923.2054              272.0144958496093750
1923.2904              271.8865966796875000
1923.3726              271.7648315429687500
1923.4575              271.7354736328125000
1923.5397              271.7295532226562500
1923.6246              271.6037597656250000
1923.7096              271.5053100585937500
1923.7917              271.5270080566406250
1923.8767              271.5812988281250000
1923.9589              271.6741333007812500
1924.0437              271.8136291503906250
1924.1257              272.1261291503906250
1924.2076              272.1424255371093750
1924.2924              271.9231262207031250
1924.3743              271.7708740234375000
1924.4590              271.7634277343750000
1924.5410              271.7340393066406250
1924.6257              271.5796203613281250
1924.7103              271.4743957519531250
1924.7924              271.4946289062500000
1924.8771              271.5454711914062500
1924.9590              271.6650695800781250
1925.0438              271.9127197265625000
1925.1260              272.3699340820312500
1925.2054              272.3517456054687500
1925.2904              272.0134582519531250
1925.3726              271.9137573242187500
1925.4575              271.8580627441406250
1925.5397              271.8182983398437500
1925.6246              271.7924194335937500
1925.7096              271.7220458984375000
1925.7917              271.6006469726562500
1925.8767              271.5842895507812500
1925.9589              271.6877136230468750
1926.0438              271.7888793945312500
1926.1260              272.0034179687500000
1926.2054              271.9789733886718750
1926.2904              271.9386901855468750
1926.3726              271.8535156250000000
1926.4575              271.7682800292968750
1926.5397              271.7607727050781250
1926.6246              271.6939086914062500
1926.7096              271.5372009277343750
1926.7917              271.4985351562500000
1926.8767              271.5629577636718750
1926.9589              271.6712036132812500
1927.0438              271.7821655273437500
1927.1260              271.8753051757812500
1927.2054              271.8941650390625000
1927.2904              271.8685302734375000
1927.3726              271.7728576660156250
1927.4575              271.7442626953125000
1927.5397              271.7319030761718750
1927.6246              271.6252441406250000
1927.7096              271.5154418945312500
1927.7917              271.5201416015625000
1927.8767              271.5940856933593750
1927.9589              271.7427062988281250
1928.0437              271.9060363769531250
1928.1257              272.3205261230468750
1928.2076              272.4888916015625000
1928.2924              272.1081542968750000
1928.3743              271.8826904296875000
1928.4590              271.7874450683593750
1928.5410              271.7927551269531250
1928.6257              271.7654418945312500
1928.7103              271.6254272460937500
1928.7924              271.5709228515625000
1928.8771              271.5998229980468750
1928.9590              271.6707763671875000
1929.0438              271.7826538085937500
1929.1260              271.8748779296875000
1929.2054              271.8999633789062500
1929.2904              271.8851318359375000
1929.3726              271.7832946777343750
1929.4575              271.7537536621093750
1929.5397              271.7529296875000000
1929.6246              271.7026367187500000
1929.7096              271.5876770019531250
1929.7917              271.5582580566406250
1929.8767              271.6188964843750000
1929.9589              271.7177124023437500
1930.0438              271.8510131835937500
1930.1260              271.9879760742187500
1930.2054              272.0064697265625000
1930.2904              271.9661560058593750
1930.3726              271.8838500976562500
1930.4575              271.8039550781250000
1930.5397              271.8178405761718750
1930.6246              271.6665039062500000
1930.7096              271.5163879394531250
1930.7917              271.5179748535156250
1930.8767              271.5753784179687500
1930.9589              271.6686401367187500
1931.0438              271.8500061035156250
1931.1260              272.1921691894531250
1931.2054              272.1613464355468750
1931.2904              271.9826965332031250
1931.3726              271.8937683105468750
1931.4575              271.7756652832031250
1931.5397              271.7309570312500000
1931.6246              271.5165100097656250
1931.7096              271.4840087890625000
1931.7917              271.4979858398437500
1931.8767              271.5581665039062500
1931.9589              271.6801452636718750
1932.0437              271.8005676269531250
1932.1257              272.0109863281250000
1932.2076              272.0901794433593750
1932.2924              271.9356079101562500
1932.3743              271.8685913085937500
1932.4590              271.7473754882812500
1932.5410              271.7456665039062500
1932.6257              271.7270812988281250
1932.7103              271.6005249023437500
1932.7924              271.5129699707031250
1932.8771              271.5678710937500000
1932.9590              271.6647949218750000
1933.0438              271.7779846191406250
1933.1260              271.9897460937500000
1933.2054              271.9555358886718750
1933.2904              271.8734741210937500
1933.3726              271.7715454101562500
1933.4575              271.7420043945312500
1933.5397              271.7296752929687500
1933.6246              271.7059326171875000
1933.7096              271.6137084960937500
1933.7917              271.5760803222656250
1933.8767              271.6161804199218750
1933.9589              271.7055664062500000
1934.0438              271.8199768066406250
1934.1260              272.1551513671875000
1934.2054              272.3018493652343750
1934.2904              272.0065002441406250
1934.3726              271.8778686523437500
1934.4575              271.7730712890625000
1934.5397              271.7739868164062500
1934.6246              271.7666015625000000
1934.7096              271.6815490722656250
1934.7917              271.5574645996093750
1934.8767              271.5805053710937500
1934.9589              271.6786193847656250
1935.0438              271.7879943847656250
1935.1260              272.0211486816406250
1935.2054              271.9802551269531250
1935.2904              271.9075012207031250
1935.3726              271.8690185546875000
1935.4575              271.8242797851562500
1935.5397              271.7737426757812500
1935.6246              271.7435302734375000
1935.7096              271.5919799804687500
1935.7917              271.5229797363281250
1935.8767              271.5692749023437500
1935.9589              271.6736145019531250
1936.0437              271.7902526855468750
1936.1257              271.9412536621093750
1936.2076              271.9331970214843750
1936.2924              271.9117126464843750
1936.3743              271.8925170898437500
1936.4590              271.8279418945312500
1936.5410              271.7614135742187500
1936.6257              271.6836853027343750
1936.7103              271.5423889160156250
1936.7924              271.5247802734375000
1936.8771              271.5914001464843750
1936.9590              271.6920776367187500
1937.0438              271.8681335449218750
1937.1260              272.2626647949218750
1937.2054              272.3556518554687500
1937.2904              272.0164794921875000
1937.3726              271.9378356933593750
1937.4575              271.7785949707031250
1937.5397              271.7632141113281250
1937.6246              271.6030883789062500
1937.7096              271.4837646484375000
1937.7917              271.4916992187500000
1937.8767              271.5550537109375000
1937.9589              271.6768493652343750
1938.0438              271.7926635742187500
1938.1260              272.0414733886718750
1938.2054              272.0748291015625000
1938.2904              271.9054870605468750
1938.3726              271.7685241699218750
1938.4575              271.7065429687500000
1938.5397              271.6942749023437500
1938.6246              271.6616210937500000
1938.7096              271.5869140625000000
1938.7917              271.5554504394531250
1938.8767              271.6102294921875000
1938.9589              271.6958618164062500
1939.0438              271.8049621582031250
1939.1260              272.0034179687500000
1939.2054              272.0454711914062500
1939.2904              271.9423217773437500
1939.3726              271.8756103515625000
1939.4575              271.7866516113281250
1939.5397              271.7861022949218750
1939.6246              271.7377319335937500
1939.7096              271.6003417968750000
1939.7917              271.5856323242187500
1939.8767              271.6105041503906250
1939.9589              271.6983642578125000
1940.0437              271.8335571289062500
1940.1257              272.1395874023437500
1940.2076              272.1001892089843750
1940.2924              271.8311767578125000
1940.3743              271.7570800781250000
1940.4590              271.7510681152343750
1940.5410              271.7553710937500000
1940.6257              271.6957397460937500
1940.7103              271.5491333007812500
1940.7924              271.5494079589843750
1940.8771              271.6111755371093750
1940.9590              271.6937561035156250
1941.0438              271.8418884277343750
1941.1260              272.1694030761718750
1941.2054              272.1899108886718750
1941.2904              271.9947509765625000
1941.3726              271.9435729980468750
1941.4575              271.8401184082031250
1941.5397              271.7842407226562500
1941.6246              271.7715759277343750
1941.7096              271.6062316894531250
1941.7917              271.5315246582031250
1941.8767              271.5544738769531250
1941.9589              271.6496582031250000
1942.0438              271.7410888671875000
1942.1260              271.8684082031250000
1942.2054              271.8933410644531250
1942.2904              271.8680419921875000
1942.3726              271.8647460937500000
1942.4575              271.7815551757812500
1942.5397              271.7314147949218750
1942.6246              271.6006469726562500
1942.7096              271.5180664062500000
1942.7917              271.5093383789062500
1942.8767              271.5616149902343750
1942.9589              271.6726989746093750
1943.0438              271.9317626953125000
1943.1260              272.3116760253906250
1943.2054              272.2990722656250000
1943.2904              271.9591979980468750
1943.3726              271.8330688476562500
1943.4575              271.7403259277343750
1943.5397              271.7452087402343750
1943.6246              271.5896911621093750
1943.7096              271.5400085449218750
1943.7917              271.5352478027343750
1943.8767              271.6117553710937500
1943.9589              271.7081909179687500
1944.0437              271.8661499023437500
1944.1257              272.2320861816406250
1944.2076              272.1951293945312500
1944.2924              271.9563598632812500
1944.3743              271.9018859863281250
1944.4590              271.7702636718750000
1944.5410              271.7520141601562500
1944.6257              271.6539916992187500
1944.7103              271.5621643066406250
1944.7924              271.5432434082031250
1944.8771              271.5847473144531250
1944.9590              271.6641845703125000
1945.0438              271.7975769042968750
1945.1260              272.0247497558593750
1945.2054              272.1431884765625000
1945.2904              271.9224853515625000
1945.3726              271.8573913574218750
1945.4575              271.7284851074218750
1945.5397              271.7345275878906250
1945.6246              271.7093811035156250
1945.7096              271.6306457519531250
1945.7917              271.6087646484375000
1945.8767              271.6554870605468750
1945.9589              271.7397155761718750
1946.0438              271.8740844726562500
1946.1260              272.0758361816406250
1946.2054              272.0231933593750000
1946.2904              271.9578247070312500
1946.3726              271.9067687988281250
1946.4575              271.7712707519531250
1946.5397              271.7782897949218750
1946.6246              271.7298583984375000
1946.7096              271.6187133789062500
1946.7917              271.5596008300781250
1946.8767              271.6163330078125000
1946.9589              271.7167663574218750
1947.0438              271.8543090820312500
1947.1260              272.1453857421875000
1947.2054              272.1864318847656250
1947.2904              271.9115295410156250
1947.3726              271.8082580566406250
1947.4575              271.7892456054687500
1947.5397              271.7889099121093750
1947.6246              271.7292785644531250
1947.7096              271.5867004394531250
1947.7917              271.5039367675781250
1947.8767              271.5776367187500000
1947.9589              271.6741027832031250
1948.0437              271.8439636230468750
1948.1257              272.1091918945312500
1948.2076              272.1694335937500000
1948.2924              271.9883422851562500
1948.3743              271.9015808105468750
1948.4590              271.7611083984375000
1948.5410              271.7507324218750000
1948.6257              271.6265563964843750
1948.7103              271.4961853027343750
1948.7924              271.5283508300781250
1948.8771              271.5948791503906250
1948.9590              271.6654968261718750
1949.0438              271.9252014160156250
1949.1260              272.3950195312500000
1949.2054              272.3607482910156250
1949.2904              272.0159301757812500
1949.3726              271.8203735351562500
1949.4575              271.7619628906250000
1949.5397              271.7615051269531250
1949.6246              271.7007751464843750
1949.7096              271.5496520996093750
1949.7917              271.5101928710937500
1949.8767              271.5654296875000000
1949.9589              271.6592712402343750
1950.0438              271.8001403808593750
1950.1260              271.9853515625000000
1950.2054              271.9595947265625000
1950.2904              271.9018859863281250
1950.3726              271.7972106933593750
1950.4575              271.7450561523437500
1950.5397              271.7214355468750000
1950.6246              271.5983581542968750
1950.7096              271.5015563964843750
1950.7917              271.5163879394531250
1950.8767              271.5741271972656250
1950.9589              271.6698303222656250
1951.0438              271.7919616699218750
1951.1260              272.0255126953125000
1951.2054              272.0550537109375000
1951.2904              271.9393310546875000
1951.3726              271.8762512207031250
1951.4575              271.7531433105468750
1951.5397              271.7833251953125000
1951.6246              271.7769165039062500
1951.7096              271.7179565429687500
1951.7917              271.6121520996093750
1951.8767              271.6246337890625000
1951.9589              271.7202148437500000
1952.0437              271.8844909667968750
1952.1257              272.2026672363281250
1952.2076              272.1919555664062500
1952.2924              272.0036315917968750
1952.3743              271.8467102050781250
1952.4590              271.7878417968750000
1952.5410              271.7314453125000000
1952.6257              271.5506286621093750
1952.7103              271.4920043945312500
1952.7924              271.5045471191406250
1952.8771              271.5885620117187500
1952.9590              271.6923828125000000
1953.0438              271.8159179687500000
1953.1260              272.0751953125000000
1953.2054              272.1132812500000000
1953.2904              271.9781188964843750
1953.3726              271.9401550292968750
1953.4575              271.8063354492187500
1953.5397              271.7636108398437500
1953.6246              271.7340698242187500
1953.7096              271.5900573730468750
1953.7917              271.5662231445312500
1953.8767              271.5872802734375000
1953.9589              271.6700439453125000
1954.0438              271.7540893554687500
1954.1260              271.8471374511718750
1954.2054              271.8522644042968750
1954.2904              271.8667297363281250
1954.3726              271.8431396484375000
1954.4575              271.7504272460937500
1954.5397              271.7271118164062500
1954.6246              271.7024230957031250
1954.7096              271.6412048339843750
1954.7917              271.5788574218750000
1954.8767              271.6148681640625000
1954.9589              271.6735534667968750
1955.0438              271.7739257812500000
1955.1260              271.9151000976562500
1955.2054              271.9663085937500000
1955.2904              271.8822937011718750
1955.3726              271.8033752441406250
1955.4575              271.7593688964843750
1955.5397              271.7611694335937500
1955.6246              271.7485351562500000
1955.7096              271.6531677246093750
1955.7917              271.5670471191406250
1955.8767              271.5955505371093750
1955.9589              271.6996765136718750
1956.0437              271.7846679687500000
1956.1257              271.8814392089843750
1956.2076              271.8615417480468750
1956.2924              271.8569946289062500
1956.3743              271.8039855957031250
1956.4590              271.7452087402343750
1956.5410              271.7595520019531250
1956.6257              271.7227172851562500
1956.7103              271.5765075683593750
1956.7924              271.5507202148437500
1956.8771              271.5780334472656250
1956.9590              271.6793823242187500
1957.0438              271.7662353515625000
1957.1260              271.9009704589843750
1957.2054              271.9571533203125000
1957.2904              271.9047241210937500
1957.3726              271.8918151855468750
1957.4575              271.7784423828125000
1957.5397              271.7514038085937500
1957.6246              271.6405944824218750
1957.7096              271.5333251953125000
1957.7917              271.4873046875000000
1957.8767              271.5529785156250000
1957.9589              271.6434020996093750
1958.0438              271.7607421875000000
1958.1260              271.9785156250000000
1958.2054              272.0203247070312500
1958.2904              271.8679199218750000
1958.3726              271.8718566894531250
1958.4575              271.7761535644531250
1958.5397              271.7553100585937500
1958.6246              271.7140502929687500
1958.7096              271.5879516601562500
1958.7917              271.5351562500000000
1958.8767              271.6179504394531250
1958.9589              271.7160339355468750
1959.0438              271.8521423339843750
1959.1260              272.0046997070312500
1959.2054              271.9938659667968750
1959.2904              271.9169616699218750
1959.3726              271.8238220214843750
1959.4575              271.7702941894531250
1959.5397              271.7698059082031250
1959.6246              271.7279357910156250
1959.7096              271.6251220703125000
1959.7917              271.5492553710937500
1959.8767              271.5905151367187500
1959.9589              271.6906127929687500
1960.0437              271.8101501464843750
1960.1257              271.9268493652343750
1960.2076              271.9672241210937500
1960.2924              271.9455566406250000
1960.3743              271.9285583496093750
1960.4590              271.8482971191406250
1960.5410              271.7757873535156250
1960.6257              271.7598266601562500
1960.7103              271.7174682617187500
1960.7924              271.5962219238281250
1960.8771              271.6274414062500000
1960.9590              271.7096252441406250
1961.0438              271.8203430175781250
1961.1260              271.9585571289062500
1961.2054              271.9624633789062500
1961.2904              271.9393005371093750
1961.3726              271.8309631347656250
1961.4575              271.7809753417968750
1961.5397              271.7436523437500000
1961.6246              271.6364746093750000
1961.7096              271.5661315917968750
1961.7917              271.5769958496093750
1961.8767              271.6365356445312500
1961.9589              271.7248840332031250
1962.0438              271.8339233398437500
1962.1260              272.0274353027343750
1962.2054              272.1494750976562500
1962.2904              271.9300842285156250
1962.3726              271.7899780273437500
1962.4575              271.7763977050781250
1962.5397              271.7535400390625000
1962.6246              271.6615905761718750
1962.7096              271.5733337402343750
1962.7917              271.5263671875000000
1962.8767              271.5882263183593750
1962.9589              271.6882629394531250
1963.0438              271.8624877929687500
1963.1260              272.1136779785156250
1963.2054              272.0363769531250000
1963.2904              271.9538879394531250
1963.3726              271.8883666992187500
1963.4575              271.8312072753906250
1963.5397              271.8021240234375000
1963.6246              271.7747802734375000
1963.7096              271.6719055175781250
1963.7917              271.6423645019531250
1963.8767              271.6803283691406250
1963.9589              271.7624206542968750
1964.0437              271.8576049804687500
1964.1257              272.0206909179687500
1964.2076              272.1378173828125000
1964.2924              271.9766845703125000
1964.3743              271.8840942382812500
1964.4590              271.8007507324218750
1964.5410              271.8062438964843750
1964.6257              271.6667785644531250
1964.7103              271.5415649414062500
1964.7924              271.5295715332031250
1964.8771              271.6049194335937500
1964.9590              271.6992797851562500
1965.0438              271.8636474609375000
1965.1260              272.1307373046875000
1965.2054              272.0681762695312500
1965.2904              271.9713134765625000
1965.3726              271.9145202636718750
1965.4575              271.8025817871093750
1965.5397              271.7747192382812500
1965.6246              271.6009826660156250
1965.7096              271.4939880371093750
1965.7917              271.5132446289062500
1965.8767              271.5620117187500000
1965.9589              271.6728515625000000
1966.0438              271.9064331054687500
1966.1260              272.3166503906250000
1966.2054              272.3560180664062500
1966.2904              271.9799194335937500
1966.3726              271.9035644531250000
1966.4575              271.7534790039062500
1966.5397              271.7487182617187500
1966.6246              271.7102355957031250
1966.7096              271.5574951171875000
1966.7917              271.5423583984375000
1966.8767              271.5918273925781250
1966.9589              271.6900024414062500
1967.0438              271.8345642089843750
1967.1260              272.0702209472656250
1967.2054              272.0135803222656250
1967.2904              271.9440612792968750
1967.3726              271.8886413574218750
1967.4575              271.7650756835937500
1967.5397              271.7564697265625000
1967.6246              271.7012023925781250
1967.7096              271.5925598144531250
1967.7917              271.5825805664062500
1967.8767              271.6301269531250000
1967.9589              271.6999206542968750
1968.0437              271.8116149902343750
1968.1257              271.9996337890625000
1968.2076              272.0030822753906250
1968.2924              271.9425354003906250
1968.3743              271.9285888671875000
1968.4590              271.7950744628906250
1968.5410              271.7778625488281250
1968.6257              271.6940612792968750
1968.7103              271.5407409667968750
1968.7924              271.5264892578125000
1968.8771              271.6000061035156250
1968.9590              271.6850585937500000
1969.0438              271.8130187988281250
1969.1260              271.9884033203125000
1969.2054              272.0870361328125000
1969.2904              271.9401855468750000
1969.3726              271.9012451171875000
1969.4575              271.7600097656250000
1969.5397              271.7524719238281250
1969.6246              271.7003173828125000
1969.7096              271.5771179199218750
1969.7917              271.5573425292968750
1969.8767              271.6116638183593750
1969.9589              271.7087402343750000
1970.0438              271.8626403808593750
1970.1260              272.1729736328125000
1970.2054              272.3033447265625000
1970.2904              271.9812316894531250
1970.3726              271.8724365234375000
1970.4575              271.7677917480468750
1970.5397              271.7667236328125000
1970.6246              271.7211303710937500
1970.7096              271.6232604980468750
1970.7917              271.5952148437500000
1970.8767              271.6584167480468750
1970.9589              271.7676696777343750
1971.0438              271.9218750000000000
1971.1260              272.2846679687500000
1971.2054              272.3731079101562500
1971.2904              272.0246276855468750
1971.3726              271.8613891601562500
1971.4575              271.8249511718750000
1971.5397              271.8190917968750000
1971.6246              271.7304077148437500
1971.7096              271.6094055175781250
1971.7917              271.5725097656250000
1971.8767              271.5980224609375000
1971.9589              271.7071228027343750
1972.0437              271.8271179199218750
1972.1257              272.0044250488281250
1972.2076              271.9701232910156250
1972.2924              271.9618835449218750
1972.3743              271.8898315429687500
1972.4590              271.7930297851562500
1972.5410              271.7887878417968750
1972.6257              271.7233886718750000
1972.7103              271.6385498046875000
1972.7924              271.5652465820312500
1972.8771              271.5864257812500000
1972.9590              271.6723632812500000
1973.0438              271.7920227050781250
1973.1260              272.0112609863281250
1973.2054              271.9664916992187500
1973.2904              271.9272766113281250
1973.3726              271.8759765625000000
1973.4575              271.8077697753906250
1973.5397              271.7789916992187500
1973.6246              271.6837768554687500
1973.7096              271.5439147949218750
1973.7917              271.5484619140625000
1973.8767              271.6145324707031250
1973.9589              271.7464294433593750
1974.0438              271.9891967773437500
1974.1260              272.3999023437500000
1974.2054              272.6213073730468750
1974.2904              272.1437683105468750
1974.3726              271.8602294921875000
1974.4575              271.7928771972656250
1974.5397              271.7966918945312500
1974.6246              271.7757873535156250
1974.7096              271.7685546875000000
1974.7917              271.7018432617187500
1974.8767              271.6773681640625000
1974.9589              271.7573242187500000
1975.0438              271.8523559570312500
1975.1260              271.9731750488281250
1975.2054              272.0254821777343750
1975.2904              271.9559936523437500
1975.3726              271.9398498535156250
1975.4575              271.8665466308593750
1975.5397              271.8106384277343750
1975.6246              271.8145141601562500
1975.7096              271.7857055664062500
1975.7917              271.7120056152343750
1975.8767              271.7172241210937500
1975.9589              271.7665405273437500
1976.0437              271.8486633300781250
1976.1257              271.9922790527343750
1976.2076              272.0332946777343750
1976.2924              271.9877319335937500
1976.3743              271.9609985351562500
1976.4590              271.8482971191406250
1976.5410              271.8215026855468750
1976.6257              271.6942443847656250
1976.7103              271.5427551269531250
1976.7924              271.5159301757812500
1976.8771              271.6130065917968750
1976.9590              271.7313842773437500
1977.0438              271.9555969238281250
1977.1260              272.4478149414062500
1977.2054              272.4671325683593750
1977.2904              272.0768127441406250
1977.3726              271.9826965332031250
1977.4575              271.8324279785156250
1977.5397              271.8220520019531250
1977.6246              271.8173828125000000
1977.7096              271.7888488769531250
1977.7917              271.6821594238281250
1977.8767              271.6706237792968750
1977.9589              271.7368774414062500
1978.0438              271.8415832519531250
1978.1260              272.0213928222656250
1978.2054              271.9966735839843750
1978.2904              271.9648742675781250
1978.3726              271.8595275878906250
1978.4575              271.7928771972656250
1978.5397              271.7895202636718750
1978.6246              271.7185668945312500
1978.7096              271.6341552734375000
1978.7917              271.6194763183593750
1978.8767              271.6356811523437500
1978.9589              271.7210388183593750
1979.0438              271.8842468261718750
1979.1260              272.1524047851562500
1979.2054              272.1085510253906250
1979.2904              271.9776916503906250
1979.3726              271.9416809082031250
1979.4575              271.8236389160156250
1979.5397              271.7989196777343750
1979.6246              271.7432556152343750
1979.7096              271.5938720703125000
1979.7917              271.5630493164062500
1979.8767              271.6376647949218750
1979.9589              271.7495117187500000
1980.0437              271.8634033203125000
1980.1257              272.0910949707031250
1980.2076              272.1605834960937500
1980.2924              272.0122985839843750
1980.3743              271.8593139648437500
1980.4590              271.8281250000000000
1980.5410              271.8115234375000000
1980.6257              271.7446289062500000
1980.7103              271.5641784667968750
1980.7924              271.5161437988281250
1980.8771              271.5966491699218750
1980.9590              271.6809997558593750
1981.0438              271.8540649414062500
1981.1260              272.2286071777343750
1981.2054              272.3126831054687500
1981.2904              271.9557800292968750
1981.3726              271.8613281250000000
1981.4575              271.8060302734375000
1981.5397              271.7837524414062500
1981.6246              271.7768249511718750
1981.7096              271.6496887207031250
1981.7917              271.6370544433593750
1981.8767              271.6720275878906250
1981.9589              271.7619323730468750
1982.0438              271.9575805664062500
1982.1260              272.3676452636718750
1982.2054              272.3616027832031250
1982.2904              272.0356445312500000
1982.3726              271.8652954101562500
1982.4575              271.8184204101562500
1982.5397              271.8291320800781250
1982.6246              271.7743530273437500
1982.7096              271.6136474609375000
1982.7917              271.5481567382812500
1982.8767              271.6049499511718750
1982.9589              271.6986999511718750
1983.0438              271.8444824218750000
1983.1260              272.1354675292968750
1983.2054              272.2026977539062500
1983.2904              271.9610595703125000
1983.3726              271.8045959472656250
1983.4575              271.7880859375000000
1983.5397              271.8011779785156250
1983.6246              271.7174682617187500
1983.7096              271.6196899414062500
1983.7917              271.6288757324218750
1983.8767              271.6464538574218750
1983.9589              271.7446594238281250
1984.0437              271.9150085449218750
1984.1257              272.2529907226562500
1984.2076              272.4672546386718750
1984.2924              272.1309509277343750
1984.3743              271.9859924316406250
1984.4590              271.8315429687500000
1984.5410              271.8345031738281250
1984.6257              271.8085327148437500
1984.7103              271.6621704101562500
1984.7924              271.5791015625000000
1984.8771              271.6145324707031250
1984.9590              271.6917114257812500
1985.0438              271.7897644042968750
1985.1260              271.9322204589843750
1985.2054              271.9646606445312500
1985.2904              271.9378662109375000
1985.3726              271.8494567871093750
1985.4575              271.7868041992187500
1985.5397              271.7739257812500000
1985.6246              271.6402587890625000
1985.7096              271.5185241699218750
1985.7917              271.5213623046875000
1985.8767              271.5925598144531250
1985.9589              271.7064208984375000
1986.0438              271.9236450195312500
1986.1260              272.4227600097656250
1986.2054              272.4672546386718750
1986.2904              272.0321655273437500
1986.3726              271.8823852539062500
1986.4575              271.7982482910156250
1986.5397              271.7920837402343750
1986.6246              271.7608337402343750
1986.7096              271.6122741699218750
1986.7917              271.5993041992187500
1986.8767              271.6239929199218750
1986.9589              271.7147521972656250
1987.0438              271.8370056152343750
1987.1260              272.0667114257812500
1987.2054              272.2603759765625000
1987.2904              272.0568847656250000
1987.3726              271.9155578613281250
1987.4575              271.8271179199218750
1987.5397              271.8364562988281250
1987.6246              271.8287353515625000
1987.7096              271.7293090820312500
1987.7917              271.6376647949218750
1987.8767              271.6600341796875000
1987.9589              271.7226257324218750
1988.0437              271.8443298339843750
1988.1257              271.9305419921875000
1988.2076              271.9483642578125000
1988.2924              271.9593505859375000
1988.3743              271.9088439941406250
1988.4590              271.8143920898437500
1988.5410              271.8085021972656250
1988.6257              271.7870178222656250
1988.7103              271.6347961425781250
1988.7924              271.5564575195312500
1988.8771              271.6252441406250000
1988.9590              271.7276916503906250
1989.0438              271.8438415527343750
1989.1260              272.0609130859375000
1989.2054              272.0451660156250000
1989.2904              271.9730529785156250
1989.3726              271.9320068359375000
1989.4575              271.7928771972656250
1989.5397              271.7682495117187500
1989.6246              271.7139282226562500
1989.7096              271.6263122558593750
1989.7917              271.6036987304687500
1989.8767              271.6457519531250000
1989.9589              271.7173767089843750
1990.0438              271.8388977050781250
1990.1260              272.0202636718750000
1990.2054              272.1113586425781250
1990.2904              271.9659118652343750
1990.3726              271.8489379882812500
1990.4575              271.7842407226562500
1990.5397              271.8080139160156250
1990.6246              271.8086547851562500
1990.7096              271.7063903808593750
1990.7917              271.6121215820312500
1990.8767              271.6511230468750000
1990.9589              271.7403869628906250
1991.0438              271.8789978027343750
1991.1260              272.1878967285156250
1991.2054              272.1504821777343750
1991.2904              272.0229187011718750
1991.3726              271.9837646484375000
1991.4575              271.8987426757812500
1991.5397              271.8533325195312500
1991.6246              271.7803649902343750
1991.7096              271.6157836914062500
1991.7917              271.5841979980468750
1991.8767              271.6356506347656250
1991.9589              271.7248840332031250
1992.0437              271.9361572265625000
1992.1257              272.4487915039062500
1992.2076              272.4911499023437500
1992.2924              272.0421142578125000
1992.3743              271.9313659667968750
1992.4590              271.8444824218750000
1992.5410              271.8362426757812500
1992.6257              271.8226318359375000
1992.7103              271.7214355468750000
1992.7924              271.6238098144531250
1992.8771              271.6426391601562500
1992.9590              271.7200012207031250
1993.0438              271.8386230468750000
1993.1260              272.1241760253906250
1993.2054              272.2455139160156250
1993.2904              271.9998168945312500
1993.3726              271.9396972656250000
1993.4575              271.8021240234375000
1993.5397              271.7939147949218750
1993.6246              271.6998901367187500
1993.7096              271.5806579589843750
1993.7917              271.5794067382812500
1993.8767              271.6571655273437500
1993.9589              271.7490234375000000
1994.0438              271.8716735839843750
1994.1260              272.1750488281250000
1994.2054              272.3198852539062500
1994.2904              271.9936828613281250
1994.3726              271.8112487792968750
1994.4575              271.7941894531250000
1994.5397              271.7225952148437500
1994.6246              271.5857849121093750
1994.7096              271.5311279296875000
1994.7917              271.5286254882812500
1994.8767              271.5965881347656250
1994.9589              271.7045898437500000
1995.0438              271.8619995117187500
1995.1260              272.1298522949218750
1995.2054              272.1209716796875000
1995.2904              271.9736633300781250
1995.3726              271.8688049316406250
1995.4575              271.7798767089843750
1995.5397              271.8168334960937500
1995.6246              271.7882385253906250
1995.7096              271.6383972167968750
1995.7917              271.6307983398437500
1995.8767              271.6580200195312500
1995.9589              271.7478637695312500
1996.0437              271.8481445312500000
1996.1257              272.0492553710937500
1996.2076              272.0684204101562500
1996.2924              271.9605407714843750
1996.3743              271.9172363281250000
1996.4590              271.8854370117187500
1996.5410              271.8556823730468750
1996.6257              271.7628479003906250
1996.7103              271.5544433593750000
1996.7924              271.5403137207031250
1996.8771              271.5837097167968750
1996.9590              271.6831359863281250
1997.0438              271.8730468750000000
1997.1260              272.2847595214843750
1997.2054              272.1677856445312500
1997.2904              271.9959411621093750
1997.3726              271.8675231933593750
1997.4575              271.8127441406250000
1997.5397              271.8319091796875000
1997.6246              271.8203125000000000
1997.7096              271.7535095214843750
1997.7917              271.6901855468750000
1997.8767              271.7445068359375000
1997.9589              271.8244628906250000
1998.0438              271.9251708984375000
1998.1260              272.1192626953125000
1998.2054              272.1327819824218750
1998.2904              272.0422973632812500
1998.3726              272.0143127441406250
1998.4575              271.8856811523437500
1998.5397              271.8683166503906250
1998.6246              271.7183837890625000
1998.7096              271.5741882324218750
1998.7917              271.5579833984375000
1998.8767              271.6183776855468750
1998.9589              271.7105407714843750
1999.0438              271.8526000976562500
1999.1260              272.0483703613281250
1999.2054              272.0545349121093750
1999.2904              271.9795227050781250
1999.3726              271.8645629882812500
1999.4575              271.8019104003906250
1999.5397              271.7532653808593750
1999.6246              271.5754394531250000
1999.7096              271.5153198242187500
1999.7917              271.5404357910156250
1999.8767              271.5859985351562500
1999.9589              271.6788330078125000
