1870.0438              273.5889282226562500
1870.1288              273.8361816406250000
1870.2054              273.6628417968750000
1870.2904              273.1020812988281250
1870.3726              272.7699584960937500
1870.4575              272.5731506347656250
1870.5397              272.4640808105468750
1870.6246              272.4713745117187500
1870.7096              272.6341857910156250
1870.7917              272.5900573730468750
1870.8767              272.5611877441406250
1870.9589              272.7582702636718750
1871.0438              273.5350341796875000
1871.1288              273.7616271972656250
1871.2054              273.4797363281250000
1871.2904              272.9836425781250000
1871.3726              272.6771850585937500
1871.4575              272.4386901855468750
1871.5397              272.2590637207031250
1871.6246              272.3167724609375000
1871.7096              272.5789489746093750
1871.7917              272.6333007812500000
1871.8767              272.5508117675781250
1871.9589              272.6511840820312500
1872.0437              273.2756958007812500
1872.1284              273.5466613769531250
1872.2076              273.4431762695312500
1872.2924              273.0664367675781250
1872.3743              272.7527465820312500
1872.4590              272.5428161621093750
1872.5410              272.3993225097656250
1872.6257              272.4927673339843750
1872.7103              272.6527709960937500
1872.7924              272.6280822753906250
1872.8771              272.4703979492187500
1872.9590              272.7347717285156250
1873.0438              273.4363403320312500
1873.1288              273.8056945800781250
1873.2054              273.6961364746093750
1873.2904              273.1526794433593750
1873.3726              272.8021850585937500
1873.4575              272.5153198242187500
1873.5397              272.3660888671875000
1873.6246              272.4397277832031250
1873.7096              272.4220275878906250
1873.7917              272.4313659667968750
1873.8767              272.4949035644531250
1873.9589              272.7749938964843750
1874.0438              273.5016479492187500
1874.1288              273.8530883789062500
1874.2054              273.6420898437500000
1874.2904              273.2005615234375000
1874.3726              272.8392333984375000
1874.4575              272.6156921386718750
1874.5397              272.6631164550781250
1874.6246              272.6258544921875000
1874.7096              272.6931762695312500
1874.7917              272.6947326660156250
1874.8767              272.6712646484375000
1874.9589              273.0504150390625000
1875.0438              273.6643676757812500
1875.1288              273.8251037597656250
1875.2054              273.4610595703125000
1875.2904              273.0845336914062500
1875.3726              272.7818603515625000
1875.4575              272.6594848632812500
1875.5397              272.6179199218750000
1875.6246              272.6372985839843750
1875.7096              272.6242980957031250
1875.7917              272.5520629882812500
1875.8767              272.4335632324218750
1875.9589              272.5833740234375000
1876.0437              273.2687683105468750
1876.1284              273.5148010253906250
1876.2076              273.3251647949218750
1876.2924              272.9872131347656250
1876.3743              272.7114868164062500
1876.4590              272.4987487792968750
1876.5410              272.3546752929687500
1876.6257              272.2394409179687500
1876.7103              272.2669067382812500
1876.7924              272.5369567871093750
1876.8771              272.5915222167968750
1876.9590              272.5080261230468750
1877.0438              272.8727722167968750
1877.1288              273.4042663574218750
1877.2054              273.2863159179687500
1877.2904              272.9557189941406250
1877.3726              272.7095947265625000
1877.4575              272.5978088378906250
1877.5397              272.5095520019531250
1877.6246              272.4266357421875000
1877.7096              272.5005493164062500
1877.7917              272.6782531738281250
1877.8767              272.5906982421875000
1877.9589              272.8083496093750000
1878.0438              273.3023071289062500
1878.1288              273.6071777343750000
1878.2054              273.3743286132812500
1878.2904              272.8784179687500000
1878.3726              272.6525573730468750
1878.4575              272.5009155273437500
1878.5397              272.2981567382812500
1878.6246              272.2447509765625000
1878.7096              272.3328247070312500
1878.7917              272.5582885742187500
1878.8767              272.4833374023437500
1878.9589              272.5624694824218750
1879.0438              273.2502746582031250
1879.1288              273.6058654785156250
1879.2054              273.4822082519531250
1879.2904              273.1136474609375000
1879.3726              272.8357543945312500
1879.4575              272.6360473632812500
1879.5397              272.5114746093750000
1879.6246              272.4686279296875000
1879.7096              272.4848327636718750
1879.7917              272.5354309082031250
1879.8767              272.6966857910156250
1879.9589              272.8264160156250000
1880.0437              273.4818725585937500
1880.1284              273.8850097656250000
1880.2076              273.6282043457031250
1880.2924              273.1115722656250000
1880.3743              272.7916259765625000
1880.4590              272.5945739746093750
1880.5410              272.6284484863281250
1880.6257              272.6885375976562500
1880.7103              272.6285705566406250
1880.7924              272.6638488769531250
1880.8771              272.5534362792968750
1880.9590              272.8851318359375000
1881.0438              273.6389465332031250
1881.1288              274.0065002441406250
1881.2054              273.7268676757812500
1881.2904              273.3404846191406250
1881.3726              272.9432983398437500
1881.4575              272.6440429687500000
1881.5397              272.4771423339843750
1881.6246              272.4127807617187500
1881.7096              272.3274230957031250
1881.7917              272.3725891113281250
1881.8767              272.4126892089843750
1881.9589              272.6262207031250000
1882.0438              273.3232727050781250
1882.1288              273.6804809570312500
1882.2054              273.7155456542968750
1882.2904              273.3049926757812500
1882.3726              272.9017639160156250
1882.4575              272.7053833007812500
1882.5397              272.4773254394531250
1882.6246              272.3582763671875000
1882.7096              272.3386535644531250
1882.7917              272.4070739746093750
1882.8767              272.4046936035156250
1882.9589              272.4920959472656250
1883.0438              273.1284179687500000
1883.1288              273.5549316406250000
1883.2054              273.4774780273437500
1883.2904              273.0289916992187500
1883.3726              272.6666259765625000
1883.4575              272.4697265625000000
1883.5397              272.3657531738281250
1883.6246              272.4360046386718750
1883.7096              272.5554199218750000
1883.7917              272.6523742675781250
1883.8767              272.6020812988281250
1883.9589              272.6345825195312500
1884.0437              273.2237243652343750
1884.1284              273.6323242187500000
1884.2076              273.2979736328125000
1884.2924              272.9318237304687500
1884.3743              272.7168884277343750
1884.4590              272.5198059082031250
1884.5410              272.3968200683593750
1884.6257              272.4333190917968750
1884.7103              272.6011352539062500
1884.7924              272.6980285644531250
1884.8771              272.5786437988281250
1884.9590              272.9464721679687500
1885.0438              273.4681396484375000
1885.1288              273.8678894042968750
1885.2054              273.5816345214843750
1885.2904              273.0993957519531250
1885.3726              272.7846069335937500
1885.4575              272.6025695800781250
1885.5397              272.5200805664062500
1885.6246              272.5648498535156250
1885.7096              272.6535949707031250
1885.7917              272.5769042968750000
1885.8767              272.5707397460937500
1885.9589              273.0051269531250000
1886.0438              273.7119445800781250
1886.1288              273.8712463378906250
1886.2054              273.7398681640625000
1886.2904              273.2492065429687500
1886.3726              272.8509216308593750
1886.4575              272.6135864257812500
1886.5397              272.4350280761718750
1886.6246              272.3334655761718750
1886.7096              272.3211975097656250
1886.7917              272.4753417968750000
1886.8767              272.4442138671875000
1886.9589              272.8777160644531250
1887.0438              273.6444091796875000
1887.1288              273.7971496582031250
1887.2054              273.6849060058593750
1887.2904              273.2802429199218750
1887.3726              272.8906555175781250
1887.4575              272.6275939941406250
1887.5397              272.5356445312500000
1887.6246              272.6123962402343750
1887.7096              272.6084899902343750
1887.7917              272.6494750976562500
1887.8767              272.6303710937500000
1887.9589              273.1186828613281250
1888.0437              273.6982727050781250
1888.1284              273.9118957519531250
1888.2076              273.6856994628906250
1888.2924              273.3013916015625000
1888.3743              272.8991699218750000
1888.4590              272.6448974609375000
1888.5410              272.5801391601562500
1888.6257              272.7611389160156250
1888.7103              272.7083435058593750
1888.7924              272.7035522460937500
1888.8771              272.6523437500000000
1888.9590              272.9578552246093750
1889.0438              273.4341430664062500
1889.1288              273.6728820800781250
1889.2054              273.4331054687500000
1889.2904              272.9901428222656250
1889.3726              272.6842651367187500
1889.4575              272.5280761718750000
1889.5397              272.4950256347656250
1889.6246              272.6616210937500000
1889.7096              272.6758728027343750
1889.7917              272.6509399414062500
1889.8767              272.6482238769531250
1889.9589              273.0957031250000000
1890.0438              273.8634948730468750
1890.1288              274.1155090332031250
1890.2054              273.7960510253906250
1890.2904              273.1278686523437500
1890.3726              272.7832946777343750
1890.4575              272.6676940917968750
1890.5397              272.6583251953125000
1890.6246              272.6650695800781250
1890.7096              272.7294006347656250
1890.7917              272.7178344726562500
1890.8767              272.5835876464843750
1890.9589              272.7383422851562500
1891.0438              273.4732971191406250
1891.1288              273.7701110839843750
1891.2054              273.5835266113281250
1891.2904              273.1278076171875000
1891.3726              272.7886657714843750
1891.4575              272.6901245117187500
1891.5397              272.7021484375000000
1891.6246              272.7355957031250000
1891.7096              272.8102722167968750
1891.7917              272.7868041992187500
1891.8767              272.7011108398437500
1891.9589              272.9619445800781250
1892.0437              273.5045166015625000
1892.1284              273.7712097167968750
1892.2076              273.4887084960937500
1892.2924              273.0024414062500000
1892.3743              272.6985778808593750
1892.4590              272.5109863281250000
1892.5410              272.4316101074218750
1892.6257              272.4895935058593750
1892.7103              272.4855346679687500
1892.7924              272.5043029785156250
1892.8771              272.4667053222656250
1892.9590              272.9071960449218750
1893.0438              273.4510192871093750
1893.1288              273.6239013671875000
1893.2054              273.5453491210937500
1893.2904              273.1943969726562500
1893.3726              272.8664855957031250
1893.4575              272.6250610351562500
1893.5397              272.5226135253906250
1893.6246              272.5617980957031250
1893.7096              272.6690063476562500
1893.7917              272.6979675292968750
1893.8767              272.6369628906250000
1893.9589              272.9443359375000000
1894.0438              273.6474914550781250
1894.1288              274.0391540527343750
1894.2054              273.8210449218750000
1894.2904              273.3000488281250000
1894.3726              272.8950500488281250
1894.4575              272.7224121093750000
1894.5397              272.6607360839843750
1894.6246              272.7156372070312500
1894.7096              272.6880187988281250
1894.7917              272.7221069335937500
1894.8767              272.6570129394531250
1894.9589              272.8492126464843750
1895.0438              273.3758544921875000
1895.1288              273.6788024902343750
1895.2054              273.5543518066406250
1895.2904              273.0969848632812500
1895.3726              272.7811584472656250
1895.4575              272.6140747070312500
1895.5397              272.6333007812500000
1895.6246              272.6931762695312500
1895.7096              272.7350769042968750
1895.7917              272.7281799316406250
1895.8767              272.6793823242187500
1895.9589              273.0179138183593750
1896.0437              273.5830993652343750
1896.1284              273.7138061523437500
1896.2076              273.5237426757812500
1896.2924              273.1378479003906250
1896.3743              272.8178405761718750
1896.4590              272.8126525878906250
1896.5410              272.7668762207031250
1896.6257              272.7794799804687500
1896.7103              272.7537841796875000
1896.7924              272.7600708007812500
1896.8771              272.7254943847656250
1896.9590              272.8916320800781250
1897.0438              273.4906921386718750
1897.1288              273.8799438476562500
1897.2054              273.7153015136718750
1897.2904              273.1397705078125000
1897.3726              272.8062438964843750
1897.4575              272.6252136230468750
1897.5397              272.6067504882812500
1897.6246              272.6676635742187500
1897.7096              272.7316894531250000
1897.7917              272.7568664550781250
1897.8767              272.6651916503906250
1897.9589              273.0999145507812500
1898.0438              273.6315307617187500
1898.1288              273.8534240722656250
1898.2054              273.6274108886718750
1898.2904              273.1166381835937500
1898.3726              272.7851562500000000
1898.4575              272.6462402343750000
1898.5397              272.7121887207031250
1898.6246              272.6901855468750000
1898.7096              272.7478637695312500
1898.7917              272.7370300292968750
1898.8767              272.6608276367187500
1898.9589              272.9366760253906250
1899.0438              273.5085754394531250
1899.1288              273.7699890136718750
1899.2054              273.5910644531250000
1899.2904              273.1919860839843750
1899.3726              272.8052978515625000
1899.4575              272.5928344726562500
1899.5397              272.4704284667968750
1899.6246              272.5401611328125000
1899.7096              272.6558532714843750
1899.7917              272.6620178222656250
1899.8767              272.6671142578125000
1899.9589              273.1737365722656250
1900.0438              273.7397460937500000
1900.1288              274.0678710937500000
1900.2054              273.6843261718750000
1900.2904              273.1610412597656250
1900.3726              272.8356628417968750
1900.4575              272.8085632324218750
1900.5397              272.7662048339843750
1900.6246              272.7606811523437500
1900.7096              272.7314453125000000
1900.7917              272.7352905273437500
1900.8767              272.6320495605468750
1900.9589              272.8617858886718750
1901.0438              273.4816894531250000
1901.1288              273.6243896484375000
1901.2054              273.3489990234375000
1901.2904              272.9429321289062500
1901.3726              272.6859436035156250
1901.4575              272.5251464843750000
1901.5397              272.4961547851562500
1901.6246              272.4533691406250000
1901.7096              272.5241699218750000
1901.7917              272.6012573242187500
1901.8767              272.6502075195312500
1901.9589              272.8331298828125000
1902.0438              273.4009704589843750
1902.1288              273.5449523925781250
1902.2054              273.3554077148437500
1902.2904              272.9908447265625000
1902.3726              272.7322692871093750
1902.4575              272.5465393066406250
1902.5397              272.4374084472656250
1902.6246              272.3544616699218750
1902.7096              272.3259582519531250
1902.7917              272.4004516601562500
1902.8767              272.5045166015625000
1902.9589              272.6806335449218750
1903.0438              273.4125366210937500
1903.1288              273.9281921386718750
1903.2054              273.6502075195312500
1903.2904              273.1361694335937500
1903.3726              272.8193664550781250
1903.4575              272.6150817871093750
1903.5397              272.5495300292968750
1903.6246              272.5820312500000000
1903.7096              272.6510009765625000
1903.7917              272.6646118164062500
1903.8767              272.5760192871093750
1903.9589              272.8930358886718750
1904.0437              273.4246520996093750
1904.1284              273.7497863769531250
1904.2076              273.6689453125000000
1904.2924              273.1200256347656250
1904.3743              272.7823181152343750
1904.4590              272.5650024414062500
1904.5410              272.4439392089843750
1904.6257              272.4548339843750000
1904.7103              272.6318054199218750
1904.7924              272.6909484863281250
1904.8771              272.5550842285156250
1904.9590              272.7207946777343750
1905.0438              273.2687377929687500
1905.1288              273.5655212402343750
1905.2054              273.3214721679687500
1905.2904              272.9639587402343750
1905.3726              272.7116394042968750
1905.4575              272.5135803222656250
1905.5397              272.3121948242187500
1905.6246              272.2767333984375000
1905.7096              272.4226989746093750
1905.7917              272.6317749023437500
1905.8767              272.6822814941406250
1905.9589              272.8601074218750000
1906.0438              273.4929504394531250
1906.1288              273.7698669433593750
1906.2054              273.6301269531250000
1906.2904              273.0904541015625000
1906.3726              272.7856445312500000
1906.4575              272.6645202636718750
1906.5397              272.5999450683593750
1906.6246              272.6517944335937500
1906.7096              272.7107849121093750
1906.7917              272.7534790039062500
1906.8767              272.7724914550781250
1906.9589              273.1496887207031250
1907.0438              273.6835937500000000
1907.1288              274.0144958496093750
1907.2054              273.8024291992187500
1907.2904              273.2333984375000000
1907.3726              272.8768615722656250
1907.4575              272.7246704101562500
1907.5397              272.7534179687500000
1907.6246              272.7410888671875000
1907.7096              272.7030944824218750
1907.7917              272.7263183593750000
1907.8767              272.6084899902343750
1907.9589              272.9763183593750000
1908.0437              273.5295104980468750
1908.1284              273.7579956054687500
1908.2076              273.6260070800781250
1908.2924              273.0960998535156250
1908.3743              272.7968444824218750
1908.4590              272.7049865722656250
1908.5410              272.7135925292968750
1908.6257              272.7726745605468750
1908.7103              272.7854614257812500
1908.7924              272.7465515136718750
1908.8771              272.7308959960937500
1908.9590              273.2411499023437500
1909.0438              274.0085449218750000
1909.1288              274.3998413085937500
1909.2054              274.1075439453125000
1909.2904              273.5084533691406250
1909.3726              272.9923095703125000
1909.4575              272.7354736328125000
1909.5397              272.7214050292968750
1909.6246              272.7759704589843750
1909.7096              272.7399902343750000
1909.7917              272.7078247070312500
1909.8767              272.6083068847656250
1909.9589              272.9509582519531250
1910.0438              273.6186828613281250
1910.1288              274.0169982910156250
1910.2054              273.8890991210937500
1910.2904              273.2375183105468750
1910.3726              272.7627868652343750
1910.4575              272.5639038085937500
1910.5397              272.5654296875000000
1910.6246              272.6646728515625000
1910.7096              272.7132873535156250
1910.7917              272.7354431152343750
1910.8767              272.6486816406250000
1910.9589              273.2087097167968750
1911.0438              273.6858215332031250
1911.1288              273.8796691894531250
1911.2054              273.7276916503906250
1911.2904              273.1557006835937500
1911.3726              272.7661437988281250
1911.4575              272.5665893554687500
1911.5397              272.5062866210937500
1911.6246              272.5438232421875000
1911.7096              272.6218261718750000
1911.7917              272.6445312500000000
1911.8767              272.6049804687500000
1911.9589              272.6912536621093750
1912.0437              273.3327331542968750
1912.1284              273.5876464843750000
1912.2076              273.4102478027343750
1912.2924              273.0282592773437500
1912.3743              272.7240600585937500
1912.4590              272.5483398437500000
1912.5410              272.4298706054687500
1912.6257              272.3927612304687500
1912.7103              272.5422668457031250
1912.7924              272.5821838378906250
1912.8771              272.5420837402343750
1912.9590              272.6552734375000000
1913.0438              273.2804870605468750
1913.1288              273.6499328613281250
1913.2054              273.5383911132812500
1913.2904              273.0877075195312500
1913.3726              272.8071594238281250
1913.4575              272.6209411621093750
1913.5397              272.4470825195312500
1913.6246              272.3999633789062500
1913.7096              272.4487609863281250
1913.7917              272.5150756835937500
1913.8767              272.5265502929687500
1913.9589              272.6360168457031250
1914.0438              273.1507568359375000
1914.1288              273.3874206542968750
1914.2054              273.2299499511718750
1914.2904              272.9273376464843750
1914.3726              272.7145690917968750
1914.4575              272.5664978027343750
1914.5397              272.4548645019531250
1914.6246              272.5344543457031250
1914.7096              272.6473999023437500
1914.7917              272.6413269042968750
1914.8767              272.6105957031250000
1914.9589              273.1145019531250000
1915.0438              273.7220458984375000
1915.1288              274.0044860839843750
1915.2054              273.7543334960937500
1915.2904              273.2339172363281250
1915.3726              272.8564147949218750
1915.4575              272.6571044921875000
1915.5397              272.5334167480468750
1915.6246              272.5317993164062500
1915.7096              272.5312500000000000
1915.7917              272.5729064941406250
1915.8767              272.6884155273437500
1915.9589              272.8125610351562500
1916.0437              273.4394836425781250
1916.1284              273.7891540527343750
1916.2076              273.6333312988281250
1916.2924              273.1598510742187500
1916.3743              272.8663024902343750
1916.4590              272.6746826171875000
1916.5410              272.6206665039062500
1916.6257              272.6682434082031250
1916.7103              272.7293090820312500
1916.7924              272.7312622070312500
1916.8771              272.6580810546875000
1916.9590              272.8591003417968750
1917.0438              273.5094299316406250
1917.1288              273.7956848144531250
1917.2054              273.6997985839843750
1917.2904              273.3721313476562500
1917.3726              272.9754028320312500
1917.4575              272.7557983398437500
1917.5397              272.6734008789062500
1917.6246              272.6978759765625000
1917.7096              272.7021179199218750
1917.7917              272.6739807128906250
1917.8767              272.6562194824218750
1917.9589              273.0068969726562500
1918.0438              273.6751708984375000
1918.1288              273.9691772460937500
1918.2054              273.7447814941406250
1918.2904              273.2835388183593750
1918.3726              272.8997802734375000
1918.4575              272.7342834472656250
1918.5397              272.6614990234375000
1918.6246              272.6243896484375000
1918.7096              272.6311950683593750
1918.7917              272.6498413085937500
1918.8767              272.6364135742187500
1918.9589              273.0487976074218750
1919.0438              273.7492370605468750
1919.1288              274.0403442382812500
1919.2054              273.8157043457031250
1919.2904              273.1715087890625000
1919.3726              272.7599792480468750
1919.4575              272.7147216796875000
1919.5397              272.7134399414062500
1919.6246              272.7166748046875000
1919.7096              272.7436218261718750
1919.7917              272.7410278320312500
1919.8767              272.6504516601562500
1919.9589              273.0178222656250000
1920.0437              273.5501708984375000
1920.1284              273.8869018554687500
1920.2076              273.6700439453125000
1920.2924              273.2023315429687500
1920.3743              272.8512573242187500
1920.4590              272.6683044433593750
1920.5410              272.7398681640625000
1920.6257              272.7183227539062500
1920.7103              272.6003723144531250
1920.7924              272.5090332031250000
1920.8771              272.4975280761718750
1920.9590              272.7947387695312500
1921.0438              273.5367736816406250
1921.1288              274.0486450195312500
1921.2054              273.8434753417968750
1921.2904              273.3793334960937500
1921.3726              272.9479064941406250
1921.4575              272.6743774414062500
1921.5397              272.5362243652343750
1921.6246              272.4477233886718750
1921.7096              272.4812927246093750
1921.7917              272.5523986816406250
1921.8767              272.6099548339843750
1921.9589              272.8024597167968750
1922.0438              273.3165588378906250
1922.1288              273.4454650878906250
1922.2054              273.2421569824218750
1922.2904              272.8367004394531250
1922.3726              272.5938720703125000
1922.4575              272.4273376464843750
1922.5397              272.4129943847656250
1922.6246              272.4488220214843750
1922.7096              272.4654846191406250
1922.7917              272.5690917968750000
1922.8767              272.4812316894531250
1922.9589              272.8628845214843750
1923.0438              273.5790405273437500
1923.1288              274.0574035644531250
1923.2054              273.5925598144531250
1923.2904              273.0825195312500000
1923.3726              272.7893981933593750
1923.4575              272.6561584472656250
1923.5397              272.6195678710937500
1923.6246              272.6790161132812500
1923.7096              272.7017517089843750
1923.7917              272.7024841308593750
1923.8767              272.7099609375000000
1923.9589              273.0294799804687500
1924.0437              273.6984558105468750
1924.1284              274.0632324218750000
1924.2076              273.6765136718750000
1924.2924              273.2311706542968750
1924.3743              272.8569946289062500
1924.4590              272.7324218750000000
1924.5410              272.6607360839843750
1924.6257              272.6634216308593750
1924.7103              272.7303771972656250
1924.7924              272.7325744628906250
1924.8771              272.6291198730468750
1924.9590              272.7843017578125000
1925.0438              273.4179992675781250
1925.1288              273.8086853027343750
1925.2054              273.6093444824218750
1925.2904              273.1084594726562500
1925.3726              272.8257141113281250
1925.4575              272.6947631835937500
1925.5397              272.6551208496093750
1925.6246              272.6537170410156250
1925.7096              272.6722412109375000
1925.7917              272.6489257812500000
1925.8767              272.5765991210937500
1925.9589              273.0114135742187500
1926.0438              273.5900878906250000
1926.1288              273.8694458007812500
1926.2054              273.6976928710937500
1926.2904              273.0874938964843750
1926.3726              272.7960815429687500
1926.4575              272.7289428710937500
1926.5397              272.7572937011718750
1926.6246              272.7529602050781250
1926.7096              272.6950073242187500
1926.7917              272.6959533691406250
1926.8767              272.6347351074218750
1926.9589              272.6758422851562500
1927.0438              273.2999267578125000
1927.1288              273.5720825195312500
1927.2054              273.5688781738281250
1927.2904              273.1920166015625000
1927.3726              272.7981262207031250
1927.4575              272.5982971191406250
1927.5397              272.5566406250000000
1927.6246              272.5829467773437500
1927.7096              272.6376953125000000
1927.7917              272.5393676757812500
1927.8767              272.5727844238281250
1927.9589              272.7312011718750000
1928.0437              273.3386535644531250
1928.1284              273.6726684570312500
1928.2076              273.4916687011718750
1928.2924              273.0354309082031250
1928.3743              272.7338867187500000
1928.4590              272.5138244628906250
1928.5410              272.4599304199218750
1928.6257              272.5080871582031250
1928.7103              272.5011901855468750
1928.7924              272.5421752929687500
1928.8771              272.5645446777343750
1928.9590              272.6669616699218750
1929.0438              273.2923889160156250
1929.1288              273.5678710937500000
1929.2054              273.3374633789062500
1929.2904              272.9941406250000000
1929.3726              272.7075195312500000
1929.4575              272.5571899414062500
1929.5397              272.5071105957031250
1929.6246              272.5730895996093750
1929.7096              272.5993652343750000
1929.7917              272.6237792968750000
1929.8767              272.6147766113281250
1929.9589              273.0168457031250000
1930.0438              273.7146301269531250
1930.1288              273.9671630859375000
1930.2054              273.7691955566406250
1930.2904              273.2700500488281250
1930.3726              272.9285583496093750
1930.4575              272.7564392089843750
1930.5397              272.7658996582031250
1930.6246              272.7779541015625000
1930.7096              272.7344055175781250
1930.7917              272.7093505859375000
1930.8767              272.7173461914062500
1930.9589              273.3219604492187500
1931.0438              273.8164367675781250
1931.1288              274.1693420410156250
1931.2054              273.7890625000000000
1931.2904              273.2940063476562500
1931.3726              272.9216918945312500
1931.4575              272.7216796875000000
1931.5397              272.6828002929687500
1931.6246              272.6782531738281250
1931.7096              272.6938171386718750
1931.7917              272.6333007812500000
1931.8767              272.6032104492187500
1931.9589              273.0498962402343750
1932.0437              273.5838012695312500
1932.1284              273.8927612304687500
1932.2076              273.6986389160156250
1932.2924              273.1639099121093750
1932.3743              272.8107910156250000
1932.4590              272.6600646972656250
1932.5410              272.7408447265625000
1932.6257              272.7293701171875000
1932.7103              272.7643432617187500
1932.7924              272.7375183105468750
1932.8771              272.7079772949218750
1932.9590              273.1505126953125000
1933.0438              273.7716674804687500
1933.1288              274.1015319824218750
1933.2054              273.8493957519531250
1933.2904              273.2998352050781250
1933.3726              272.8973999023437500
1933.4575              272.7200927734375000
1933.5397              272.6942138671875000
1933.6246              272.7084045410156250
1933.7096              272.7351684570312500
1933.7917              272.6980285644531250
1933.8767              272.6242980957031250
1933.9589              273.0637512207031250
1934.0438              273.6973876953125000
1934.1288              274.0128479003906250
1934.2054              273.8680419921875000
1934.2904              273.3756103515625000
1934.3726              272.9049987792968750
1934.4575              272.6837768554687500
1934.5397              272.6820983886718750
1934.6246              272.6347045898437500
1934.7096              272.7244567871093750
1934.7917              272.6713256835937500
1934.8767              272.5998535156250000
1934.9589              272.8577575683593750
1935.0438              273.4000244140625000
1935.1288              273.7037048339843750
1935.2054              273.5261840820312500
1935.2904              273.0554504394531250
1935.3726              272.7542724609375000
1935.4575              272.6208190917968750
1935.5397              272.6351318359375000
1935.6246              272.6134643554687500
1935.7096              272.6455993652343750
1935.7917              272.6918029785156250
1935.8767              272.5964355468750000
1935.9589              272.7808532714843750
1936.0437              273.3531188964843750
1936.1284              273.5977783203125000
1936.2076              273.4634399414062500
1936.2924              273.1399841308593750
1936.3743              272.8502197265625000
1936.4590              272.6949157714843750
1936.5410              272.5502319335937500
1936.6257              272.4606933593750000
1936.7103              272.3292846679687500
1936.7924              272.3981018066406250
1936.8771              272.5341796875000000
1936.9590              272.6246337890625000
1937.0438              272.9108276367187500
1937.1288              273.2971801757812500
1937.2054              273.0943603515625000
1937.2904              272.8950805664062500
1937.3726              272.7162475585937500
1937.4575              272.5651245117187500
1937.5397              272.4527282714843750
1937.6246              272.3446044921875000
1937.7096              272.3702392578125000
1937.7917              272.5064086914062500
1937.8767              272.6039428710937500
1937.9589              272.9111328125000000
1938.0438              273.5511474609375000
1938.1288              273.7236633300781250
1938.2054              273.5991821289062500
1938.2904              273.1527709960937500
1938.3726              272.8339538574218750
1938.4575              272.6726989746093750
1938.5397              272.6714782714843750
1938.6246              272.7307739257812500
1938.7096              272.7475891113281250
1938.7917              272.7614440917968750
1938.8767              272.7585754394531250
1938.9589              273.0008544921875000
1939.0438              273.5822448730468750
1939.1288              273.9412841796875000
1939.2054              273.7664794921875000
1939.2904              273.2857971191406250
1939.3726              272.9144287109375000
1939.4575              272.6791687011718750
1939.5397              272.6545715332031250
1939.6246              272.7617187500000000
1939.7096              272.8550415039062500
1939.7917              272.8669128417968750
1939.8767              272.7425537109375000
1939.9589              273.2048034667968750
1940.0437              273.7356872558593750
1940.1284              274.0697326660156250
1940.2076              273.9125061035156250
1940.2924              273.2945861816406250
1940.3743              272.8917541503906250
1940.4590              272.6460876464843750
1940.5410              272.5217590332031250
1940.6257              272.6265258789062500
1940.7103              272.7950439453125000
1940.7924              272.9229431152343750
1940.8771              272.8139343261718750
1940.9590              273.2204284667968750
1941.0438              273.8602600097656250
1941.1288              274.1330566406250000
1941.2054              273.8373718261718750
1941.2904              273.2845153808593750
1941.3726              272.9370727539062500
1941.4575              272.7268981933593750
1941.5397              272.6816101074218750
1941.6246              272.7103576660156250
1941.7096              272.7078247070312500
1941.7917              272.8174438476562500
1941.8767              272.7540588378906250
1941.9589              273.1044921875000000
1942.0438              273.7279663085937500
1942.1288              274.0641784667968750
1942.2054              273.9570617675781250
1942.2904              273.4267272949218750
1942.3726              272.9598999023437500
1942.4575              272.7025756835937500
1942.5397              272.5720214843750000
1942.6246              272.5434570312500000
1942.7096              272.5972900390625000
1942.7917              272.6621093750000000
1942.8767              272.5251159667968750
1942.9589              272.8235473632812500
1943.0438              273.3627624511718750
1943.1288              273.6977539062500000
1943.2054              273.4951782226562500
1943.2904              273.0502319335937500
1943.3726              272.7528686523437500
1943.4575              272.5243530273437500
1943.5397              272.4819030761718750
1943.6246              272.6102905273437500
1943.7096              272.8381042480468750
1943.7917              272.8196716308593750
1943.8767              272.7268981933593750
1943.9589              273.2308349609375000
1944.0437              273.7267456054687500
1944.1284              274.0491943359375000
1944.2076              273.8236083984375000
1944.2924              273.3280029296875000
1944.3743              272.9660644531250000
1944.4590              272.7223815917968750
1944.5410              272.6188964843750000
1944.6257              272.6480407714843750
1944.7103              272.7364196777343750
1944.7924              272.7702636718750000
1944.8771              272.6325683593750000
1944.9590              272.8852539062500000
1945.0438              273.3813781738281250
1945.1288              273.5484619140625000
1945.2054              273.6226196289062500
1945.2904              273.2630004882812500
1945.3726              272.9667663574218750
1945.4575              272.7285766601562500
1945.5397              272.5912475585937500
1945.6246              272.5684814453125000
1945.7096              272.6264343261718750
1945.7917              272.6664123535156250
1945.8767              272.6129150390625000
1945.9589              272.8547058105468750
1946.0438              273.4264526367187500
1946.1288              273.7261047363281250
1946.2054              273.6673583984375000
1946.2904              273.2779235839843750
1946.3726              272.9191589355468750
1946.4575              272.6946105957031250
1946.5397              272.5008239746093750
1946.6246              272.3573303222656250
1946.7096              272.2945251464843750
1946.7917              272.2975158691406250
1946.8767              272.3334045410156250
1946.9589              272.5435180664062500
1947.0438              273.1932373046875000
1947.1288              273.5792846679687500
1947.2054              273.4485168457031250
1947.2904              273.0231018066406250
1947.3726              272.7312927246093750
1947.4575              272.5441284179687500
1947.5397              272.4434814453125000
1947.6246              272.4396057128906250
1947.7096              272.5482177734375000
1947.7917              272.7522277832031250
1947.8767              272.7498168945312500
1947.9589              273.1010742187500000
1948.0437              273.8547668457031250
1948.1284              274.1603088378906250
1948.2076              273.8681030273437500
1948.2924              273.4160156250000000
1948.3743              272.9898986816406250
1948.4590              272.7781066894531250
1948.5410              272.7668762207031250
1948.6257              272.7912902832031250
1948.7103              272.8521118164062500
1948.7924              272.8795776367187500
1948.8771              272.8233032226562500
1948.9590              273.2043457031250000
1949.0438              273.8302917480468750
1949.1288              274.0373840332031250
1949.2054              273.6510620117187500
1949.2904              273.1088867187500000
1949.3726              272.8484191894531250
1949.4575              272.8066101074218750
1949.5397              272.7803039550781250
1949.6246              272.8166503906250000
1949.7096              272.8409118652343750
1949.7917              272.8794250488281250
1949.8767              272.8780212402343750
1949.9589              272.9134521484375000
1950.0438              273.3976745605468750
1950.1288              273.6816101074218750
1950.2054              273.6184997558593750
1950.2904              273.2374572753906250
1950.3726              272.8732604980468750
1950.4575              272.6243286132812500
1950.5397              272.5487670898437500
1950.6246              272.6899414062500000
1950.7096              272.6834716796875000
1950.7917              272.7522277832031250
1950.8767              272.6839294433593750
1950.9589              273.0826416015625000
1951.0438              273.6200561523437500
1951.1288              273.9119567871093750
1951.2054              273.7113952636718750
1951.2904              273.3295288085937500
1951.3726              272.9239807128906250
1951.4575              272.7092590332031250
1951.5397              272.6201171875000000
1951.6246              272.7248840332031250
1951.7096              272.8641967773437500
1951.7917              272.8680114746093750
1951.8767              272.7828674316406250
1951.9589              273.0416259765625000
1952.0437              273.4497680664062500
1952.1284              273.7079772949218750
1952.2076              273.6426086425781250
1952.2924              273.3762207031250000
1952.3743              272.9988708496093750
1952.4590              272.7443542480468750
1952.5410              272.5453491210937500
1952.6257              272.4738464355468750
1952.7103              272.4877624511718750
1952.7924              272.6356811523437500
1952.8771              272.6429748535156250
1952.9590              273.0802612304687500
1953.0438              273.7150268554687500
1953.1288              274.1111755371093750
1953.2054              273.9649963378906250
1953.2904              273.5195922851562500
1953.3726              273.0946044921875000
1953.4575              272.7997436523437500
1953.5397              272.6390075683593750
1953.6246              272.6162109375000000
1953.7096              272.6974487304687500
1953.7917              272.7503662109375000
1953.8767              272.7422180175781250
1953.9589              273.0086975097656250
1954.0438              273.5145568847656250
1954.1288              273.7982482910156250
1954.2054              273.5904846191406250
1954.2904              273.0611267089843750
1954.3726              272.7672729492187500
1954.4575              272.6885681152343750
1954.5397              272.7020263671875000
1954.6246              272.6892089843750000
1954.7096              272.7212219238281250
1954.7917              272.7970886230468750
1954.8767              272.6887817382812500
1954.9589              272.7882385253906250
1955.0438              273.4391479492187500
1955.1288              273.8179931640625000
1955.2054              273.6858825683593750
1955.2904              273.2631835937500000
1955.3726              272.8659973144531250
1955.4575              272.6623535156250000
1955.5397              272.5380249023437500
1955.6246              272.5259704589843750
1955.7096              272.6349487304687500
1955.7917              272.7534484863281250
1955.8767              272.6967163085937500
1955.9589              273.0484619140625000
1956.0437              273.7133789062500000
1956.1284              274.0035705566406250
1956.2076              273.8274841308593750
1956.2924              273.2164001464843750
1956.3743              272.8323974609375000
1956.4590              272.5848693847656250
1956.5410              272.5383605957031250
1956.6257              272.6585998535156250
1956.7103              272.7042846679687500
1956.7924              272.8408813476562500
1956.8771              272.7936401367187500
1956.9590              272.8789978027343750
1957.0438              273.4607849121093750
1957.1288              273.7815246582031250
1957.2054              273.6086120605468750
1957.2904              273.0762939453125000
1957.3726              272.8063659667968750
1957.4575              272.6536865234375000
1957.5397              272.6342773437500000
1957.6246              272.7261352539062500
1957.7096              272.7096862792968750
1957.7917              272.6584472656250000
1957.8767              272.7286071777343750
1957.9589              273.1783447265625000
1958.0438              273.8186950683593750
1958.1288              274.0756835937500000
1958.2054              273.8503112792968750
1958.2904              273.2121276855468750
1958.3726              272.8544921875000000
1958.4575              272.6694030761718750
1958.5397              272.5809326171875000
1958.6246              272.6336059570312500
1958.7096              272.7491760253906250
1958.7917              272.7571716308593750
1958.8767              272.7444763183593750
1958.9589              272.9525756835937500
1959.0438              273.5170898437500000
1959.1288              273.8614196777343750
1959.2054              273.6872253417968750
1959.2904              273.2230529785156250
1959.3726              272.8903198242187500
1959.4575              272.7417297363281250
1959.5397              272.6980895996093750
1959.6246              272.7255249023437500
1959.7096              272.6922607421875000
1959.7917              272.7796936035156250
1959.8767              272.8048706054687500
1959.9589              273.1783752441406250
1960.0437              273.8992919921875000
1960.1284              274.1185607910156250
1960.2076              273.8700256347656250
1960.2924              273.2995910644531250
1960.3743              272.9054870605468750
1960.4590              272.7019348144531250
1960.5410              272.6222839355468750
1960.6257              272.7916870117187500
1960.7103              272.7786560058593750
1960.7924              272.8113098144531250
1960.8771              272.9083557128906250
1960.9590              273.5502319335937500
1961.0438              274.2091674804687500
1961.1288              274.4140319824218750
1961.2054              274.2445068359375000
1961.2904              273.6834716796875000
1961.3726              273.2255859375000000
1961.4575              272.8754272460937500
1961.5397              272.7676696777343750
1961.6246              272.8480529785156250
1961.7096              272.8662109375000000
1961.7917              272.9150390625000000
1961.8767              272.8529357910156250
1961.9589              273.1692504882812500
1962.0438              273.8254394531250000
1962.1288              274.1712341308593750
1962.2054              274.0139160156250000
1962.2904              273.5593566894531250
1962.3726              273.0493774414062500
1962.4575              272.7650756835937500
1962.5397              272.7082519531250000
1962.6246              272.7070007324218750
1962.7096              272.7654418945312500
1962.7917              272.7266540527343750
1962.8767              272.6344909667968750
1962.9589              272.9929809570312500
1963.0438              273.5044250488281250
1963.1288              273.8367614746093750
1963.2054              273.6117553710937500
1963.2904              273.1044311523437500
1963.3726              272.7794189453125000
1963.4575              272.6686706542968750
1963.5397              272.6638488769531250
1963.6246              272.7478332519531250
1963.7096              272.8489685058593750
1963.7917              272.8860473632812500
1963.8767              272.8638305664062500
1963.9589              273.2953796386718750
1964.0437              273.7910156250000000
1964.1284              274.2597961425781250
1964.2076              274.0817871093750000
1964.2924              273.5048217773437500
1964.3743              273.0429382324218750
1964.4590              272.8190307617187500
1964.5410              272.8071594238281250
1964.6257              272.7414855957031250
1964.7103              272.7778625488281250
1964.7924              272.8147277832031250
1964.8771              272.7682495117187500
1964.9590              273.2306213378906250
1965.0438              273.8377685546875000
1965.1288              274.0397949218750000
1965.2054              273.8005371093750000
1965.2904              273.2779846191406250
1965.3726              272.9138793945312500
1965.4575              272.7654418945312500
1965.5397              272.7394104003906250
1965.6246              272.7979736328125000
1965.7096              272.9077758789062500
1965.7917              272.9712829589843750
1965.8767              272.8634338378906250
1965.9589              273.3630371093750000
1966.0438              273.9225463867187500
1966.1288              274.2586669921875000
1966.2054              274.0274963378906250
1966.2904              273.5368347167968750
1966.3726              273.0109252929687500
1966.4575              272.7734680175781250
1966.5397              272.5969238281250000
1966.6246              272.5421752929687500
1966.7096              272.4802246093750000
1966.7917              272.4897155761718750
1966.8767              272.5538024902343750
1966.9589              273.0381164550781250
1967.0438              273.7052001953125000
1967.1288              273.9798889160156250
1967.2054              273.7586364746093750
1967.2904              273.3757324218750000
1967.3726              273.0141296386718750
1967.4575              272.7626342773437500
1967.5397              272.5768737792968750
1967.6246              272.6093139648437500
1967.7096              272.6989135742187500
1967.7917              272.7562561035156250
1967.8767              272.7917175292968750
1967.9589              273.1560974121093750
1968.0437              273.7122497558593750
1968.1284              273.9443969726562500
1968.2076              273.7745361328125000
1968.2924              273.1874389648437500
1968.3743              272.8367004394531250
1968.4590              272.6637878417968750
1968.5410              272.5928344726562500
1968.6257              272.6724853515625000
1968.7103              272.7628784179687500
1968.7924              272.8117065429687500
1968.8771              272.6779785156250000
1968.9590              273.2699890136718750
1969.0438              273.8828430175781250
1969.1288              274.1650390625000000
1969.2054              274.0294799804687500
1969.2904              273.4626464843750000
1969.3726              273.0393066406250000
1969.4575              272.8283081054687500
1969.5397              272.7953796386718750
1969.6246              272.9076538085937500
1969.7096              272.9393615722656250
1969.7917              272.8692321777343750
1969.8767              272.7693176269531250
1969.9589              273.1347351074218750
1970.0438              273.5981750488281250
1970.1288              273.8376770019531250
1970.2054              273.7314758300781250
1970.2904              273.3185424804687500
1970.3726              272.9519042968750000
1970.4575              272.8142395019531250
1970.5397              272.8286132812500000
1970.6246              272.8409729003906250
1970.7096              272.8598022460937500
1970.7917              272.8426513671875000
1970.8767              272.7830810546875000
1970.9589              273.1461486816406250
1971.0438              273.6693725585937500
1971.1288              273.8569335937500000
1971.2054              273.7828063964843750
1971.2904              273.3000183105468750
1971.3726              272.8929443359375000
1971.4575              272.6473693847656250
1971.5397              272.5866394042968750
1971.6246              272.6269836425781250
1971.7096              272.6799316406250000
1971.7917              272.6723632812500000
1971.8767              272.5659790039062500
1971.9589              272.8354797363281250
1972.0437              273.4601745605468750
1972.1284              273.7612609863281250
1972.2076              273.6609802246093750
1972.2924              273.1719055175781250
1972.3743              272.8100280761718750
1972.4590              272.6440734863281250
1972.5410              272.5688476562500000
1972.6257              272.6414184570312500
1972.7103              272.7029113769531250
1972.7924              272.7538146972656250
1972.8771              272.7178344726562500
1972.9590              272.9031982421875000
1973.0438              273.6714172363281250
1973.1288              274.0545654296875000
1973.2054              273.8921813964843750
1973.2904              273.3666381835937500
1973.3726              272.9572753906250000
1973.4575              272.7979431152343750
1973.5397              272.8253784179687500
1973.6246              272.8595581054687500
1973.7096              272.8348693847656250
1973.7917              272.8120117187500000
1973.8767              272.7488098144531250
1973.9589              273.1412658691406250
1974.0438              273.7443542480468750
1974.1288              273.9865722656250000
1974.2054              273.7915344238281250
1974.2904              273.3162841796875000
1974.3726              272.9523315429687500
1974.4575              272.7430419921875000
1974.5397              272.7118835449218750
1974.6246              272.8479919433593750
1974.7096              272.8785400390625000
1974.7917              272.8837890625000000
1974.8767              272.8128051757812500
1974.9589              273.3463134765625000
1975.0438              274.0787048339843750
1975.1288              274.2910156250000000
1975.2054              274.0731506347656250
1975.2904              273.4643859863281250
1975.3726              272.9518737792968750
1975.4575              272.8110656738281250
1975.5397              272.7766418457031250
1975.6246              272.8087768554687500
1975.7096              272.8409423828125000
1975.7917              272.8582153320312500
1975.8767              272.8162536621093750
1975.9589              273.3837280273437500
1976.0437              273.8893432617187500
1976.1284              274.1683044433593750
1976.2076              273.9820251464843750
1976.2924              273.4533996582031250
1976.3743              272.9979858398437500
1976.4590              272.8393859863281250
1976.5410              272.8551025390625000
1976.6257              272.9121093750000000
1976.7103              272.8721618652343750
1976.7924              272.8776245117187500
1976.8771              272.8254089355468750
1976.9590              273.1802978515625000
1977.0438              273.6967773437500000
1977.1288              273.9549560546875000
1977.2054              273.8365783691406250
1977.2904              273.3882446289062500
1977.3726              272.9810485839843750
1977.4575              272.7878417968750000
1977.5397              272.8124389648437500
1977.6246              272.7260742187500000
1977.7096              272.6520690917968750
1977.7917              272.7516479492187500
1977.8767              272.8003234863281250
1977.9589              273.2974853515625000
1978.0438              273.8634643554687500
1978.1288              274.2055053710937500
1978.2054              274.0615844726562500
1978.2904              273.5012817382812500
1978.3726              272.9936523437500000
1978.4575              272.7543945312500000
1978.5397              272.7002563476562500
1978.6246              272.7744445800781250
1978.7096              272.8118591308593750
1978.7917              272.8442687988281250
1978.8767              272.8432617187500000
1978.9589              273.1099243164062500
1979.0438              273.7247314453125000
1979.1288              274.0816650390625000
1979.2054              273.8982238769531250
1979.2904              273.4091186523437500
1979.3726              273.0050354003906250
1979.4575              272.7628173828125000
1979.5397              272.6304626464843750
1979.6246              272.6282043457031250
1979.7096              272.6803588867187500
1979.7917              272.6844787597656250
1979.8767              272.6465454101562500
1979.9589              273.0626831054687500
1980.0437              273.6917724609375000
1980.1284              274.0273742675781250
1980.2076              273.8657531738281250
1980.2924              273.4084472656250000
1980.3743              272.9898376464843750
1980.4590              272.7446899414062500
1980.5410              272.5722656250000000
1980.6257              272.6267395019531250
1980.7103              272.6219177246093750
1980.7924              272.5603942871093750
1980.8771              272.5649108886718750
1980.9590              273.1540222167968750
1981.0438              273.7989196777343750
1981.1288              274.0545959472656250
1981.2054              273.8362426757812500
1981.2904              273.2923278808593750
1981.3726              272.9344787597656250
1981.4575              272.7709655761718750
1981.5397              272.7024536132812500
1981.6246              272.7647705078125000
1981.7096              272.7041320800781250
1981.7917              272.6943664550781250
1981.8767              272.8265686035156250
1981.9589              272.9986267089843750
1982.0438              273.5518493652343750
1982.1288              273.8591613769531250
1982.2054              273.7351379394531250
1982.2904              273.3030700683593750
1982.3726              272.9283752441406250
1982.4575              272.7467346191406250
1982.5397              272.6921997070312500
1982.6246              272.7108154296875000
1982.7096              272.7023315429687500
1982.7917              272.6064453125000000
1982.8767              272.5900268554687500
1982.9589              273.0384826660156250
1983.0438              273.6660156250000000
1983.1288              273.9534301757812500
1983.2054              273.8853454589843750
1983.2904              273.4143371582031250
1983.3726              272.9538879394531250
1983.4575              272.7334899902343750
1983.5397              272.5194702148437500
1983.6246              272.4415283203125000
1983.7096              272.4668273925781250
1983.7917              272.6049499511718750
1983.8767              272.6170654296875000
1983.9589              273.1451110839843750
1984.0437              273.7258605957031250
1984.1284              273.9626159667968750
1984.2076              273.6717224121093750
1984.2924              273.2596740722656250
1984.3743              272.9309692382812500
1984.4590              272.7930908203125000
1984.5410              272.7481079101562500
1984.6257              272.7596740722656250
1984.7103              272.7787780761718750
1984.7924              272.8076782226562500
1984.8771              272.7362060546875000
1984.9590              273.1665649414062500
1985.0438              273.7583618164062500
1985.1288              273.9936828613281250
1985.2054              273.9596252441406250
1985.2904              273.4715270996093750
1985.3726              273.0556030273437500
1985.4575              272.8144836425781250
1985.5397              272.7059020996093750
1985.6246              272.7505493164062500
1985.7096              272.7655639648437500
1985.7917              272.8052368164062500
1985.8767              272.7033996582031250
1985.9589              273.0340270996093750
1986.0438              273.6806335449218750
1986.1288              274.0236816406250000
1986.2054              273.7787780761718750
1986.2904              273.2410888671875000
1986.3726              272.8977661132812500
1986.4575              272.7086181640625000
1986.5397              272.7973022460937500
1986.6246              272.7812805175781250
1986.7096              272.7704467773437500
1986.7917              272.7969970703125000
1986.8767              272.6582946777343750
1986.9589              272.7800292968750000
1987.0438              273.4371032714843750
1987.1288              273.9762268066406250
1987.2054              273.9041442871093750
1987.2904              273.4295654296875000
1987.3726              273.0089416503906250
1987.4575              272.7459106445312500
1987.5397              272.5715942382812500
1987.6246              272.6073608398437500
1987.7096              272.7177429199218750
1987.7917              272.7658996582031250
1987.8767              272.6462707519531250
1987.9589              272.9909057617187500
1988.0437              273.6191711425781250
1988.1284              273.9718933105468750
1988.2076              273.8943176269531250
1988.2924              273.4355163574218750
1988.3743              273.0336608886718750
1988.4590              272.7866821289062500
1988.5410              272.6149902343750000
1988.6257              272.6831359863281250
1988.7103              272.7560424804687500
1988.7924              272.9045410156250000
1988.8771              272.8208312988281250
1988.9590              272.8053283691406250
1989.0438              273.0269470214843750
1989.1288              273.3822631835937500
1989.2054              273.3829345703125000
1989.2904              273.1981506347656250
1989.3726              272.9625244140625000
1989.4575              272.8124389648437500
1989.5397              272.6474304199218750
1989.6246              272.5926513671875000
1989.7096              272.6808776855468750
1989.7917              272.8997192382812500
1989.8767              272.7948608398437500
1989.9589              273.1747436523437500
1990.0438              273.7310485839843750
1990.1288              273.9811401367187500
1990.2054              273.8094482421875000
1990.2904              273.3558654785156250
1990.3726              272.9927978515625000
1990.4575              272.9456481933593750
1990.5397              272.9475097656250000
1990.6246              272.9812622070312500
1990.7096              272.9873046875000000
1990.7917              272.9986267089843750
1990.8767              272.9122924804687500
1990.9589              273.3729248046875000
1991.0438              273.8924560546875000
1991.1288              274.1105346679687500
1991.2054              273.8688049316406250
1991.2904              273.4604797363281250
1991.3726              273.0486145019531250
1991.4575              272.8321228027343750
1991.5397              272.6763000488281250
1991.6246              272.6123352050781250
1991.7096              272.7479858398437500
1991.7917              272.7764892578125000
1991.8767              272.7231140136718750
1991.9589              273.1307983398437500
1992.0437              273.7902221679687500
1992.1284              274.0832824707031250
1992.2076              273.9765319824218750
1992.2924              273.5043334960937500
1992.3743              273.1185913085937500
1992.4590              272.8359985351562500
1992.5410              272.6427001953125000
1992.6257              272.6838684082031250
1992.7103              272.8319702148437500
1992.7924              272.7463684082031250
1992.8771              272.7050781250000000
1992.9590              273.0852966308593750
1993.0438              273.6704711914062500
1993.1288              273.8500061035156250
1993.2054              273.6695251464843750
1993.2904              273.2485656738281250
1993.3726              272.8945922851562500
1993.4575              272.6926879882812500
1993.5397              272.5983886718750000
1993.6246              272.5710449218750000
1993.7096              272.6152343750000000
1993.7917              272.6441955566406250
1993.8767              272.5874023437500000
1993.9589              272.6679382324218750
1994.0438              273.1431579589843750
1994.1288              273.4544982910156250
1994.2054              273.2722167968750000
1994.2904              272.9283752441406250
1994.3726              272.7341613769531250
1994.4575              272.5859680175781250
1994.5397              272.5425720214843750
1994.6246              272.5164794921875000
1994.7096              272.6695556640625000
1994.7917              272.7060852050781250
1994.8767              272.6826477050781250
1994.9589              273.1122131347656250
1995.0438              273.5867614746093750
1995.1288              273.8955078125000000
1995.2054              273.6973876953125000
1995.2904              273.3309020996093750
1995.3726              273.0374145507812500
1995.4575              272.8065185546875000
1995.5397              272.6234130859375000
1995.6246              272.6431884765625000
1995.7096              272.7337646484375000
1995.7917              272.8873901367187500
1995.8767              272.8892211914062500
1995.9589              273.0354614257812500
1996.0437              273.6507263183593750
1996.1284              273.9007568359375000
1996.2076              273.6911010742187500
1996.2924              273.3605346679687500
1996.3743              273.0048522949218750
1996.4590              272.8070373535156250
1996.5410              272.7175903320312500
1996.6257              272.7209777832031250
1996.7103              272.8133544921875000
1996.7924              272.9028015136718750
1996.8771              272.8005981445312500
1996.9590              273.1401977539062500
1997.0438              273.6875915527343750
1997.1288              273.9901428222656250
1997.2054              273.8376464843750000
1997.2904              273.4021911621093750
1997.3726              273.1016540527343750
1997.4575              272.8653259277343750
1997.5397              272.7071228027343750
1997.6246              272.6035766601562500
1997.7096              272.5035400390625000
1997.7917              272.6143188476562500
1997.8767              272.8382263183593750
1997.9589              273.1508178710937500
1998.0438              273.8332214355468750
1998.1288              274.0272216796875000
1998.2054              273.8445739746093750
1998.2904              273.4408569335937500
1998.3726              273.0359497070312500
1998.4575              272.7801208496093750
1998.5397              272.6036376953125000
1998.6246              272.7008361816406250
1998.7096              272.7103881835937500
1998.7917              272.6401062011718750
1998.8767              272.5750427246093750
1998.9589              273.0852355957031250
1999.0438              273.7023620605468750
1999.1288              274.0068664550781250
1999.2054              273.8461303710937500
1999.2904              273.5411376953125000
1999.3726              273.1212158203125000
1999.4575              272.8685302734375000
1999.5397              272.7607116699218750
1999.6246              272.8295898437500000
1999.7096              272.8309326171875000
1999.7917              272.8838806152343750
1999.8767              272.7498779296875000
1999.9589              272.9908752441406250
2000.0437              273.5374755859375000
2000.1284              273.8277893066406250
2000.2076              273.7244567871093750
2000.2924              273.2191772460937500
2000.3743              272.8816833496093750
2000.4590              272.6709289550781250
2000.5410              272.6626892089843750
2000.6257              272.7102661132812500
2000.7103              272.6598510742187500
2000.7924              272.6497497558593750
2000.8771              272.6838989257812500
2000.9590              273.3858032226562500
