1850.0438              275.7500305175781250
1850.1260              275.8760681152343750
1850.2054              275.9555358886718750
1850.2904              275.3777160644531250
1850.3726              274.5058593750000000
1850.4575              273.7183227539062500
1850.5397              273.5301513671875000
1850.6246              273.4137573242187500
1850.7096              273.3015441894531250
1850.7917              273.3430480957031250
1850.8767              273.8398437500000000
1850.9589              274.7453918457031250
1851.0438              275.5552368164062500
1851.1260              275.9535827636718750
1851.2054              275.8606872558593750
1851.2904              275.1210937500000000
1851.3726              274.2315979003906250
1851.4575              273.5966491699218750
1851.5397              273.4353332519531250
1851.6246              273.2565002441406250
1851.7096              273.2075805664062500
1851.7917              273.3096923828125000
1851.8767              273.6230163574218750
1851.9589              274.3488769531250000
1852.0437              275.1998901367187500
1852.1257              275.6121520996093750
1852.2076              275.5241699218750000
1852.2924              274.9739074707031250
1852.3743              274.0244140625000000
1852.4590              273.1691589355468750
1852.5410              272.6714782714843750
1852.6257              272.8382873535156250
1852.7103              272.7572631835937500
1852.7924              272.5770874023437500
1852.8771              272.5711364746093750
1852.9590              273.4992675781250000
1853.0438              274.3761291503906250
1853.1260              274.8321838378906250
1853.2054              274.8532104492187500
1853.2904              274.2687377929687500
1853.3726              273.3933715820312500
1853.4575              272.3307189941406250
1853.5397              271.8363647460937500
1853.6246              271.4977722167968750
1853.7096              271.3106689453125000
1853.7917              271.2977294921875000
1853.8767              271.6012878417968750
1853.9589              272.6593017578125000
1854.0438              273.6528015136718750
1854.1260              274.2332153320312500
1854.2054              274.3010253906250000
1854.2904              273.7069091796875000
1854.3726              272.7966613769531250
1854.4575              271.7725830078125000
1854.5397              271.3223266601562500
1854.6246              271.3368530273437500
1854.7096              271.2979125976562500
1854.7917              271.3003234863281250
1854.8767              271.4996643066406250
1854.9589              272.4709777832031250
1855.0438              273.4516296386718750
1855.1260              274.0947265625000000
1855.2054              274.0406188964843750
1855.2904              273.3068237304687500
1855.3726              272.4460449218750000
1855.4575              271.7704162597656250
1855.5397              271.4034118652343750
1855.6246              271.2973632812500000
1855.7096              271.3064880371093750
1855.7917              271.2950439453125000
1855.8767              271.6347045898437500
1855.9589              272.8107604980468750
1856.0437              273.8581237792968750
1856.1257              274.3255004882812500
1856.2076              274.4358520507812500
1856.2924              273.6922302246093750
1856.3743              272.7607727050781250
1856.4590              271.9494018554687500
1856.5410              272.0665588378906250
1856.6257              272.8520507812500000
1856.7103              273.3328247070312500
1856.7924              273.4600219726562500
1856.8771              273.6987915039062500
1856.9590              274.3768615722656250
1857.0438              275.2388000488281250
1857.1260              275.7505187988281250
1857.2054              275.5285949707031250
1857.2904              274.9028930664062500
1857.3726              273.8435668945312500
1857.4575              273.1317138671875000
1857.5397              273.3431701660156250
1857.6246              273.4698486328125000
1857.7096              273.4948120117187500
1857.7917              273.5087280273437500
1857.8767              273.7149658203125000
1857.9589              274.5619506835937500
1858.0438              275.5484619140625000
1858.1260              276.0054931640625000
1858.2054              275.8559875488281250
1858.2904              274.9569396972656250
1858.3726              274.0591430664062500
1858.4575              273.3836059570312500
1858.5397              273.3916931152343750
1858.6246              273.4782104492187500
1858.7096              273.4739685058593750
1858.7917              273.5199890136718750
1858.8767              273.8619689941406250
1858.9589              274.6506652832031250
1859.0438              275.4463806152343750
1859.1260              275.8879089355468750
1859.2054              275.7054138183593750
1859.2904              275.0061645507812500
1859.3726              274.0279541015625000
1859.4575              273.3024291992187500
1859.5397              273.4043273925781250
1859.6246              273.4653930664062500
1859.7096              273.4998168945312500
1859.7917              273.5126647949218750
1859.8767              273.7494812011718750
1859.9589              274.6055603027343750
1860.0437              275.4205627441406250
1860.1257              275.9552612304687500
1860.2076              275.7297058105468750
1860.2924              274.9254150390625000
1860.3743              273.9913635253906250
1860.4590              273.3453369140625000
1860.5410              273.2569274902343750
1860.6257              273.4477233886718750
1860.7103              273.4772949218750000
1860.7924              273.4861450195312500
1860.8771              273.7923583984375000
1860.9590              274.6000061035156250
1861.0438              275.3794555664062500
1861.1260              275.7576904296875000
1861.2054              275.4994812011718750
1861.2904              274.9196472167968750
1861.3726              274.0545654296875000
1861.4575              273.2313232421875000
1861.5397              273.0020141601562500
1861.6246              273.3649597167968750
1861.7096              273.4736938476562500
1861.7917              273.5010375976562500
1861.8767              273.7718811035156250
1861.9589              274.6347656250000000
1862.0438              275.4390869140625000
1862.1260              275.9225769042968750
1862.2054              275.9291076660156250
1862.2904              275.0473022460937500
1862.3726              274.1224365234375000
1862.4575              273.4745178222656250
1862.5397              273.3499755859375000
1862.6246              273.4336547851562500
1862.7096              273.4805297851562500
1862.7917              273.4941711425781250
1862.8767              273.7055358886718750
1862.9589              274.6051940917968750
1863.0438              275.3952941894531250
1863.1260              275.7097473144531250
1863.2054              275.7354736328125000
1863.2904              275.0431213378906250
1863.3726              274.1651306152343750
1863.4575              273.5283813476562500
1863.5397              273.3766784667968750
1863.6246              273.3523254394531250
1863.7096              273.4313049316406250
1863.7917              273.4809570312500000
1863.8767              273.8329772949218750
1863.9589              274.7360839843750000
1864.0437              275.5014648437500000
1864.1257              275.9104309082031250
1864.2076              276.0599365234375000
1864.2924              275.4511108398437500
1864.3743              274.5369567871093750
1864.4590              273.6778564453125000
1864.5410              273.4028015136718750
1864.6257              273.2889404296875000
1864.7103              273.4308166503906250
1864.7924              273.4785766601562500
1864.8771              273.7087402343750000
1864.9590              274.4779052734375000
1865.0438              275.2275695800781250
1865.1260              275.5980529785156250
1865.2054              275.5523986816406250
1865.2904              274.9281921386718750
1865.3726              273.9731445312500000
1865.4575              273.1579589843750000
1865.5397              273.1660461425781250
1865.6246              273.3998107910156250
1865.7096              273.4447021484375000
1865.7917              273.4512939453125000
1865.8767              273.6932067871093750
1865.9589              274.5769348144531250
1866.0438              275.4983520507812500
1866.1260              276.0354919433593750
1866.2054              275.9153137207031250
1866.2904              275.1168518066406250
1866.3726              274.2385864257812500
1866.4575              273.3072204589843750
1866.5397              273.0726318359375000
1866.6246              273.2168273925781250
1866.7096              273.3598327636718750
1866.7917              273.3711853027343750
1866.8767              273.6416931152343750
1866.9589              274.4668884277343750
1867.0438              275.2119445800781250
1867.1260              275.5201416015625000
1867.2054              275.3844909667968750
1867.2904              274.6517333984375000
1867.3726              273.8325195312500000
1867.4575              272.9849853515625000
1867.5397              273.0783386230468750
1867.6246              273.1620788574218750
1867.7096              273.1945495605468750
1867.7917              273.2431945800781250
1867.8767              273.5023803710937500
1867.9589              274.2921142578125000
1868.0437              274.9379272460937500
1868.1257              275.3144836425781250
1868.2076              275.1919250488281250
1868.2924              274.4980773925781250
1868.3743              273.6206665039062500
1868.4590              272.8751220703125000
1868.5410              273.1796569824218750
1868.6257              273.2281494140625000
1868.7103              273.3079528808593750
1868.7924              273.3203125000000000
1868.8771              273.6136779785156250
1868.9590              274.4718017578125000
1869.0438              275.3590393066406250
1869.1260              275.9199523925781250
1869.2054              276.0534667968750000
1869.2904              275.4052429199218750
1869.3726              274.3959960937500000
1869.4575              273.3457641601562500
1869.5397              273.3920898437500000
1869.6246              273.4726257324218750
1869.7096              273.5284118652343750
1869.7917              273.5040283203125000
1869.8767              273.6900939941406250
1869.9589              274.4704895019531250
1870.0438              275.2449645996093750
1870.1260              275.7417602539062500
1870.2054              275.6415405273437500
1870.2904              274.7513732910156250
1870.3726              273.9572143554687500
1870.4575              273.2184448242187500
1870.5397              273.3881225585937500
1870.6246              273.4841003417968750
1870.7096              273.4981994628906250
1870.7917              273.5144042968750000
1870.8767              273.8593750000000000
1870.9589              274.7557373046875000
1871.0438              275.5158081054687500
1871.1260              275.8112792968750000
1871.2054              275.5830688476562500
1871.2904              274.8393859863281250
1871.3726              274.0177307128906250
1871.4575              273.3442382812500000
1871.5397              273.3298339843750000
1871.6246              273.3883361816406250
1871.7096              273.4177551269531250
1871.7917              273.4312133789062500
1871.8767              273.7922668457031250
1871.9589              274.7129821777343750
1872.0437              275.5242309570312500
1872.1257              276.0006713867187500
1872.2076              275.8692932128906250
1872.2924              275.2578430175781250
1872.3743              274.4129638671875000
1872.4590              273.6064453125000000
1872.5410              273.3166809082031250
1872.6257              273.3521118164062500
1872.7103              273.4323730468750000
1872.7924              273.4749145507812500
1872.8771              273.7858581542968750
1872.9590              274.6812744140625000
1873.0438              275.6049499511718750
1873.1260              276.0236206054687500
1873.2054              275.8849792480468750
1873.2904              275.2559204101562500
1873.3726              274.3522644042968750
1873.4575              273.6030883789062500
1873.5397              273.3307189941406250
1873.6246              273.3649291992187500
1873.7096              273.3989562988281250
1873.7917              273.4310302734375000
1873.8767              273.7255249023437500
1873.9589              274.6130676269531250
1874.0438              275.6098327636718750
1874.1260              275.8558959960937500
1874.2054              275.8398132324218750
1874.2904              275.0896301269531250
1874.3726              274.3727722167968750
1874.4575              273.6630554199218750
1874.5397              273.0799865722656250
1874.6246              273.1271362304687500
1874.7096              273.1473388671875000
1874.7917              273.2608642578125000
1874.8767              273.5590209960937500
1874.9589              274.3740539550781250
1875.0438              275.1493225097656250
1875.1260              275.3870849609375000
1875.2054              275.2431335449218750
1875.2904              274.5448303222656250
1875.3726              273.5970764160156250
1875.4575              272.7451782226562500
1875.5397              272.8118591308593750
1875.6246              273.1719360351562500
1875.7096              273.2618408203125000
1875.7917              273.4132385253906250
1875.8767              273.8400878906250000
1875.9589              274.6631774902343750
1876.0437              275.2760620117187500
1876.1257              275.7559204101562500
1876.2076              275.7155151367187500
1876.2924              275.0154418945312500
1876.3743              274.2722778320312500
1876.4590              273.5428161621093750
1876.5410              273.3297424316406250
1876.6257              273.1938171386718750
1876.7103              273.2246704101562500
1876.7924              273.2878417968750000
1876.8771              273.6195678710937500
1876.9590              274.4988403320312500
1877.0438              275.5591735839843750
1877.1260              276.0207214355468750
1877.2054              275.8598327636718750
1877.2904              275.0046997070312500
1877.3726              274.0477600097656250
1877.4575              273.5259094238281250
1877.5397              273.2844543457031250
1877.6246              273.2447204589843750
1877.7096              273.3031616210937500
1877.7917              273.3604736328125000
1877.8767              273.7810974121093750
1877.9589              274.5175476074218750
1878.0438              275.2841796875000000
1878.1260              275.8183593750000000
1878.2054              275.7743530273437500
1878.2904              274.9867248535156250
1878.3726              274.2810668945312500
1878.4575              273.4289245605468750
1878.5397              273.1528320312500000
1878.6246              273.1545410156250000
1878.7096              273.2679748535156250
1878.7917              273.2786254882812500
1878.8767              273.4367370605468750
1878.9589              274.0751342773437500
1879.0438              274.7381286621093750
1879.1260              275.1340026855468750
1879.2054              274.8801574707031250
1879.2904              274.3240966796875000
1879.3726              273.2929992675781250
1879.4575              272.2820739746093750
1879.5397              271.7554626464843750
1879.6246              271.3591613769531250
1879.7096              271.3041076660156250
1879.7917              271.3059692382812500
1879.8767              271.5298461914062500
1879.9589              272.4924621582031250
1880.0437              273.4830322265625000
1880.1257              274.0940246582031250
1880.2076              274.2581787109375000
1880.2924              273.7149353027343750
1880.3743              272.8995971679687500
1880.4590              271.7577819824218750
1880.5410              271.5277099609375000
1880.6257              271.3599548339843750
1880.7103              271.3023071289062500
1880.7924              271.3205566406250000
1880.8771              271.7015075683593750
1880.9590              272.7025146484375000
1881.0438              273.6322021484375000
1881.1260              274.1585998535156250
1881.2054              274.1986389160156250
1881.2904              273.3853759765625000
1881.3726              272.2841186523437500
1881.4575              271.4795227050781250
1881.5397              271.3511657714843750
1881.6246              271.2934875488281250
1881.7096              271.3009338378906250
1881.7917              271.3138122558593750
1881.8767              271.6186523437500000
1881.9589              272.7922668457031250
1882.0438              273.7029724121093750
1882.1260              274.3185729980468750
1882.2054              274.2745056152343750
1882.2904              273.7531738281250000
1882.3726              272.9177551269531250
1882.4575              272.0247802734375000
1882.5397              271.8463439941406250
1882.6246              271.5019836425781250
1882.7096              271.5400085449218750
1882.7917              271.8011779785156250
1882.8767              272.2782287597656250
1882.9589              273.3354797363281250
1883.0438              274.2796936035156250
1883.1260              274.8161621093750000
1883.2054              274.8265380859375000
1883.2904              274.2041320800781250
1883.3726              273.4022216796875000
1883.4575              272.4540100097656250
1883.5397              271.9813232421875000
1883.6246              272.3784484863281250
1883.7096              272.8838500976562500
1883.7917              273.1186523437500000
1883.8767              273.5419311523437500
1883.9589              274.3128662109375000
1884.0437              275.0070495605468750
1884.1257              275.4418945312500000
1884.2076              275.1877136230468750
1884.2924              274.5584411621093750
1884.3743              273.5989074707031250
1884.4590              273.2004699707031250
1884.5410              273.3107604980468750
1884.6257              273.2668151855468750
1884.7103              273.4314270019531250
1884.7924              273.4651794433593750
1884.8771              273.5932006835937500
1884.9590              274.2716064453125000
1885.0438              275.1511535644531250
1885.1260              275.5412597656250000
1885.2054              275.4071044921875000
1885.2904              274.6009216308593750
1885.3726              273.8623962402343750
1885.4575              273.1287536621093750
1885.5397              273.2625427246093750
1885.6246              273.3314208984375000
1885.7096              273.4698791503906250
1885.7917              273.5025024414062500
1885.8767              273.7165222167968750
1885.9589              274.4834899902343750
1886.0438              275.2267456054687500
1886.1260              275.5599670410156250
1886.2054              275.5366210937500000
1886.2904              274.8463745117187500
1886.3726              273.8905639648437500
1886.4575              273.3403930664062500
1886.5397              273.3829956054687500
1886.6246              273.5232238769531250
1886.7096              273.5380859375000000
1886.7917              273.5461120605468750
1886.8767              273.8643798828125000
1886.9589              274.6587219238281250
1887.0438              275.5763549804687500
1887.1260              275.9296569824218750
1887.2054              275.6650085449218750
1887.2904              274.9809265136718750
1887.3726              273.9955139160156250
1887.4575              273.4593200683593750
1887.5397              273.3488464355468750
1887.6246              273.4730834960937500
1887.7096              273.5140075683593750
1887.7917              273.5351562500000000
1887.8767              273.7947387695312500
1887.9589              274.6673278808593750
1888.0437              275.5775451660156250
1888.1257              276.0694885253906250
1888.2076              275.9975891113281250
1888.2924              275.2213439941406250
1888.3743              274.2078552246093750
1888.4590              273.3364257812500000
1888.5410              273.4541931152343750
1888.6257              273.5269470214843750
1888.7103              273.5338134765625000
1888.7924              273.5523681640625000
1888.8771              273.9016723632812500
1888.9590              274.9089965820312500
1889.0438              275.8023681640625000
1889.1260              276.2266845703125000
1889.2054              275.9279479980468750
1889.2904              275.1745910644531250
1889.3726              274.2931823730468750
1889.4575              273.6669311523437500
1889.5397              273.4206237792968750
1889.6246              273.4102478027343750
1889.7096              273.4854736328125000
1889.7917              273.5368041992187500
1889.8767              273.9092712402343750
1889.9589              274.7051696777343750
1890.0438              275.5119323730468750
1890.1260              275.9977416992187500
1890.2054              275.9208068847656250
1890.2904              275.1408996582031250
1890.3726              274.4272766113281250
1890.4575              273.6648254394531250
1890.5397              273.4553222656250000
1890.6246              273.3137817382812500
1890.7096              273.3703613281250000
1890.7917              273.5046997070312500
1890.8767              273.9527587890625000
1890.9589              274.8746032714843750
1891.0438              275.6748352050781250
1891.1260              276.0964355468750000
1891.2054              275.9188537597656250
1891.2904              275.3436889648437500
1891.3726              274.5557250976562500
1891.4575              273.8073425292968750
1891.5397              273.5272827148437500
1891.6246              273.3343505859375000
1891.7096              273.3020324707031250
1891.7917              273.4257202148437500
1891.8767              273.8664245605468750
1891.9589              274.6984863281250000
1892.0437              275.5892028808593750
1892.1257              276.0028686523437500
1892.2076              275.8166198730468750
1892.2924              275.0299987792968750
1892.3743              274.1099853515625000
1892.4590              273.5954895019531250
1892.5410              273.4064025878906250
1892.6257              273.2499389648437500
1892.7103              273.2216796875000000
1892.7924              273.3090209960937500
1892.8771              273.7492675781250000
1892.9590              274.7171020507812500
1893.0438              275.5185546875000000
1893.1260              275.9118957519531250
1893.2054              275.7290954589843750
1893.2904              275.0742187500000000
1893.3726              274.2608947753906250
1893.4575              273.6364135742187500
1893.5397              273.4289855957031250
1893.6246              273.2188720703125000
1893.7096              273.0840148925781250
1893.7917              273.0887145996093750
1893.8767              273.5044555664062500
1893.9589              274.4878234863281250
1894.0438              275.3088073730468750
1894.1260              275.7179260253906250
1894.2054              275.5500793457031250
1894.2904              274.8219604492187500
1894.3726              273.7825927734375000
1894.4575              273.1092834472656250
1894.5397              273.0915222167968750
1894.6246              273.0641784667968750
1894.7096              273.0245666503906250
1894.7917              272.8229064941406250
1894.8767              272.7364196777343750
1894.9589              273.5161437988281250
1895.0438              274.5808410644531250
1895.1260              274.9750671386718750
1895.2054              274.8070678710937500
1895.2904              274.1242370605468750
1895.3726              273.3607482910156250
1895.4575              272.4583435058593750
1895.5397              271.7092895507812500
1895.6246              271.3186950683593750
1895.7096              271.3147888183593750
1895.7917              271.3125305175781250
1895.8767              271.7485656738281250
1895.9589              272.7377624511718750
1896.0437              273.7706298828125000
1896.1257              274.3477478027343750
1896.2076              274.4011840820312500
1896.2924              273.9995117187500000
1896.3743              272.9934082031250000
1896.4590              271.6814575195312500
1896.5410              271.3230285644531250
1896.6257              271.2935180664062500
1896.7103              271.3706665039062500
1896.7924              271.2959289550781250
1896.8771              271.5731201171875000
1896.9590              272.6293334960937500
1897.0438              273.7300415039062500
1897.1260              274.2744140625000000
1897.2054              274.3788146972656250
1897.2904              273.7039184570312500
1897.3726              272.7711791992187500
1897.4575              271.9781799316406250
1897.5397              271.4573669433593750
1897.6246              271.3133239746093750
1897.7096              271.3181762695312500
1897.7917              271.3053894042968750
1897.8767              271.6039733886718750
1897.9589              272.5500488281250000
1898.0438              273.5106506347656250
1898.1260              274.0879821777343750
1898.2054              274.1973571777343750
1898.2904              273.5539550781250000
1898.3726              272.5968322753906250
1898.4575              271.7970886230468750
1898.5397              271.5136718750000000
1898.6246              271.3085021972656250
1898.7096              271.5833435058593750
1898.7917              272.1835632324218750
1898.8767              272.6467285156250000
1898.9589              273.6000061035156250
1899.0438              274.4980468750000000
1899.1260              274.9459838867187500
1899.2054              275.0513916015625000
1899.2904              274.5105895996093750
1899.3726              273.5681152343750000
1899.4575              272.9679260253906250
1899.5397              273.3412170410156250
1899.6246              273.4800720214843750
1899.7096              273.4968261718750000
1899.7917              273.5065612792968750
1899.8767              273.8994750976562500
1899.9589              274.9646606445312500
1900.0438              275.8293762207031250
1900.1260              276.3587646484375000
1900.2054              276.0570983886718750
1900.2904              275.1514892578125000
1900.3726              274.3085021972656250
1900.4575              273.6241455078125000
1900.5397              273.3945617675781250
1900.6246              273.3817749023437500
1900.7096              273.3625183105468750
1900.7917              273.4143371582031250
1900.8767              273.8296203613281250
1900.9589              274.7500000000000000
1901.0438              275.5036621093750000
1901.1260              275.8869628906250000
1901.2054              275.8414001464843750
1901.2904              275.0700378417968750
1901.3726              274.1471252441406250
1901.4575              273.4794616699218750
1901.5397              273.3215942382812500
1901.6246              273.3456420898437500
1901.7096              273.3421325683593750
1901.7917              273.3967285156250000
1901.8767              273.8646850585937500
1901.9589              274.7070617675781250
1902.0438              275.6322937011718750
1902.1260              276.0194396972656250
1902.2054              276.0121154785156250
1902.2904              275.4699707031250000
1902.3726              274.6090087890625000
1902.4575              273.7397155761718750
1902.5397              273.4341735839843750
1902.6246              273.2310791015625000
1902.7096              273.2815551757812500
1902.7917              273.3401184082031250
1902.8767              273.7776489257812500
1902.9589              274.7882995605468750
1903.0438              275.6256103515625000
1903.1260              275.8304748535156250
1903.2054              275.7250061035156250
1903.2904              275.0732116699218750
1903.3726              274.1896667480468750
1903.4575              273.4691772460937500
1903.5397              273.3020324707031250
1903.6246              273.2495727539062500
1903.7096              273.3232421875000000
1903.7917              273.3695373535156250
1903.8767              273.7927856445312500
1903.9589              274.7133483886718750
1904.0437              275.5359802246093750
1904.1257              276.0292968750000000
1904.2076              275.8118591308593750
1904.2924              275.1220092773437500
1904.3743              274.1974792480468750
1904.4590              273.5399169921875000
1904.5410              273.3641052246093750
1904.6257              273.2950134277343750
1904.7103              273.3591003417968750
1904.7924              273.4105224609375000
1904.8771              273.8232421875000000
1904.9590              274.6854248046875000
1905.0438              275.6389770507812500
1905.1260              276.1312561035156250
1905.2054              275.9332580566406250
1905.2904              275.1466064453125000
1905.3726              274.2980041503906250
1905.4575              273.5642700195312500
1905.5397              273.3634643554687500
1905.6246              273.2696533203125000
1905.7096              273.3448181152343750
1905.7917              273.4087524414062500
1905.8767              273.7980346679687500
1905.9589              274.6481323242187500
1906.0438              275.4174499511718750
1906.1260              275.9287109375000000
1906.2054              275.7447814941406250
1906.2904              275.0151062011718750
1906.3726              274.2173767089843750
1906.4575              273.4395446777343750
1906.5397              273.2364807128906250
1906.6246              273.1688842773437500
1906.7096              273.2195129394531250
1906.7917              273.3394165039062500
1906.8767              273.6881103515625000
1906.9589              274.5411071777343750
1907.0438              275.5565490722656250
1907.1260              275.8450317382812500
1907.2054              275.6536254882812500
1907.2904              274.7979431152343750
1907.3726              273.7439575195312500
1907.4575              273.2477722167968750
1907.5397              273.0623474121093750
1907.6246              272.9577636718750000
1907.7096              272.7861328125000000
1907.7917              272.0690612792968750
1907.8767              272.1836547851562500
1907.9589              273.1199645996093750
1908.0437              274.0106506347656250
1908.1257              274.5296936035156250
1908.2076              274.6213989257812500
1908.2924              273.9977416992187500
1908.3743              273.1528015136718750
1908.4590              272.1053161621093750
1908.5410              271.5100402832031250
1908.6257              271.2970886230468750
1908.7103              271.3165588378906250
1908.7924              271.3239440917968750
1908.8771              271.4499511718750000
1908.9590              272.4653015136718750
1909.0438              273.5258483886718750
1909.1260              274.0397338867187500
1909.2054              274.0659179687500000
1909.2904              273.5738220214843750
1909.3726              272.6400451660156250
1909.4575              271.5587463378906250
1909.5397              271.3067626953125000
1909.6246              271.2987060546875000
1909.7096              271.2924499511718750
1909.7917              271.3301086425781250
1909.8767              271.3694152832031250
1909.9589              272.2285156250000000
1910.0438              273.2161560058593750
1910.1260              273.6774597167968750
1910.2054              273.7685546875000000
1910.2904              273.1450805664062500
1910.3726              272.1978759765625000
1910.4575              271.3252868652343750
1910.5397              271.3002014160156250
1910.6246              271.3348083496093750
1910.7096              271.3231201171875000
1910.7917              271.2973632812500000
1910.8767              271.5599670410156250
1910.9589              272.6929931640625000
1911.0438              273.6400451660156250
1911.1260              274.2310485839843750
1911.2054              274.2602844238281250
1911.2904              273.5485839843750000
1911.3726              272.8281250000000000
1911.4575              271.8629455566406250
1911.5397              271.3345947265625000
1911.6246              271.3152465820312500
1911.7096              271.3109436035156250
1911.7917              271.2896423339843750
1911.8767              271.3879699707031250
1911.9589              272.4248046875000000
1912.0437              273.4823608398437500
1912.1257              274.2550048828125000
1912.2076              274.3713989257812500
1912.2924              273.7442626953125000
1912.3743              272.9215698242187500
1912.4590              271.8890686035156250
1912.5410              271.4330749511718750
1912.6257              271.3765869140625000
1912.7103              271.8588562011718750
1912.7924              272.2371215820312500
1912.8771              272.9748229980468750
1912.9590              273.9911499023437500
1913.0438              274.9572143554687500
1913.1260              275.4765014648437500
1913.2054              275.5084533691406250
1913.2904              274.8252563476562500
1913.3726              273.9594116210937500
1913.4575              273.1756591796875000
1913.5397              273.2514953613281250
1913.6246              273.2221984863281250
1913.7096              273.2207031250000000
1913.7917              273.2391967773437500
1913.8767              273.6719360351562500
1913.9589              274.5934448242187500
1914.0438              275.5892333984375000
1914.1260              276.0794677734375000
1914.2054              276.0678710937500000
1914.2904              275.2503051757812500
1914.3726              274.2870178222656250
1914.4575              273.4341735839843750
1914.5397              273.3287658691406250
1914.6246              273.2973022460937500
1914.7096              273.2754821777343750
1914.7917              273.3120117187500000
1914.8767              273.7162170410156250
1914.9589              274.5750122070312500
1915.0438              275.4120483398437500
1915.1260              275.8288269042968750
1915.2054              275.7513122558593750
1915.2904              274.9197998046875000
1915.3726              274.0452270507812500
1915.4575              273.4941711425781250
1915.5397              273.3504943847656250
1915.6246              273.3432312011718750
1915.7096              273.3310852050781250
1915.7917              273.3977661132812500
1915.8767              273.8377685546875000
1915.9589              274.7352600097656250
1916.0437              275.5054931640625000
1916.1257              275.9910888671875000
1916.2076              275.9147949218750000
1916.2924              275.1700134277343750
1916.3743              274.2588806152343750
1916.4590              273.5436706542968750
1916.5410              273.3039550781250000
1916.6257              273.2831115722656250
1916.7103              273.3540344238281250
1916.7924              273.4248046875000000
1916.8771              273.8747253417968750
1916.9590              274.7555236816406250
1917.0438              275.4712524414062500
1917.1260              276.0928344726562500
1917.2054              275.9915466308593750
1917.2904              275.3338623046875000
1917.3726              274.3301696777343750
1917.4575              273.6329345703125000
1917.5397              273.4620971679687500
1917.6246              273.3168029785156250
1917.7096              273.3205261230468750
1917.7917              273.4040527343750000
1917.8767              273.8397521972656250
1917.9589              274.8797302246093750
1918.0438              275.9701232910156250
1918.1260              276.4316406250000000
1918.2054              276.2951965332031250
1918.2904              275.5867004394531250
1918.3726              274.6921386718750000
1918.4575              273.8275756835937500
1918.5397              273.4782104492187500
1918.6246              273.3197937011718750
1918.7096              273.3377990722656250
1918.7917              273.3932189941406250
1918.8767              273.8284606933593750
1918.9589              274.8410034179687500
1919.0438              275.6901245117187500
1919.1260              276.1058654785156250
1919.2054              276.0764160156250000
1919.2904              275.3777770996093750
1919.3726              274.6115417480468750
1919.4575              273.8477783203125000
1919.5397              273.5539855957031250
1919.6246              273.3841552734375000
1919.7096              273.3398132324218750
1919.7917              273.4354553222656250
1919.8767              273.9008789062500000
1919.9589              274.7337036132812500
1920.0437              275.6632690429687500
1920.1257              276.1903686523437500
1920.2076              276.0473327636718750
1920.2924              275.3209228515625000
1920.3743              274.3027343750000000
1920.4590              273.5324096679687500
1920.5410              273.4533386230468750
1920.6257              273.3219909667968750
1920.7103              273.3204650878906250
1920.7924              273.4309997558593750
1920.8771              273.8847351074218750
1920.9590              274.7618408203125000
1921.0438              275.7322387695312500
1921.1260              276.2373352050781250
1921.2054              276.0895385742187500
1921.2904              275.1927185058593750
1921.3726              274.2657775878906250
1921.4575              273.7221069335937500
1921.5397              273.5765991210937500
1921.6246              273.4417419433593750
1921.7096              273.3333129882812500
1921.7917              273.3960571289062500
1921.8767              273.7820434570312500
1921.9589              274.6461791992187500
1922.0438              275.4220581054687500
1922.1260              275.9016418457031250
1922.2054              275.8231506347656250
1922.2904              275.2038879394531250
1922.3726              274.3229064941406250
1922.4575              273.6139831542968750
1922.5397              273.5069580078125000
1922.6246              273.3845214843750000
1922.7096              273.2767333984375000
1922.7917              273.3235778808593750
1922.8767              273.7445678710937500
1922.9589              274.6076354980468750
1923.0438              275.6422119140625000
1923.1260              276.2249450683593750
1923.2054              275.8519592285156250
1923.2904              275.2126159667968750
1923.3726              274.2125244140625000
1923.4575              273.5684204101562500
1923.5397              273.4056091308593750
1923.6246              273.2607421875000000
1923.7096              273.1424865722656250
1923.7917              273.1976928710937500
1923.8767              273.6540832519531250
1923.9589              274.5537719726562500
1924.0437              275.4609680175781250
1924.1257              275.8756408691406250
1924.2076              275.7788696289062500
1924.2924              275.0606689453125000
1924.3743              274.0339965820312500
1924.4590              273.3468017578125000
1924.5410              273.2765808105468750
1924.6257              273.2448730468750000
1924.7103              273.3346862792968750
1924.7924              273.3783569335937500
1924.8771              273.7809448242187500
1924.9590              274.5589294433593750
1925.0438              275.4403686523437500
1925.1260              275.8749084472656250
1925.2054              275.6869201660156250
1925.2904              274.9568786621093750
1925.3726              274.1379699707031250
1925.4575              273.3771362304687500
1925.5397              273.3024902343750000
1925.6246              273.3183898925781250
1925.7096              273.3488159179687500
1925.7917              273.3760070800781250
1925.8767              273.7229309082031250
1925.9589              274.5194396972656250
1926.0438              275.2606811523437500
1926.1260              275.7032165527343750
1926.2054              275.4878234863281250
1926.2904              274.7132263183593750
1926.3726              273.6200256347656250
1926.4575              272.6977233886718750
1926.5397              272.2626953125000000
1926.6246              271.8029479980468750
1926.7096              271.4732055664062500
1926.7917              271.3634948730468750
1926.8767              271.8237304687500000
1926.9589              272.9279479980468750
1927.0438              273.9445495605468750
1927.1260              274.5206298828125000
1927.2054              274.5195007324218750
1927.2904              273.8080139160156250
1927.3726              272.8127441406250000
1927.4575              271.6075439453125000
1927.5397              271.3041687011718750
1927.6246              271.3265991210937500
1927.7096              271.2928161621093750
1927.7917              271.3182067871093750
1927.8767              271.5251159667968750
1927.9589              272.5215148925781250
1928.0437              273.5385742187500000
1928.1257              274.0859069824218750
1928.2076              274.1915283203125000
1928.2924              273.5932922363281250
1928.3743              272.6516418457031250
1928.4590              271.4932250976562500
1928.5410              271.3017578125000000
1928.6257              271.2980346679687500
1928.7103              271.2935485839843750
1928.7924              271.2883300781250000
1928.8771              271.3685607910156250
1928.9590              272.2736206054687500
1929.0438              273.3739318847656250
1929.1260              273.8916320800781250
1929.2054              273.8083801269531250
1929.2904              273.3833312988281250
1929.3726              272.4438171386718750
1929.4575              271.6210632324218750
1929.5397              271.3105773925781250
1929.6246              271.3082275390625000
1929.7096              271.2894897460937500
1929.7917              271.2896423339843750
1929.8767              271.6116943359375000
1929.9589              272.5404357910156250
1930.0438              273.5701293945312500
1930.1260              274.1338195800781250
1930.2054              274.2394409179687500
1930.2904              273.6414489746093750
1930.3726              272.7405700683593750
1930.4575              271.6274108886718750
1930.5397              271.3098449707031250
1930.6246              271.2982482910156250
1930.7096              271.3017578125000000
1930.7917              271.3360595703125000
1930.8767              271.9903259277343750
1930.9589              273.2504882812500000
1931.0438              274.4794616699218750
1931.1260              275.0286254882812500
1931.2054              274.9386901855468750
1931.2904              274.4781799316406250
1931.3726              273.7773437500000000
1931.4575              273.1725769042968750
1931.5397              273.2091064453125000
1931.6246              273.3135681152343750
1931.7096              273.3024902343750000
1931.7917              273.3541564941406250
1931.8767              273.7608337402343750
1931.9589              274.7137451171875000
1932.0437              275.7176513671875000
1932.1257              276.1349487304687500
1932.2076              275.7863159179687500
1932.2924              274.8612976074218750
1932.3743              273.9597778320312500
1932.4590              273.3699035644531250
1932.5410              273.3393554687500000
1932.6257              273.3077392578125000
1932.7103              273.2794799804687500
1932.7924              273.3558349609375000
1932.8771              273.8438720703125000
1932.9590              274.7990722656250000
1933.0438              275.8275756835937500
1933.1260              276.2702636718750000
1933.2054              276.1073303222656250
1933.2904              275.3739013671875000
1933.3726              274.4597167968750000
1933.4575              273.6264038085937500
1933.5397              273.4130554199218750
1933.6246              273.3646545410156250
1933.7096              273.3401489257812500
1933.7917              273.4176635742187500
1933.8767              273.9443359375000000
1933.9589              274.9010314941406250
1934.0438              275.7582092285156250
1934.1260              276.2808837890625000
1934.2054              276.1571960449218750
1934.2904              275.5667419433593750
1934.3726              274.4853210449218750
1934.4575              273.6482238769531250
1934.5397              273.4956359863281250
1934.6246              273.4407653808593750
1934.7096              273.4559326171875000
1934.7917              273.5419921875000000
1934.8767              274.0160827636718750
1934.9589              275.0476989746093750
1935.0438              275.9083251953125000
1935.1260              276.3586120605468750
1935.2054              276.2068786621093750
1935.2904              275.4705505371093750
1935.3726              274.5015258789062500
1935.4575              273.7568054199218750
1935.5397              273.5676879882812500
1935.6246              273.4704589843750000
1935.7096              273.4385681152343750
1935.7917              273.5281677246093750
1935.8767              274.0348815917968750
1935.9589              274.9452819824218750
1936.0437              275.9332885742187500
1936.1257              276.3734741210937500
1936.2076              276.2942810058593750
1936.2924              275.5514526367187500
1936.3743              274.4163208007812500
1936.4590              273.7502441406250000
1936.5410              273.5415039062500000
1936.6257              273.4399414062500000
1936.7103              273.4490661621093750
1936.7924              273.5241088867187500
1936.8771              273.9618225097656250
1936.9590              274.7777709960937500
1937.0438              275.5892639160156250
1937.1260              276.1014099121093750
1937.2054              276.1241760253906250
1937.2904              275.5259399414062500
1937.3726              274.4575195312500000
1937.4575              273.6201171875000000
1937.5397              273.4051513671875000
1937.6246              273.2609558105468750
1937.7096              273.3121643066406250
1937.7917              273.3981933593750000
1937.8767              273.7023315429687500
1937.9589              274.5474243164062500
1938.0438              275.3665466308593750
1938.1260              275.8381042480468750
1938.2054              275.6335144042968750
1938.2904              274.7501831054687500
1938.3726              273.9780883789062500
1938.4575              273.1418457031250000
1938.5397              272.7839050292968750
1938.6246              272.4288330078125000
1938.7096              272.1762695312500000
1938.7917              272.0792236328125000
1938.8767              272.1292114257812500
1938.9589              273.1049194335937500
1939.0438              274.1661682128906250
1939.1260              274.6481628417968750
1939.2054              274.5286865234375000
1939.2904              273.9795532226562500
1939.3726              273.0250549316406250
1939.4575              271.9270629882812500
1939.5397              271.3436889648437500
1939.6246              271.3115539550781250
1939.7096              271.3122863769531250
1939.7917              271.3542480468750000
1939.8767              271.9499511718750000
1939.9589              273.0654907226562500
1940.0437              274.0663146972656250
1940.1257              274.7151184082031250
1940.2076              274.7232971191406250
1940.2924              274.1288146972656250
1940.3743              273.2122497558593750
1940.4590              272.4673767089843750
1940.5410              272.8698120117187500
1940.6257              273.2149658203125000
1940.7103              273.2977294921875000
1940.7924              273.0472412109375000
1940.8771              273.3807373046875000
1940.9590              274.2778320312500000
1941.0438              275.2266845703125000
1941.1260              275.6284484863281250
1941.2054              275.5670776367187500
1941.2904              274.9137878417968750
1941.3726              274.0025939941406250
1941.4575              273.1873779296875000
1941.5397              273.1123962402343750
1941.6246              273.3158874511718750
1941.7096              273.3592834472656250
1941.7917              273.3598632812500000
1941.8767              273.6027526855468750
1941.9589              274.4694213867187500
1942.0438              275.1913452148437500
1942.1260              275.7155761718750000
1942.2054              275.5097961425781250
1942.2904              274.7008972167968750
1942.3726              273.7730712890625000
1942.4575              273.1415405273437500
1942.5397              273.2691345214843750
1942.6246              273.3430786132812500
1942.7096              273.3522949218750000
1942.7917              273.3901977539062500
1942.8767              273.8064880371093750
1942.9589              274.6594848632812500
1943.0438              275.4070434570312500
1943.1260              275.7205505371093750
1943.2054              275.5962524414062500
1943.2904              274.8065795898437500
1943.3726              273.9584655761718750
1943.4575              273.3042907714843750
1943.5397              273.2308044433593750
1943.6246              273.3799743652343750
1943.7096              273.3890075683593750
1943.7917              273.4534606933593750
1943.8767              273.8734436035156250
1943.9589              274.7620239257812500
1944.0437              275.5138549804687500
1944.1257              275.9160766601562500
1944.2076              275.8329162597656250
1944.2924              275.0113525390625000
1944.3743              274.0195312500000000
1944.4590              273.2972412109375000
1944.5410              273.1458129882812500
1944.6257              273.3641662597656250
1944.7103              273.4035949707031250
1944.7924              273.4497680664062500
1944.8771              273.8810729980468750
1944.9590              274.7164001464843750
1945.0438              275.6130371093750000
1945.1260              276.1503906250000000
1945.2054              275.9576416015625000
1945.2904              275.2381591796875000
1945.3726              274.3969116210937500
1945.4575              273.5561523437500000
1945.5397              273.3658142089843750
1945.6246              273.3787231445312500
1945.7096              273.3825683593750000
1945.7917              273.4367675781250000
1945.8767              273.8599548339843750
1945.9589              274.6496887207031250
1946.0438              275.5806884765625000
1946.1260              276.0927734375000000
1946.2054              276.0410461425781250
1946.2904              275.4200134277343750
1946.3726              274.4815979003906250
1946.4575              273.6688537597656250
1946.5397              273.3866882324218750
1946.6246              273.3757324218750000
1946.7096              273.3804931640625000
1946.7917              273.4154052734375000
1946.8767              273.7129211425781250
1946.9589              274.6437072753906250
1947.0438              275.4964904785156250
1947.1260              275.9505310058593750
1947.2054              275.8336791992187500
1947.2904              275.0563049316406250
1947.3726              273.9028015136718750
1947.4575              273.2153625488281250
1947.5397              273.1309204101562500
1947.6246              272.8732604980468750
1947.7096              272.5690917968750000
1947.7917              272.2418823242187500
1947.8767              272.4765014648437500
1947.9589              273.4208068847656250
1948.0437              274.3703002929687500
1948.1257              274.7723083496093750
1948.2076              274.8127441406250000
1948.2924              274.1067504882812500
1948.3743              273.1525878906250000
1948.4590              272.2167663574218750
1948.5410              271.5661621093750000
1948.6257              271.3396606445312500
1948.7103              271.3090209960937500
1948.7924              271.3160705566406250
1948.8771              271.8079833984375000
1948.9590              272.8855895996093750
1949.0438              273.9158325195312500
1949.1260              274.4850463867187500
1949.2054              274.5890197753906250
1949.2904              273.9534912109375000
1949.3726              273.1613159179687500
1949.4575              272.1575317382812500
1949.5397              272.0253295898437500
1949.6246              271.9120483398437500
1949.7096              272.9261779785156250
1949.7917              273.2723083496093750
1949.8767              273.6336059570312500
1949.9589              274.6419677734375000
1950.0438              275.4417114257812500
1950.1260              275.8941955566406250
1950.2054              275.8696899414062500
1950.2904              275.0896606445312500
1950.3726              274.2969360351562500
1950.4575              273.4378967285156250
1950.5397              273.3360900878906250
1950.6246              273.4188537597656250
1950.7096              273.4720458984375000
1950.7917              273.4964294433593750
1950.8767              273.8794250488281250
1950.9589              274.7665405273437500
1951.0438              275.6044616699218750
1951.1260              276.0236511230468750
1951.2054              275.8999328613281250
1951.2904              275.2122802734375000
1951.3726              274.5005798339843750
1951.4575              273.6730346679687500
1951.5397              273.4108581542968750
1951.6246              273.2390136718750000
1951.7096              273.2677001953125000
1951.7917              273.3179016113281250
1951.8767              273.6487426757812500
1951.9589              274.5253295898437500
1952.0437              275.5025329589843750
1952.1257              275.9213867187500000
1952.2076              275.8385620117187500
1952.2924              275.3213806152343750
1952.3743              274.4160156250000000
1952.4590              273.7203369140625000
1952.5410              273.4218139648437500
1952.6257              273.2304687500000000
1952.7103              273.1560058593750000
1952.7924              273.2509460449218750
1952.8771              273.7642211914062500
1952.9590              274.6336059570312500
1953.0438              275.5446777343750000
1953.1260              275.8746032714843750
1953.2054              275.7638244628906250
1953.2904              275.0278320312500000
1953.3726              274.0060424804687500
1953.4575              273.3652648925781250
1953.5397              273.1914672851562500
1953.6246              273.2452392578125000
1953.7096              273.3596496582031250
1953.7917              273.4044494628906250
1953.8767              273.7393798828125000
1953.9589              274.5753784179687500
1954.0438              275.3137817382812500
1954.1260              275.6953430175781250
1954.2054              275.5623779296875000
1954.2904              274.9010009765625000
1954.3726              274.0344543457031250
1954.4575              273.2393493652343750
1954.5397              273.1805725097656250
1954.6246              273.3943176269531250
1954.7096              273.4186401367187500
1954.7917              273.4457397460937500
1954.8767              273.6909484863281250
1954.9589              274.4772033691406250
1955.0438              275.2412414550781250
1955.1260              275.6173095703125000
1955.2054              275.6642761230468750
1955.2904              275.0724792480468750
1955.3726              274.0711975097656250
1955.4575              273.2128906250000000
1955.5397              273.2448730468750000
1955.6246              273.3843994140625000
1955.7096              273.4255065917968750
1955.7917              273.4412841796875000
1955.8767              273.7565002441406250
1955.9589              274.6035766601562500
1956.0437              275.5958862304687500
1956.1257              275.8728637695312500
1956.2076              275.8356323242187500
1956.2924              275.0418395996093750
1956.3743              274.0629577636718750
1956.4590              273.3146972656250000
1956.5410              273.2577514648437500
1956.6257              273.4046020507812500
1956.7103              273.4198608398437500
1956.7924              273.4355163574218750
1956.8771              273.7526855468750000
1956.9590              274.5213928222656250
1957.0438              275.4357299804687500
1957.1260              275.9716186523437500
1957.2054              275.9195861816406250
1957.2904              275.1101989746093750
1957.3726              274.3079223632812500
1957.4575              273.4562377929687500
1957.5397              273.2220458984375000
1957.6246              273.3412475585937500
1957.7096              273.4203796386718750
1957.7917              273.4775695800781250
1957.8767              273.8776855468750000
1957.9589              274.6546325683593750
1958.0438              275.5687255859375000
1958.1260              275.9271850585937500
1958.2054              275.8157043457031250
1958.2904              275.1121215820312500
1958.3726              274.1709289550781250
1958.4575              273.3950805664062500
1958.5397              272.7041625976562500
1958.6246              272.9847412109375000
1958.7096              273.3161621093750000
1958.7917              273.3898925781250000
1958.8767              273.7256774902343750
1958.9589              274.4948425292968750
1959.0438              275.3222045898437500
1959.1260              275.6779174804687500
1959.2054              275.5003967285156250
1959.2904              274.6115722656250000
1959.3726              273.5848693847656250
1959.4575              272.8415832519531250
1959.5397              272.9817504882812500
1959.6246              273.1276245117187500
1959.7096              273.2533874511718750
1959.7917              273.3707885742187500
1959.8767              273.7016906738281250
1959.9589              274.5146179199218750
1960.0437              275.5070495605468750
1960.1257              276.1330261230468750
1960.2076              275.9849548339843750
1960.2924              275.3093872070312500
1960.3743              274.4291687011718750
1960.4590              273.4149169921875000
1960.5410              273.2088928222656250
1960.6257              273.3132934570312500
1960.7103              273.3576965332031250
1960.7924              273.2882080078125000
1960.8771              273.4971618652343750
1960.9590              274.2354431152343750
1961.0438              274.9078369140625000
1961.1260              275.2329406738281250
1961.2054              275.0984191894531250
1961.2904              274.2744750976562500
1961.3726              273.4093017578125000
1961.4575              272.5014038085937500
1961.5397              272.1296997070312500
1961.6246              272.9987792968750000
1961.7096              273.0908203125000000
1961.7917              273.1899108886718750
1961.8767              273.6897277832031250
1961.9589              274.5041503906250000
1962.0438              275.3517456054687500
1962.1260              275.8180236816406250
1962.2054              275.7827758789062500
1962.2904              275.0696411132812500
1962.3726              274.1867675781250000
1962.4575              273.4241027832031250
1962.5397              273.2038574218750000
1962.6246              273.3322143554687500
1962.7096              273.4254760742187500
1962.7917              273.4673767089843750
1962.8767              273.7541198730468750
1962.9589              274.5795898437500000
1963.0438              275.5180358886718750
1963.1260              276.0087890625000000
1963.2054              275.9869384765625000
1963.2904              275.3936157226562500
1963.3726              274.6097412109375000
1963.4575              273.5823059082031250
1963.5397              273.3485107421875000
1963.6246              273.3241882324218750
1963.7096              273.3361511230468750
1963.7917              273.3771667480468750
1963.8767              273.8006896972656250
1963.9589              274.8510131835937500
1964.0437              275.7355041503906250
1964.1257              276.2728881835937500
1964.2076              276.1104125976562500
1964.2924              275.3683776855468750
1964.3743              274.4744262695312500
1964.4590              273.6219177246093750
1964.5410              273.3722839355468750
1964.6257              273.2551879882812500
1964.7103              273.3442993164062500
1964.7924              273.4071350097656250
1964.8771              273.7968444824218750
1964.9590              274.5646972656250000
1965.0438              275.3986206054687500
1965.1260              275.8565979003906250
1965.2054              275.6369323730468750
1965.2904              274.8070373535156250
1965.3726              274.0375976562500000
1965.4575              273.3927001953125000
1965.5397              273.2334289550781250
1965.6246              273.3476257324218750
1965.7096              273.3712768554687500
1965.7917              273.3790893554687500
1965.8767              273.7362670898437500
1965.9589              274.7261962890625000
1966.0438              275.6689758300781250
1966.1260              276.1526489257812500
1966.2054              276.0321044921875000
1966.2904              275.3320007324218750
1966.3726              274.4290771484375000
1966.4575              273.6127014160156250
1966.5397              273.2932128906250000
1966.6246              273.3238525390625000
1966.7096              273.3524475097656250
1966.7917              273.3972167968750000
1966.8767              273.7219543457031250
1966.9589              274.6306152343750000
1967.0438              275.4181213378906250
1967.1260              275.8348999023437500
1967.2054              275.6853942871093750
1967.2904              275.0020751953125000
1967.3726              274.1043395996093750
1967.4575              273.2743225097656250
1967.5397              272.9960632324218750
1967.6246              273.2216796875000000
1967.7096              273.3221435546875000
1967.7917              273.2268371582031250
1967.8767              273.2001342773437500
1967.9589              273.9295043945312500
1968.0437              274.8352966308593750
1968.1257              275.0962829589843750
1968.2076              274.9329833984375000
1968.2924              274.1810607910156250
1968.3743              273.2364807128906250
1968.4590              272.4234619140625000
1968.5410              271.9530334472656250
1968.6257              271.6908569335937500
1968.7103              272.3924865722656250
1968.7924              272.7586364746093750
1968.8771              273.0186157226562500
1968.9590              273.9164123535156250
1969.0438              274.8576354980468750
1969.1260              275.2593078613281250
1969.2054              275.1169128417968750
1969.2904              274.3208312988281250
1969.3726              273.4791870117187500
1969.4575              272.7424621582031250
1969.5397              273.1002807617187500
1969.6246              273.3713378906250000
1969.7096              273.4651794433593750
1969.7917              273.4832458496093750
1969.8767              273.7110595703125000
1969.9589              274.4235534667968750
1970.0438              275.2806701660156250
1970.1260              275.6927185058593750
1970.2054              275.6003417968750000
1970.2904              274.7652587890625000
1970.3726              273.9237365722656250
1970.4575              273.1632995605468750
1970.5397              273.2389221191406250
1970.6246              273.4077148437500000
1970.7096              273.4515991210937500
1970.7917              273.4878540039062500
1970.8767              273.7444458007812500
1970.9589              274.4396057128906250
1971.0438              275.2907714843750000
1971.1260              275.8102722167968750
1971.2054              275.8144226074218750
1971.2904              275.1492309570312500
1971.3726              274.1796264648437500
1971.4575              273.2332458496093750
1971.5397              273.3457336425781250
1971.6246              273.4048767089843750
1971.7096              273.4449157714843750
1971.7917              273.4954528808593750
1971.8767              273.9913024902343750
1971.9589              274.9967956542968750
1972.0437              275.8437194824218750
1972.1257              276.2742309570312500
1972.2076              276.2601623535156250
1972.2924              275.6412353515625000
1972.3743              274.8265380859375000
1972.4590              273.9885864257812500
1972.5410              273.4695739746093750
1972.6257              273.4293518066406250
1972.7103              273.4410400390625000
1972.7924              273.4788818359375000
1972.8771              273.8755798339843750
1972.9590              274.7983703613281250
1973.0438              275.7865905761718750
1973.1260              276.1958618164062500
1973.2054              276.0751953125000000
1973.2904              275.2601623535156250
1973.3726              274.2430114746093750
1973.4575              273.5485839843750000
1973.5397              273.3630065917968750
1973.6246              273.4121398925781250
1973.7096              273.4164428710937500
1973.7917              273.4479675292968750
1973.8767              273.8081970214843750
1973.9589              274.6705932617187500
1974.0438              275.3408813476562500
1974.1260              275.8304138183593750
1974.2054              275.8513793945312500
1974.2904              275.1667480468750000
1974.3726              274.2738342285156250
1974.4575              273.6317443847656250
1974.5397              273.4687194824218750
1974.6246              273.2872619628906250
1974.7096              273.3474731445312500
1974.7917              273.4093933105468750
1974.8767              273.7560119628906250
1974.9589              274.5843811035156250
1975.0438              275.5185852050781250
1975.1260              276.0962829589843750
1975.2054              275.9777832031250000
1975.2904              275.3704833984375000
1975.3726              274.5286865234375000
1975.4575              273.5397033691406250
1975.5397              273.1321105957031250
1975.6246              273.0587463378906250
1975.7096              273.1707458496093750
1975.7917              273.1865539550781250
1975.8767              273.3522949218750000
1975.9589              273.9375610351562500
1976.0437              274.5760192871093750
1976.1257              275.0408630371093750
1976.2076              274.9917297363281250
1976.2924              274.2022094726562500
1976.3743              273.1640930175781250
1976.4590              272.1285400390625000
1976.5410              271.7732849121093750
1976.6257              271.5970458984375000
1976.7103              272.0325622558593750
1976.7924              272.0276794433593750
1976.8771              272.4225463867187500
1976.9590              273.4788818359375000
1977.0438              274.3989562988281250
1977.1260              274.9815063476562500
1977.2054              275.1037597656250000
1977.2904              274.4072265625000000
1977.3726              273.3170471191406250
1977.4575              272.3667907714843750
1977.5397              272.2998962402343750
1977.6246              273.0599975585937500
1977.7096              273.2735900878906250
1977.7917              273.3593750000000000
1977.8767              273.6738586425781250
1977.9589              274.6238098144531250
1978.0438              275.6016235351562500
1978.1260              275.8431396484375000
1978.2054              275.7773742675781250
1978.2904              275.1380004882812500
1978.3726              274.1420288085937500
1978.4575              273.4735107421875000
1978.5397              273.3633728027343750
1978.6246              273.3413085937500000
1978.7096              273.3341064453125000
1978.7917              273.4244079589843750
1978.8767              273.8250732421875000
1978.9589              274.6103210449218750
1979.0438              275.5184326171875000
1979.1260              275.9863281250000000
1979.2054              276.0215759277343750
1979.2904              275.2771301269531250
1979.3726              274.3281555175781250
1979.4575              273.6382141113281250
1979.5397              273.4177551269531250
1979.6246              273.3627929687500000
1979.7096              273.3932189941406250
1979.7917              273.4537353515625000
1979.8767              273.8081970214843750
1979.9589              274.6854858398437500
1980.0437              275.5548706054687500
1980.1257              276.0804748535156250
1980.2076              275.9256896972656250
1980.2924              274.9225463867187500
1980.3743              274.1484985351562500
1980.4590              273.4630126953125000
1980.5410              273.3324279785156250
1980.6257              273.3614807128906250
1980.7103              273.3592834472656250
1980.7924              273.4077148437500000
1980.8771              273.7866516113281250
1980.9590              274.5895385742187500
1981.0438              275.3635864257812500
1981.1260              275.8561401367187500
1981.2054              275.8055419921875000
1981.2904              274.8823242187500000
1981.3726              274.0526123046875000
1981.4575              273.0178527832031250
1981.5397              273.0690917968750000
1981.6246              273.1027526855468750
1981.7096              273.2070617675781250
1981.7917              273.1304626464843750
1981.8767              273.4484558105468750
1981.9589              274.3324584960937500
1982.0438              275.1122436523437500
1982.1260              275.5819702148437500
1982.2054              275.5144042968750000
1982.2904              274.6103820800781250
1982.3726              273.8169250488281250
1982.4575              273.0228271484375000
1982.5397              273.2635192871093750
1982.6246              273.2995300292968750
1982.7096              273.3123474121093750
1982.7917              273.3110656738281250
1982.8767              273.5525817871093750
1982.9589              274.3414611816406250
1983.0438              275.1537780761718750
1983.1260              275.7091979980468750
1983.2054              275.6515808105468750
1983.2904              274.8161621093750000
1983.3726              274.0006103515625000
1983.4575              273.3159484863281250
1983.5397              273.3642578125000000
1983.6246              273.3861389160156250
1983.7096              273.3709716796875000
1983.7917              273.4140319824218750
1983.8767              273.8102722167968750
1983.9589              274.7708129882812500
1984.0437              275.5565795898437500
1984.1257              276.0653381347656250
1984.2076              275.7922973632812500
1984.2924              274.9795837402343750
1984.3743              274.1011047363281250
1984.4590              273.4993591308593750
1984.5410              273.3288269042968750
1984.6257              273.3479003906250000
1984.7103              273.3486633300781250
1984.7924              273.3955078125000000
1984.8771              273.8569030761718750
1984.9590              274.6873474121093750
1985.0438              275.4469299316406250
1985.1260              275.8873291015625000
1985.2054              275.8800048828125000
1985.2904              275.2301025390625000
1985.3726              274.3775634765625000
1985.4575              273.6456909179687500
1985.5397              273.3158569335937500
1985.6246              273.2296752929687500
1985.7096              273.3188476562500000
1985.7917              273.3521728515625000
1985.8767              273.7637939453125000
1985.9589              274.7055053710937500
1986.0438              275.6258544921875000
1986.1260              276.1431579589843750
1986.2054              275.9565124511718750
1986.2904              275.1673889160156250
1986.3726              274.1085815429687500
1986.4575              273.3025207519531250
1986.5397              273.2907104492187500
1986.6246              273.3563232421875000
1986.7096              273.3711547851562500
1986.7917              273.4134216308593750
1986.8767              273.7774658203125000
1986.9589              274.5722961425781250
1987.0438              275.3685302734375000
1987.1260              275.6118774414062500
1987.2054              275.5565795898437500
1987.2904              274.8508911132812500
1987.3726              274.0402526855468750
1987.4575              273.1433715820312500
1987.5397              272.8378601074218750
1987.6246              273.0245666503906250
1987.7096              273.2526855468750000
1987.7917              273.3214111328125000
1987.8767              273.6395263671875000
1987.9589              274.4299621582031250
1988.0437              275.0719604492187500
1988.1257              275.4700622558593750
1988.2076              275.3432922363281250
1988.2924              274.5062866210937500
1988.3743              273.5754394531250000
1988.4590              272.7042236328125000
1988.5410              272.9407653808593750
1988.6257              273.2080078125000000
1988.7103              273.3741149902343750
1988.7924              273.4289550781250000
1988.8771              273.7253723144531250
1988.9590              274.5569763183593750
1989.0438              275.3993530273437500
1989.1260              275.7196655273437500
1989.2054              275.5370483398437500
1989.2904              274.7848510742187500
1989.3726              274.0684204101562500
1989.4575              273.2926940917968750
1989.5397              273.3634033203125000
1989.6246              273.5111083984375000
1989.7096              273.5235900878906250
1989.7917              273.5581970214843750
1989.8767              273.9326171875000000
1989.9589              274.7283325195312500
1990.0438              275.5713500976562500
1990.1260              276.0218505859375000
1990.2054              276.0145263671875000
1990.2904              275.3804931640625000
1990.3726              274.6237487792968750
1990.4575              273.8519897460937500
1990.5397              273.4790039062500000
1990.6246              273.3348388671875000
1990.7096              273.2829589843750000
1990.7917              273.4029846191406250
1990.8767              273.9371337890625000
1990.9589              274.9552307128906250
1991.0438              275.8187255859375000
1991.1260              276.2535095214843750
1991.2054              276.2087707519531250
1991.2904              275.4658813476562500
1991.3726              274.6560668945312500
1991.4575              274.0165405273437500
1991.5397              273.4817199707031250
1991.6246              273.3256530761718750
1991.7096              273.2877502441406250
1991.7917              273.4608154296875000
1991.8767              273.7926025390625000
1991.9589              274.6173706054687500
1992.0437              275.3681030273437500
1992.1257              275.8950805664062500
1992.2076              275.7680053710937500
1992.2924              275.0616455078125000
1992.3743              274.2635498046875000
1992.4590              273.5522155761718750
1992.5410              272.9705505371093750
1992.6257              273.0134277343750000
1992.7103              273.4559936523437500
1992.7924              273.5223083496093750
1992.8771              273.8000183105468750
1992.9590              274.5690307617187500
1993.0438              275.1987304687500000
1993.1260              275.5628662109375000
1993.2054              275.4527282714843750
1993.2904              274.7157592773437500
1993.3726              273.9418640136718750
1993.4575              273.1035766601562500
1993.5397              272.2820129394531250
1993.6246              271.8951721191406250
1993.7096              271.7284545898437500
1993.7917              271.5491943359375000
1993.8767              271.9948120117187500
1993.9589              273.1121520996093750
1994.0438              274.1589660644531250
1994.1260              274.6823730468750000
1994.2054              274.6559143066406250
1994.2904              274.0207519531250000
1994.3726              273.2025146484375000
1994.4575              272.1483459472656250
1994.5397              271.4291076660156250
1994.6246              271.4334106445312500
1994.7096              271.3146972656250000
1994.7917              271.3659667968750000
1994.8767              271.9248352050781250
1994.9589              272.9620056152343750
1995.0438              273.9861145019531250
1995.1260              274.6066589355468750
1995.2054              274.6435852050781250
1995.2904              274.0114746093750000
1995.3726              273.0867309570312500
1995.4575              272.4070739746093750
1995.5397              272.0409545898437500
1995.6246              272.1430053710937500
1995.7096              271.8514099121093750
1995.7917              272.3877258300781250
1995.8767              272.3879089355468750
1995.9589              273.2087402343750000
1996.0437              274.0976257324218750
1996.1257              274.7633361816406250
1996.2076              274.7073364257812500
1996.2924              274.2052307128906250
1996.3743              273.3956604003906250
1996.4590              272.7143859863281250
1996.5410              272.0406188964843750
1996.6257              271.4952392578125000
1996.7103              271.5094604492187500
1996.7924              271.4226379394531250
1996.8771              272.0289916992187500
1996.9590              273.0013122558593750
1997.0438              273.9668579101562500
1997.1260              274.6606445312500000
1997.2054              274.7452392578125000
1997.2904              274.1224060058593750
1997.3726              273.4777832031250000
1997.4575              272.4010925292968750
1997.5397              271.9024047851562500
1997.6246              271.4392700195312500
1997.7096              271.2946166992187500
1997.7917              271.3393249511718750
1997.8767              271.8394165039062500
1997.9589              272.9149475097656250
1998.0438              273.8526000976562500
1998.1260              274.3916931152343750
1998.2054              274.3316955566406250
1998.2904              273.5975341796875000
1998.3726              272.7693481445312500
1998.4575              272.0789489746093750
1998.5397              271.4521484375000000
1998.6246              271.3201904296875000
1998.7096              271.6046447753906250
1998.7917              271.9031372070312500
1998.8767              272.0792541503906250
1998.9589              273.0447387695312500
1999.0438              273.9807128906250000
1999.1260              274.6055908203125000
1999.2054              274.6260375976562500
1999.2904              273.9269409179687500
1999.3726              273.0507202148437500
1999.4575              272.2024230957031250
1999.5397              271.8364257812500000
1999.6246              271.3043823242187500
1999.7096              271.3219604492187500
1999.7917              271.2918090820312500
1999.8767              271.6313476562500000
1999.9589              272.6004333496093750
2000.0437              273.6386108398437500
2000.1257              274.2580566406250000
2000.2076              274.3064270019531250
2000.2924              273.7926025390625000
2000.3743              273.1236877441406250
2000.4590              272.1647644042968750
2000.5410              271.4756469726562500
2000.6257              271.3653259277343750
2000.7103              271.3851623535156250
2000.7924              271.3558044433593750
2000.8771              271.9361572265625000
2000.9590              272.9555664062500000
