1900.0438              273.4366455078125000
1900.1260              273.9417114257812500
1900.2054              273.8890686035156250
1900.2904              273.3089599609375000
1900.3726              272.5777282714843750
1900.4575              271.7861633300781250
1900.5397              271.5320739746093750
1900.6246              271.3709106445312500
1900.7096              271.2987976074218750
1900.7917              271.3066101074218750
1900.8767              271.3424987792968750
1900.9589              271.4970397949218750
1901.0438              272.5547180175781250
1901.1260              273.2673645019531250
1901.2054              273.3068847656250000
1901.2904              272.7631835937500000
1901.3726              271.9167785644531250
1901.4575              271.8608093261718750
1901.5397              271.7093200683593750
1901.6246              271.5329589843750000
1901.7096              271.4416503906250000
1901.7917              271.4105224609375000
1901.8767              271.4063110351562500
1901.9589              271.9426269531250000
1902.0438              273.1670227050781250
1902.1260              273.6874084472656250
1902.2054              273.4088745117187500
1902.2904              272.9378662109375000
1902.3726              272.4970397949218750
1902.4575              271.8000488281250000
1902.5397              271.6113891601562500
1902.6246              271.4991455078125000
1902.7096              271.3469848632812500
1902.7917              271.3603515625000000
1902.8767              271.4929809570312500
1902.9589              271.9565734863281250
1903.0438              273.2537536621093750
1903.1260              273.9255676269531250
1903.2054              273.9170532226562500
1903.2904              273.2928161621093750
1903.3726              272.3649291992187500
1903.4575              271.9302673339843750
1903.5397              271.8069763183593750
1903.6246              271.6723327636718750
1903.7096              271.5769653320312500
1903.7917              271.6313781738281250
1903.8767              271.7041625976562500
1903.9589              271.7946777343750000
1904.0437              272.7858886718750000
1904.1257              273.5567321777343750
1904.2076              273.4874877929687500
1904.2924              272.9146423339843750
1904.3743              272.1640625000000000
1904.4590              272.1268310546875000
1904.5410              272.0761108398437500
1904.6257              271.9667358398437500
1904.7103              271.9453735351562500
1904.7924              271.8519287109375000
1904.8771              271.7416076660156250
1904.9590              272.5249328613281250
1905.0438              273.6613159179687500
1905.1260              274.1579284667968750
1905.2054              274.0100402832031250
1905.2904              273.3871765136718750
1905.3726              272.3410644531250000
1905.4575              271.8188476562500000
1905.5397              271.7145690917968750
1905.6246              271.5320129394531250
1905.7096              271.5061340332031250
1905.7917              271.4937744140625000
1905.8767              271.5086669921875000
1905.9589              271.6403198242187500
1906.0438              272.7227172851562500
1906.1260              273.5299377441406250
1906.2054              273.5202026367187500
1906.2904              272.8974304199218750
1906.3726              271.8098144531250000
1906.4575              271.6132507324218750
1906.5397              271.5247802734375000
1906.6246              271.4676818847656250
1906.7096              271.4134216308593750
1906.7917              271.3884582519531250
1906.8767              271.4785156250000000
1906.9589              271.5495300292968750
1907.0438              272.2154235839843750
1907.1260              273.0339965820312500
1907.2054              272.9627075195312500
1907.2904              272.4393920898437500
1907.3726              272.0391845703125000
1907.4575              272.0207519531250000
1907.5397              271.8475036621093750
1907.6246              271.7903747558593750
1907.7096              271.6730651855468750
1907.7917              271.5763244628906250
1907.8767              271.6118774414062500
1907.9589              271.7193298339843750
1908.0437              272.5849304199218750
1908.1257              273.2143859863281250
1908.2076              273.2735595703125000
1908.2924              272.8235778808593750
1908.3743              271.9740295410156250
1908.4590              271.7863464355468750
1908.5410              271.7268981933593750
1908.6257              271.6130676269531250
1908.7103              271.5279541015625000
1908.7924              271.5476989746093750
1908.8771              271.6293945312500000
1908.9590              271.8745727539062500
1909.0438              273.0250549316406250
1909.1260              273.6671447753906250
1909.2054              273.6792297363281250
1909.2904              273.1375732421875000
1909.3726              272.2902221679687500
1909.4575              271.8001098632812500
1909.5397              271.5941772460937500
1909.6246              271.5466308593750000
1909.7096              271.5695495605468750
1909.7917              271.6788024902343750
1909.8767              271.6689147949218750
1909.9589              272.4359130859375000
1910.0438              273.5377807617187500
1910.1260              274.1246032714843750
1910.2054              274.2402954101562500
1910.2904              273.7092590332031250
1910.3726              272.8149414062500000
1910.4575              271.8955078125000000
1910.5397              271.7503967285156250
1910.6246              271.6407470703125000
1910.7096              271.5010681152343750
1910.7917              271.5195617675781250
1910.8767              271.5392761230468750
1910.9589              272.3789978027343750
1911.0438              273.4447631835937500
1911.1260              274.0062866210937500
1911.2054              273.7897644042968750
1911.2904              273.3225402832031250
1911.3726              272.2932739257812500
1911.4575              271.5764465332031250
1911.5397              271.3760986328125000
1911.6246              271.3482971191406250
1911.7096              271.4043884277343750
1911.7917              271.3939819335937500
1911.8767              271.4123535156250000
1911.9589              272.1015625000000000
1912.0437              273.2698974609375000
1912.1257              273.9295349121093750
1912.2076              274.0054626464843750
1912.2924              273.2248535156250000
1912.3743              271.9592285156250000
1912.4590              271.5211791992187500
1912.5410              271.4624938964843750
1912.6257              271.4657287597656250
1912.7103              271.4013366699218750
1912.7924              271.3215637207031250
1912.8771              271.4008789062500000
1912.9590              271.6619567871093750
1913.0438              272.8515930175781250
1913.1260              273.6153259277343750
1913.2054              273.9178161621093750
1913.2904              273.4994812011718750
1913.3726              272.7152099609375000
1913.4575              271.6757812500000000
1913.5397              271.4976501464843750
1913.6246              271.4562683105468750
1913.7096              271.4156188964843750
1913.7917              271.4385070800781250
1913.8767              271.4576416015625000
1913.9589              271.6162414550781250
1914.0438              272.6471252441406250
1914.1260              273.2355957031250000
1914.2054              273.3219299316406250
1914.2904              272.8851928710937500
1914.3726              271.9527282714843750
1914.4575              271.8424682617187500
1914.5397              271.7330322265625000
1914.6246              271.6956481933593750
1914.7096              271.5354003906250000
1914.7917              271.4505920410156250
1914.8767              271.4790954589843750
1914.9589              272.2503662109375000
1915.0438              273.1666870117187500
1915.1260              273.6218261718750000
1915.2054              273.6073303222656250
1915.2904              272.9942932128906250
1915.3726              272.0280761718750000
1915.4575              271.7666625976562500
1915.5397              271.6205139160156250
1915.6246              271.5096435546875000
1915.7096              271.4549560546875000
1915.7917              271.4536743164062500
1915.8767              271.4616088867187500
1915.9589              271.5800476074218750
1916.0437              272.8282775878906250
1916.1257              273.5988159179687500
1916.2076              273.4716796875000000
1916.2924              272.8265686035156250
1916.3743              271.9989929199218750
1916.4590              271.9656982421875000
1916.5410              271.8635864257812500
1916.6257              271.7813110351562500
1916.7103              271.5694885253906250
1916.7924              271.4582824707031250
1916.8771              271.3940734863281250
1916.9590              271.8491516113281250
1917.0438              273.0675659179687500
1917.1260              273.7248840332031250
1917.2054              273.6622924804687500
1917.2904              273.2146606445312500
1917.3726              272.6402282714843750
1917.4575              271.8350524902343750
1917.5397              271.8138122558593750
1917.6246              271.5118713378906250
1917.7096              271.3780822753906250
1917.7917              271.3817443847656250
1917.8767              271.5988769531250000
1917.9589              272.1876220703125000
1918.0438              273.3120422363281250
1918.1260              273.9466552734375000
1918.2054              273.8793334960937500
1918.2904              273.1756591796875000
1918.3726              272.4781188964843750
1918.4575              272.0249633789062500
1918.5397              271.7013854980468750
1918.6246              271.5475769042968750
1918.7096              271.5799255371093750
1918.7917              271.5833129882812500
1918.8767              271.6489257812500000
1918.9589              272.0155639648437500
1919.0438              273.1449584960937500
1919.1260              273.8870544433593750
1919.2054              273.9174499511718750
1919.2904              273.2486877441406250
1919.3726              272.3342895507812500
1919.4575              271.8366699218750000
1919.5397              271.6592407226562500
1919.6246              271.5511169433593750
1919.7096              271.4406433105468750
1919.7917              271.4012756347656250
1919.8767              271.4240722656250000
1919.9589              272.2926940917968750
1920.0437              273.4486694335937500
1920.1257              274.0497741699218750
1920.2076              274.0715026855468750
1920.2924              273.4954223632812500
1920.3743              272.5990905761718750
1920.4590              271.8032531738281250
1920.5410              271.6768188476562500
1920.6257              271.5598449707031250
1920.7103              271.3905029296875000
1920.7924              271.3488159179687500
1920.8771              271.3731994628906250
1920.9590              271.9670410156250000
1921.0438              273.0988464355468750
1921.1260              273.6914367675781250
1921.2054              273.4824218750000000
1921.2904              272.8849487304687500
1921.3726              272.4222412109375000
1921.4575              272.0464477539062500
1921.5397              271.8479919433593750
1921.6246              271.6701354980468750
1921.7096              271.5040893554687500
1921.7917              271.4750976562500000
1921.8767              271.5391540527343750
1921.9589              271.9995727539062500
1922.0438              273.1857910156250000
1922.1260              273.8015136718750000
1922.2054              273.6875000000000000
1922.2904              273.1868286132812500
1922.3726              272.5357666015625000
1922.4575              271.8981628417968750
1922.5397              271.8117370605468750
1922.6246              271.7736816406250000
1922.7096              271.5603942871093750
1922.7917              271.4845275878906250
1922.8767              271.5010375976562500
1922.9589              271.9278869628906250
1923.0438              273.0596923828125000
1923.1260              273.7447814941406250
1923.2054              273.7507019042968750
1923.2904              273.1724243164062500
1923.3726              272.4972534179687500
1923.4575              271.8817138671875000
1923.5397              271.7131958007812500
1923.6246              271.6494445800781250
1923.7096              271.5435180664062500
1923.7917              271.4488830566406250
1923.8767              271.4313354492187500
1923.9589              271.5341796875000000
1924.0437              272.4661560058593750
1924.1257              273.3597412109375000
1924.2076              273.4827575683593750
1924.2924              273.1221923828125000
1924.3743              272.3162536621093750
1924.4590              272.0671386718750000
1924.5410              271.9862670898437500
1924.6257              271.8903503417968750
1924.7103              271.8072509765625000
1924.7924              271.7273864746093750
1924.8771              271.7693176269531250
1924.9590              271.7728881835937500
1925.0438              272.5832824707031250
1925.1260              273.2172241210937500
1925.2054              273.2159423828125000
1925.2904              272.8033142089843750
1925.3726              272.1051330566406250
1925.4575              272.0707397460937500
1925.5397              272.0517578125000000
1925.6246              271.9960021972656250
1925.7096              271.7416687011718750
1925.7917              271.5272827148437500
1925.8767              271.5383300781250000
1925.9589              272.3269042968750000
1926.0438              273.5636901855468750
1926.1260              274.1113891601562500
1926.2054              274.2384643554687500
1926.2904              273.6967773437500000
1926.3726              272.5552368164062500
1926.4575              271.7544250488281250
1926.5397              271.6791687011718750
1926.6246              271.5811767578125000
1926.7096              271.4818725585937500
1926.7917              271.4636535644531250
1926.8767              271.4789123535156250
1926.9589              271.8311767578125000
1927.0438              272.9356079101562500
1927.1260              273.5009155273437500
1927.2054              273.3110656738281250
1927.2904              272.8186645507812500
1927.3726              271.8681640625000000
1927.4575              271.4640502929687500
1927.5397              271.4080200195312500
1927.6246              271.3703918457031250
1927.7096              271.3241577148437500
1927.7917              271.3241577148437500
1927.8767              271.3789672851562500
1927.9589              271.5675964355468750
1928.0437              272.5942993164062500
1928.1257              273.1264038085937500
1928.2076              272.9824523925781250
1928.2924              272.4920959472656250
1928.3743              271.8734741210937500
1928.4590              271.7891540527343750
1928.5410              271.7674255371093750
1928.6257              271.7667846679687500
1928.7103              271.7126770019531250
1928.7924              271.6963195800781250
1928.8771              271.7873840332031250
1928.9590              272.3344726562500000
1929.0438              273.4029541015625000
1929.1260              273.9686279296875000
1929.2054              273.8341064453125000
1929.2904              273.1918640136718750
1929.3726              272.5761718750000000
1929.4575              272.0395507812500000
1929.5397              271.8075561523437500
1929.6246              271.6894531250000000
1929.7096              271.5557861328125000
1929.7917              271.5469055175781250
1929.8767              271.6383056640625000
1929.9589              271.8469848632812500
1930.0438              272.8972473144531250
1930.1260              273.5030212402343750
1930.2054              273.6170349121093750
1930.2904              272.9269104003906250
1930.3726              272.1470336914062500
1930.4575              271.9336547851562500
1930.5397              271.7782897949218750
1930.6246              271.5374145507812500
1930.7096              271.4651184082031250
1930.7917              271.4851379394531250
1930.8767              271.5314941406250000
1930.9589              272.0637207031250000
1931.0438              273.0862731933593750
1931.1260              273.4637145996093750
1931.2054              273.5323181152343750
1931.2904              272.7826843261718750
1931.3726              272.2095031738281250
1931.4575              272.0217590332031250
1931.5397              271.5950317382812500
1931.6246              271.4723510742187500
1931.7096              271.4550476074218750
1931.7917              271.4997558593750000
1931.8767              271.5764770507812500
1931.9589              271.6664428710937500
1932.0437              272.5744934082031250
1932.1257              273.2742614746093750
1932.2076              273.4454345703125000
1932.2924              272.8491210937500000
1932.3743              272.2730712890625000
1932.4590              272.1905822753906250
1932.5410              272.1436157226562500
1932.6257              272.1281127929687500
1932.7103              272.0878295898437500
1932.7924              271.9143676757812500
1932.8771              271.9087829589843750
1932.9590              272.2290344238281250
1933.0438              273.2829284667968750
1933.1260              273.9077148437500000
1933.2054              273.7467346191406250
1933.2904              272.9664001464843750
1933.3726              272.1474304199218750
1933.4575              271.9524841308593750
1933.5397              271.7958679199218750
1933.6246              271.6181945800781250
1933.7096              271.5924987792968750
1933.7917              271.5431518554687500
1933.8767              271.5905761718750000
1933.9589              271.8646240234375000
1934.0438              272.9431152343750000
1934.1260              273.6290588378906250
1934.2054              273.6950988769531250
1934.2904              273.2041320800781250
1934.3726              272.3234252929687500
1934.4575              271.7435302734375000
1934.5397              271.5363769531250000
1934.6246              271.4046020507812500
1934.7096              271.3049926757812500
1934.7917              271.3017578125000000
1934.8767              271.3320617675781250
1934.9589              271.4480285644531250
1935.0438              272.4139404296875000
1935.1260              273.0933227539062500
1935.2054              273.1274108886718750
1935.2904              272.7758483886718750
1935.3726              272.1098632812500000
1935.4575              271.8365478515625000
1935.5397              271.7141418457031250
1935.6246              271.5195312500000000
1935.7096              271.4606933593750000
1935.7917              271.3752746582031250
1935.8767              271.4056396484375000
1935.9589              271.6121520996093750
1936.0437              272.7828369140625000
1936.1257              273.5513000488281250
1936.2076              273.5321350097656250
1936.2924              272.7608642578125000
1936.3743              272.1376953125000000
1936.4590              271.7563171386718750
1936.5410              271.7807922363281250
1936.6257              271.7363281250000000
1936.7103              271.6734008789062500
1936.7924              271.6258239746093750
1936.8771              271.5876770019531250
1936.9590              272.0373535156250000
1937.0438              273.3473510742187500
1937.1260              273.9548950195312500
1937.2054              274.0263977050781250
1937.2904              273.7176513671875000
1937.3726              272.9093627929687500
1937.4575              272.0243225097656250
1937.5397              271.8384399414062500
1937.6246              271.5710449218750000
1937.7096              271.4928283691406250
1937.7917              271.4499511718750000
1937.8767              271.5697631835937500
1937.9589              272.0196838378906250
1938.0438              273.1587829589843750
1938.1260              273.6882324218750000
1938.2054              273.6614379882812500
1938.2904              273.1828918457031250
1938.3726              272.1979370117187500
1938.4575              271.7415466308593750
1938.5397              271.6704711914062500
1938.6246              271.4781494140625000
1938.7096              271.4149169921875000
1938.7917              271.4144287109375000
1938.8767              271.4836120605468750
1938.9589              272.0446472167968750
1939.0438              273.1773681640625000
1939.1260              273.6329650878906250
1939.2054              273.6610412597656250
1939.2904              273.1957397460937500
1939.3726              272.1716308593750000
1939.4575              271.7365722656250000
1939.5397              271.6021118164062500
1939.6246              271.4533081054687500
1939.7096              271.4172058105468750
1939.7917              271.4671936035156250
1939.8767              271.4637756347656250
1939.9589              272.0074157714843750
1940.0437              273.2797546386718750
1940.1257              274.1226501464843750
1940.2076              274.1946716308593750
1940.2924              273.7734069824218750
1940.3743              272.9117126464843750
1940.4590              271.7306823730468750
1940.5410              271.4814758300781250
1940.6257              271.4149169921875000
1940.7103              271.4020690917968750
1940.7924              271.4041137695312500
1940.8771              271.4626159667968750
1940.9590              271.8298034667968750
1941.0438              273.0225830078125000
1941.1260              273.7486572265625000
1941.2054              273.6284484863281250
1941.2904              273.0440368652343750
1941.3726              272.1829528808593750
1941.4575              271.7168273925781250
1941.5397              271.5792846679687500
1941.6246              271.4988403320312500
1941.7096              271.5099182128906250
1941.7917              271.5293884277343750
1941.8767              271.6214599609375000
1941.9589              271.8979797363281250
1942.0438              273.0655517578125000
1942.1260              273.9315185546875000
1942.2054              274.0535278320312500
1942.2904              273.6210327148437500
1942.3726              272.9451293945312500
1942.4575              272.2261352539062500
1942.5397              272.0101013183593750
1942.6246              271.8513793945312500
1942.7096              271.7143554687500000
1942.7917              271.5176086425781250
1942.8767              271.5143127441406250
1942.9589              271.8771667480468750
1943.0438              273.2637634277343750
1943.1260              274.0141601562500000
1943.2054              273.9132995605468750
1943.2904              273.4469604492187500
1943.3726              272.7177124023437500
1943.4575              272.2998657226562500
1943.5397              271.9145202636718750
1943.6246              271.8388671875000000
1943.7096              271.8347778320312500
1943.7917              271.9171752929687500
1943.8767              271.9082031250000000
1943.9589              272.8547363281250000
1944.0437              273.9643859863281250
1944.1257              274.5691223144531250
1944.2076              274.3330383300781250
1944.2924              273.8179931640625000
1944.3743              273.1218872070312500
1944.4590              272.2846374511718750
1944.5410              271.8707885742187500
1944.6257              271.7519836425781250
1944.7103              271.6604614257812500
1944.7924              271.5027465820312500
1944.8771              271.5369262695312500
1944.9590              271.7020263671875000
1945.0438              272.8059997558593750
1945.1260              273.5787048339843750
1945.2054              273.7585754394531250
1945.2904              273.4418945312500000
1945.3726              272.9342346191406250
1945.4575              272.1999511718750000
1945.5397              272.0181579589843750
1945.6246              271.7906188964843750
1945.7096              271.6064453125000000
1945.7917              271.5419311523437500
1945.8767              271.5493164062500000
1945.9589              272.0244140625000000
1946.0438              273.1401977539062500
1946.1260              273.8013000488281250
1946.2054              273.7690429687500000
1946.2904              273.2294616699218750
1946.3726              272.5064697265625000
1946.4575              271.8903808593750000
1946.5397              271.7640686035156250
1946.6246              271.7276916503906250
1946.7096              271.6825256347656250
1946.7917              271.8574829101562500
1946.8767              271.8706359863281250
1946.9589              272.0161132812500000
1947.0438              273.0487670898437500
1947.1260              273.6554870605468750
1947.2054              273.5543823242187500
1947.2904              272.8510437011718750
1947.3726              272.2931518554687500
1947.4575              272.0184936523437500
1947.5397              271.9684753417968750
1947.6246              271.8669738769531250
1947.7096              271.7609558105468750
1947.7917              271.7395935058593750
1947.8767              271.7033996582031250
1947.9589              272.0000305175781250
1948.0437              273.1976928710937500
1948.1257              273.7410583496093750
1948.2076              273.6147155761718750
1948.2924              273.0337219238281250
1948.3743              272.1374816894531250
1948.4590              271.6575012207031250
1948.5410              271.5615234375000000
1948.6257              271.5186767578125000
1948.7103              271.4812927246093750
1948.7924              271.4754638671875000
1948.8771              271.4859619140625000
1948.9590              271.6371154785156250
1949.0438              272.6723327636718750
1949.1260              273.4452514648437500
1949.2054              273.3898925781250000
1949.2904              272.9030761718750000
1949.3726              272.1403198242187500
1949.4575              271.9558105468750000
1949.5397              271.8167419433593750
1949.6246              271.5882568359375000
1949.7096              271.5317993164062500
1949.7917              271.5405578613281250
1949.8767              271.6651306152343750
1949.9589              271.9900817871093750
1950.0438              273.1157531738281250
1950.1260              273.6100158691406250
1950.2054              273.5725708007812500
1950.2904              273.0955505371093750
1950.3726              272.4220886230468750
1950.4575              272.1138305664062500
1950.5397              271.8600158691406250
1950.6246              271.6915588378906250
1950.7096              271.6026916503906250
1950.7917              271.5854492187500000
1950.8767              271.6047363281250000
1950.9589              271.7431945800781250
1951.0438              272.8193664550781250
1951.1260              273.6112976074218750
1951.2054              273.8631896972656250
1951.2904              273.4725036621093750
1951.3726              272.6916198730468750
1951.4575              271.9807434082031250
1951.5397              271.6439514160156250
1951.6246              271.5280151367187500
1951.7096              271.4570922851562500
1951.7917              271.5178222656250000
1951.8767              271.6419677734375000
1951.9589              272.1405639648437500
1952.0437              273.3295593261718750
1952.1257              274.1109924316406250
1952.2076              273.9517517089843750
1952.2924              273.4824523925781250
1952.3743              272.9693298339843750
1952.4590              272.2737426757812500
1952.5410              272.1074523925781250
1952.6257              271.9479980468750000
1952.7103              271.8644714355468750
1952.7924              271.8343811035156250
1952.8771              271.9191589355468750
1952.9590              272.5640258789062500
1953.0438              273.5276489257812500
1953.1260              273.9461364746093750
1953.2054              274.0947570800781250
1953.2904              273.6900634765625000
1953.3726              272.9539184570312500
1953.4575              272.0162963867187500
1953.5397              271.8869628906250000
1953.6246              271.8420410156250000
1953.7096              271.7955322265625000
1953.7917              271.7901306152343750
1953.8767              271.8307189941406250
1953.9589              272.3108520507812500
1954.0438              273.5036315917968750
1954.1260              274.1461791992187500
1954.2054              274.0687866210937500
1954.2904              273.4043579101562500
1954.3726              272.8344116210937500
1954.4575              272.2243347167968750
1954.5397              271.9328308105468750
1954.6246              271.6340026855468750
1954.7096              271.5046386718750000
1954.7917              271.4529418945312500
1954.8767              271.5132751464843750
1954.9589              271.8887023925781250
1955.0438              273.1539306640625000
1955.1260              273.9931030273437500
1955.2054              274.0023193359375000
1955.2904              273.5515441894531250
1955.3726              272.6288146972656250
1955.4575              271.8422546386718750
1955.5397              271.8114929199218750
1955.6246              271.7650451660156250
1955.7096              271.6014099121093750
1955.7917              271.5494079589843750
1955.8767              271.5769042968750000
1955.9589              271.9849548339843750
1956.0437              273.1139831542968750
1956.1257              273.6976318359375000
1956.2076              273.5993652343750000
1956.2924              273.2614135742187500
1956.3743              272.6697082519531250
1956.4590              272.0812683105468750
1956.5410              271.9590454101562500
1956.6257              271.7886047363281250
1956.7103              271.7172546386718750
1956.7924              271.7644653320312500
1956.8771              271.7973327636718750
1956.9590              272.1496582031250000
1957.0438              273.3036804199218750
1957.1260              273.8260498046875000
1957.2054              273.8144836425781250
1957.2904              273.3860473632812500
1957.3726              272.5019226074218750
1957.4575              272.2324218750000000
1957.5397              272.2321166992187500
1957.6246              272.0904235839843750
1957.7096              271.8889160156250000
1957.7917              271.8152160644531250
1957.8767              271.7419128417968750
1957.9589              271.7610168457031250
1958.0438              272.5596313476562500
1958.1260              273.2029418945312500
1958.2054              273.1984252929687500
1958.2904              272.7831726074218750
1958.3726              272.2894897460937500
1958.4575              271.9431152343750000
1958.5397              271.8499755859375000
1958.6246              271.7458496093750000
1958.7096              271.7012023925781250
1958.7917              271.7169799804687500
1958.8767              271.7584838867187500
1958.9589              272.0164489746093750
1959.0438              273.1076049804687500
1959.1260              273.7016296386718750
1959.2054              273.7516784667968750
1959.2904              273.2739257812500000
1959.3726              272.3766174316406250
1959.4575              271.9247131347656250
1959.5397              271.8264465332031250
1959.6246              271.8002929687500000
1959.7096              271.6079406738281250
1959.7917              271.6499938964843750
1959.8767              271.6860046386718750
1959.9589              272.1745605468750000
1960.0437              273.5532836914062500
1960.1257              274.1869201660156250
1960.2076              274.1849365234375000
1960.2924              273.6660461425781250
1960.3743              272.9179077148437500
1960.4590              272.0782165527343750
1960.5410              271.6788635253906250
1960.6257              271.6268615722656250
1960.7103              271.5905456542968750
1960.7924              271.5155334472656250
1960.8771              271.5540161132812500
1960.9590              271.9940490722656250
1961.0438              273.4184265136718750
1961.1260              274.2012634277343750
1961.2054              274.4064941406250000
1961.2904              273.6641235351562500
1961.3726              272.8494567871093750
1961.4575              272.0938415527343750
1961.5397              271.6932373046875000
1961.6246              271.5179138183593750
1961.7096              271.5416870117187500
1961.7917              271.4516601562500000
1961.8767              271.6659851074218750
1961.9589              272.2911071777343750
1962.0438              273.5016479492187500
1962.1260              274.1375732421875000
1962.2054              274.1626892089843750
1962.2904              273.4620971679687500
1962.3726              272.4359436035156250
1962.4575              271.9294738769531250
1962.5397              271.7310791015625000
1962.6246              271.5119018554687500
1962.7096              271.4279479980468750
1962.7917              271.4301757812500000
1962.8767              271.5476684570312500
1962.9589              271.7098083496093750
1963.0438              272.8527221679687500
1963.1260              273.5141296386718750
1963.2054              273.4784240722656250
1963.2904              273.1474609375000000
1963.3726              272.4774475097656250
1963.4575              272.0416564941406250
1963.5397              271.7986145019531250
1963.6246              271.6351013183593750
1963.7096              271.5203552246093750
1963.7917              271.5174865722656250
1963.8767              271.5970458984375000
1963.9589              272.4931030273437500
1964.0437              273.5193786621093750
1964.1257              274.1849975585937500
1964.2076              274.0252685546875000
1964.2924              273.4718322753906250
1964.3743              272.8053588867187500
1964.4590              272.0381164550781250
1964.5410              271.8435974121093750
1964.6257              271.6166076660156250
1964.7103              271.4656982421875000
1964.7924              271.4088439941406250
1964.8771              271.5360107421875000
1964.9590              272.4878540039062500
1965.0438              273.5535278320312500
1965.1260              274.1146850585937500
1965.2054              274.0831604003906250
1965.2904              273.7803344726562500
1965.3726              273.2246704101562500
1965.4575              272.2598876953125000
1965.5397              271.9378051757812500
1965.6246              271.8009033203125000
1965.7096              271.6996765136718750
1965.7917              271.7121276855468750
1965.8767              271.7476196289062500
1965.9589              272.0275268554687500
1966.0438              273.1678161621093750
1966.1260              273.8765258789062500
1966.2054              273.8161010742187500
1966.2904              273.5137939453125000
1966.3726              272.8920593261718750
1966.4575              272.0972595214843750
1966.5397              272.0937194824218750
1966.6246              271.9671325683593750
1966.7096              271.7823486328125000
1966.7917              271.6982116699218750
1966.8767              271.6603088378906250
1966.9589              271.9787292480468750
1967.0438              273.0491027832031250
1967.1260              273.8475036621093750
1967.2054              273.7796630859375000
1967.2904              273.2548828125000000
1967.3726              272.3423461914062500
1967.4575              272.0785827636718750
1967.5397              271.9515991210937500
1967.6246              271.8119201660156250
1967.7096              271.6155700683593750
1967.7917              271.4862976074218750
1967.8767              271.4309387207031250
1967.9589              271.9096069335937500
1968.0437              273.2257690429687500
1968.1257              274.0196228027343750
1968.2076              273.8927001953125000
1968.2924              273.4720764160156250
1968.3743              272.8704223632812500
1968.4590              272.1893920898437500
1968.5410              272.0400695800781250
1968.6257              272.0492248535156250
1968.7103              271.8647766113281250
1968.7924              271.6787414550781250
1968.8771              271.8710632324218750
1968.9590              272.9942321777343750
1969.0438              274.1858215332031250
1969.1260              274.8052062988281250
1969.2054              274.6840820312500000
1969.2904              274.0395812988281250
1969.3726              273.1053466796875000
1969.4575              272.1447448730468750
1969.5397              271.7125854492187500
1969.6246              271.5884704589843750
1969.7096              271.4944763183593750
1969.7917              271.3969726562500000
1969.8767              271.3698730468750000
1969.9589              271.7893676757812500
1970.0438              273.0149230957031250
1970.1260              273.7138061523437500
1970.2054              273.7671813964843750
1970.2904              273.3470458984375000
1970.3726              272.5900573730468750
1970.4575              271.9851684570312500
1970.5397              271.8652038574218750
1970.6246              271.7602233886718750
1970.7096              271.6847534179687500
1970.7917              271.6392822265625000
1970.8767              271.6918945312500000
1970.9589              272.1708679199218750
1971.0438              273.4403686523437500
1971.1260              274.0250854492187500
1971.2054              274.0739440917968750
1971.2904              273.4681396484375000
1971.3726              272.5018310546875000
1971.4575              272.0015563964843750
1971.5397              271.9015502929687500
1971.6246              271.8263854980468750
1971.7096              271.7909545898437500
1971.7917              271.5559692382812500
1971.8767              271.8895263671875000
1971.9589              272.9507751464843750
1972.0437              274.0619812011718750
1972.1257              274.7715759277343750
1972.2076              274.8560485839843750
1972.2924              274.2585754394531250
1972.3743              273.5046386718750000
1972.4590              272.4812316894531250
1972.5410              271.6082458496093750
1972.6257              271.4463806152343750
1972.7103              271.3441772460937500
1972.7924              271.3210449218750000
1972.8771              271.3395690917968750
1972.9590              271.8206481933593750
1973.0438              273.1697998046875000
1973.1260              273.7977600097656250
1973.2054              273.8772583007812500
1973.2904              273.3221130371093750
1973.3726              272.4598083496093750
1973.4575              271.8906555175781250
1973.5397              271.5955200195312500
1973.6246              271.5385742187500000
1973.7096              271.5654296875000000
1973.7917              271.5287780761718750
1973.8767              271.5802612304687500
1973.9589              272.4127197265625000
1974.0438              273.7156982421875000
1974.1260              274.2570190429687500
1974.2054              274.2468872070312500
1974.2904              273.6875000000000000
1974.3726              273.0087280273437500
1974.4575              272.2943115234375000
1974.5397              271.8861389160156250
1974.6246              271.5615539550781250
1974.7096              271.4275207519531250
1974.7917              271.3926086425781250
1974.8767              271.4046936035156250
1974.9589              271.9803771972656250
1975.0438              273.1637268066406250
1975.1260              273.8539428710937500
1975.2054              273.7833862304687500
1975.2904              273.2867431640625000
1975.3726              272.6582031250000000
1975.4575              271.9801635742187500
1975.5397              271.7235412597656250
1975.6246              271.4766845703125000
1975.7096              271.5025329589843750
1975.7917              271.5015258789062500
1975.8767              271.5738830566406250
1975.9589              272.2861328125000000
1976.0437              273.4039001464843750
1976.1257              273.9916076660156250
1976.2076              273.8381042480468750
1976.2924              273.2625122070312500
1976.3743              272.7836608886718750
1976.4590              272.0787048339843750
1976.5410              271.9081420898437500
1976.6257              271.8999938964843750
1976.7103              271.8416442871093750
1976.7924              271.8244018554687500
1976.8771              271.8802490234375000
1976.9590              272.7836914062500000
1977.0438              273.7876586914062500
1977.1260              274.3537902832031250
1977.2054              274.3598022460937500
1977.2904              274.0188598632812500
1977.3726              273.4300231933593750
1977.4575              272.6967773437500000
1977.5397              272.0167236328125000
1977.6246              271.7912902832031250
1977.7096              271.6921997070312500
1977.7917              271.6376342773437500
1977.8767              271.7561645507812500
1977.9589              272.0806274414062500
1978.0438              273.2018432617187500
1978.1260              273.9464721679687500
1978.2054              274.0258178710937500
1978.2904              273.3002624511718750
1978.3726              272.3218994140625000
1978.4575              272.0537414550781250
1978.5397              271.9609680175781250
1978.6246              271.9287719726562500
1978.7096              271.9425964355468750
1978.7917              271.9079284667968750
1978.8767              271.9491577148437500
1978.9589              272.7944335937500000
1979.0438              273.7547302246093750
1979.1260              274.1610717773437500
1979.2054              274.0713195800781250
1979.2904              273.5957336425781250
1979.3726              272.6438903808593750
1979.4575              272.2029724121093750
1979.5397              271.8754577636718750
1979.6246              271.6092529296875000
1979.7096              271.5132141113281250
1979.7917              271.5473937988281250
1979.8767              271.5704345703125000
1979.9589              272.2582092285156250
1980.0437              273.3529052734375000
1980.1257              273.8384704589843750
1980.2076              273.8459472656250000
1980.2924              273.4286499023437500
1980.3743              272.8307495117187500
1980.4590              271.8394470214843750
1980.5410              271.6217041015625000
1980.6257              271.5820617675781250
1980.7103              271.5195312500000000
1980.7924              271.4749450683593750
1980.8771              271.4734191894531250
1980.9590              271.6322631835937500
1981.0438              272.7518310546875000
1981.1260              273.4054260253906250
1981.2054              273.4002075195312500
1981.2904              272.7974243164062500
1981.3726              271.8513183593750000
1981.4575              271.7456970214843750
1981.5397              271.6129455566406250
1981.6246              271.4755249023437500
1981.7096              271.4006652832031250
1981.7917              271.4075012207031250
1981.8767              271.4060974121093750
1981.9589              271.6379089355468750
1982.0438              272.6425170898437500
1982.1260              273.3498229980468750
1982.2054              273.3906860351562500
1982.2904              272.8272399902343750
1982.3726              272.0836486816406250
1982.4575              271.9369201660156250
1982.5397              271.8892211914062500
1982.6246              271.7929992675781250
1982.7096              271.6531066894531250
1982.7917              271.5656127929687500
1982.8767              271.5540161132812500
1982.9589              271.7126159667968750
1983.0438              272.6736450195312500
1983.1260              273.4279174804687500
1983.2054              273.4990234375000000
1983.2904              273.0113220214843750
1983.3726              272.1251831054687500
1983.4575              271.8639526367187500
1983.5397              271.8075256347656250
1983.6246              271.7926330566406250
1983.7096              271.6542053222656250
1983.7917              271.5700073242187500
1983.8767              271.7178344726562500
1983.9589              272.2671813964843750
1984.0437              273.4342956542968750
1984.1257              274.0367126464843750
1984.2076              273.9818420410156250
1984.2924              273.6399841308593750
1984.3743              273.0396728515625000
1984.4590              272.2123107910156250
1984.5410              271.9181518554687500
1984.6257              271.7355041503906250
1984.7103              271.6736755371093750
1984.7924              271.7367553710937500
1984.8771              271.8086853027343750
1984.9590              272.7792053222656250
1985.0438              273.8726196289062500
1985.1260              274.2963562011718750
1985.2054              274.1465454101562500
1985.2904              273.5487976074218750
1985.3726              272.8099365234375000
1985.4575              272.0393371582031250
1985.5397              271.9176025390625000
1985.6246              271.8494873046875000
1985.7096              271.6682434082031250
1985.7917              271.5721740722656250
1985.8767              271.6028137207031250
1985.9589              272.4921264648437500
1986.0438              273.5627136230468750
1986.1260              274.1234741210937500
1986.2054              274.0445861816406250
1986.2904              273.3434753417968750
1986.3726              272.6417236328125000
1986.4575              272.0070190429687500
1986.5397              271.7761535644531250
1986.6246              271.6403198242187500
1986.7096              271.5025329589843750
1986.7917              271.4984436035156250
1986.8767              271.6632385253906250
1986.9589              271.9302978515625000
1987.0438              273.0845642089843750
1987.1260              273.9156494140625000
1987.2054              274.1158752441406250
1987.2904              273.4998168945312500
1987.3726              272.7552185058593750
1987.4575              271.9043273925781250
1987.5397              271.7979736328125000
1987.6246              271.7155456542968750
1987.7096              271.6218261718750000
1987.7917              271.5821533203125000
1987.8767              271.5513610839843750
1987.9589              271.7990417480468750
1988.0437              273.0566406250000000
1988.1257              273.6972045898437500
1988.2076              273.5109252929687500
1988.2924              273.0117492675781250
1988.3743              272.5891418457031250
1988.4590              272.2306518554687500
1988.5410              271.9231872558593750
1988.6257              271.6918640136718750
1988.7103              271.5473937988281250
1988.7924              271.5207519531250000
1988.8771              271.5259399414062500
1988.9590              271.8939208984375000
1989.0438              273.1032104492187500
1989.1260              273.8149414062500000
1989.2054              273.8784790039062500
1989.2904              273.5410766601562500
1989.3726              273.0162048339843750
1989.4575              272.2281188964843750
1989.5397              271.8824462890625000
1989.6246              271.8665161132812500
1989.7096              271.9191894531250000
1989.7917              271.9573364257812500
1989.8767              272.0274353027343750
1989.9589              272.3572692871093750
1990.0438              273.4993286132812500
1990.1260              274.2048950195312500
1990.2054              274.2183227539062500
1990.2904              273.7585449218750000
1990.3726              273.0026855468750000
1990.4575              272.4750671386718750
1990.5397              272.0566711425781250
1990.6246              271.8992919921875000
1990.7096              271.7890319824218750
1990.7917              271.6843566894531250
1990.8767              271.7598876953125000
1990.9589              272.1960754394531250
1991.0438              273.3947753906250000
1991.1260              274.1149902343750000
1991.2054              274.0769958496093750
1991.2904              273.7003173828125000
1991.3726              273.1449890136718750
1991.4575              272.5287475585937500
1991.5397              271.8712768554687500
1991.6246              271.5701293945312500
1991.7096              271.4762573242187500
1991.7917              271.5798645019531250
1991.8767              271.7470703125000000
1991.9589              272.7332763671875000
1992.0437              273.7514648437500000
1992.1257              274.3260498046875000
1992.2076              274.2669067382812500
1992.2924              273.8536376953125000
1992.3743              273.2575378417968750
1992.4590              272.4057922363281250
1992.5410              271.9254760742187500
1992.6257              271.8231811523437500
1992.7103              271.4707031250000000
1992.7924              271.4759216308593750
1992.8771              271.5495910644531250
1992.9590              272.0987548828125000
1993.0438              273.4924621582031250
1993.1260              274.2095031738281250
1993.2054              274.2110595703125000
1993.2904              273.7265014648437500
1993.3726              272.9737243652343750
1993.4575              272.3680114746093750
1993.5397              272.0395507812500000
1993.6246              271.7440490722656250
1993.7096              271.5814208984375000
1993.7917              271.5923156738281250
1993.8767              271.9499206542968750
1993.9589              273.0091552734375000
1994.0438              274.1019287109375000
1994.1260              274.6160278320312500
1994.2054              274.5265502929687500
1994.2904              274.0379943847656250
1994.3726              273.3116455078125000
1994.4575              272.1509094238281250
1994.5397              271.6375732421875000
1994.6246              271.4803161621093750
1994.7096              271.4844665527343750
1994.7917              271.4843444824218750
1994.8767              271.6331481933593750
1994.9589              272.7443847656250000
1995.0438              274.1071472167968750
1995.1260              274.7633361816406250
1995.2054              274.6420898437500000
1995.2904              274.0379028320312500
1995.3726              273.4020385742187500
1995.4575              272.5912475585937500
1995.5397              271.8233642578125000
1995.6246              271.5911560058593750
1995.7096              271.3805541992187500
1995.7917              271.3051757812500000
1995.8767              271.3279113769531250
1995.9589              272.1922607421875000
1996.0437              273.3562011718750000
1996.1257              274.0375976562500000
1996.2076              274.2334899902343750
1996.2924              274.0250244140625000
1996.3743              273.3005676269531250
1996.4590              272.4211730957031250
1996.5410              271.5956115722656250
1996.6257              271.4596557617187500
1996.7103              271.4394531250000000
1996.7924              271.4084167480468750
1996.8771              271.5004272460937500
1996.9590              271.8653869628906250
1997.0438              273.1625366210937500
1997.1260              273.7947692871093750
1997.2054              273.8235778808593750
1997.2904              273.3163757324218750
1997.3726              272.6489257812500000
1997.4575              272.0753784179687500
1997.5397              272.0374145507812500
1997.6246              272.0805053710937500
1997.7096              271.9178161621093750
1997.7917              271.8445739746093750
1997.8767              271.7947998046875000
1997.9589              272.4486389160156250
1998.0438              273.5031127929687500
1998.1260              274.0716552734375000
1998.2054              274.1057434082031250
1998.2904              273.5646057128906250
1998.3726              272.7986450195312500
1998.4575              272.1862182617187500
1998.5397              272.2024536132812500
1998.6246              272.1128845214843750
1998.7096              272.0196533203125000
1998.7917              271.8631591796875000
1998.8767              271.8212585449218750
1998.9589              272.5477600097656250
1999.0438              273.7088928222656250
1999.1260              274.1647644042968750
1999.2054              274.0896606445312500
1999.2904              273.6883850097656250
1999.3726              273.0950622558593750
1999.4575              272.2818603515625000
1999.5397              271.8192749023437500
1999.6246              271.5795288085937500
1999.7096              271.4885559082031250
1999.7917              271.5445251464843750
1999.8767              271.6069641113281250
1999.9589              272.3396301269531250
2000.0437              273.5466613769531250
2000.1257              274.1940307617187500
2000.2076              274.1894531250000000
2000.2924              273.6077270507812500
2000.3743              272.8393859863281250
2000.4590              272.2765502929687500
2000.5410              272.1031494140625000
2000.6257              271.9164733886718750
2000.7103              271.9233093261718750
2000.7924              271.9056091308593750
2000.8771              271.9045410156250000
2000.9590              272.1634521484375000
