1860.0437              273.6216125488281250
1860.1257              274.0179138183593750
1860.2076              273.9423217773437500
1860.2924              273.4736328125000000
1860.3743              272.8291015625000000
1860.4590              272.5121459960937500
1860.5410              272.1682739257812500
1860.6257              271.8692932128906250
1860.7103              271.5050964355468750
1860.7924              271.6401062011718750
1860.8771              272.3085327148437500
1860.9590              273.3547058105468750
1861.0438              274.2532348632812500
1861.1260              274.6968383789062500
1861.2054              274.8084716796875000
1861.2904              274.1626281738281250
1861.3726              273.3840637207031250
1861.4575              272.6062316894531250
1861.5397              272.0408325195312500
1861.6246              271.5842590332031250
1861.7096              271.3478393554687500
1861.7917              271.3961486816406250
1861.8767              271.8719482421875000
1861.9589              272.9782409667968750
1862.0438              273.5917968750000000
1862.1260              273.9666137695312500
1862.2054              274.0386962890625000
1862.2904              273.7409973144531250
1862.3726              273.1840820312500000
1862.4575              272.5130310058593750
1862.5397              271.9537048339843750
1862.6246              271.4160156250000000
1862.7096              271.3395690917968750
1862.7917              271.3627624511718750
1862.8767              271.5993652343750000
1862.9589              272.5592956542968750
1863.0438              273.4850769042968750
1863.1260              273.8759765625000000
1863.2054              273.6372680664062500
1863.2904              273.1952209472656250
1863.3726              272.6106872558593750
1863.4575              272.1152343750000000
1863.5397              271.6549377441406250
1863.6246              271.3999023437500000
1863.7096              271.5090026855468750
1863.7917              271.5065002441406250
1863.8767              271.5126037597656250
1863.9589              272.1790771484375000
1864.0437              273.0564880371093750
1864.1257              273.5863952636718750
1864.2076              273.6219177246093750
1864.2924              273.3041381835937500
1864.3743              272.6800537109375000
1864.4590              272.0724792480468750
1864.5410              271.4557495117187500
1864.6257              271.3224182128906250
1864.7103              271.5031433105468750
1864.7924              271.5502624511718750
1864.8771              272.0241394042968750
1864.9590              272.9465637207031250
1865.0438              273.7209167480468750
1865.1260              274.1326904296875000
1865.2054              274.1258239746093750
1865.2904              273.5777282714843750
1865.3726              272.9741516113281250
1865.4575              272.1730346679687500
1865.5397              271.4870300292968750
1865.6246              271.4107360839843750
1865.7096              271.5409851074218750
1865.7917              271.4723510742187500
1865.8767              271.7113037109375000
1865.9589              272.5874633789062500
1866.0438              273.6073303222656250
1866.1260              274.2770080566406250
1866.2054              274.1082458496093750
1866.2904              273.5629882812500000
1866.3726              272.8003540039062500
1866.4575              272.1207275390625000
1866.5397              271.6237487792968750
1866.6246              271.3708496093750000
1866.7096              271.3542480468750000
1866.7917              271.3603820800781250
1866.8767              271.4561157226562500
1866.9589              272.3171997070312500
1867.0438              273.3677368164062500
1867.1260              273.6947326660156250
1867.2054              273.6095886230468750
1867.2904              273.0358581542968750
1867.3726              272.4197082519531250
1867.4575              271.9504699707031250
1867.5397              271.4902038574218750
1867.6246              271.2774658203125000
1867.7096              271.3000183105468750
1867.7917              271.3828735351562500
1867.8767              271.6010742187500000
1867.9589              272.2597045898437500
1868.0437              273.2270202636718750
1868.1257              273.5738525390625000
1868.2076              273.6489562988281250
1868.2924              273.1398315429687500
1868.3743              272.5653991699218750
1868.4590              271.8136901855468750
1868.5410              271.4002990722656250
1868.6257              271.3293762207031250
1868.7103              271.4943542480468750
1868.7924              271.5903930664062500
1868.8771              271.6579284667968750
1868.9590              272.4581604003906250
1869.0438              273.3638305664062500
1869.1260              273.7850036621093750
1869.2054              273.9143066406250000
1869.2904              273.6105957031250000
1869.3726              273.0722045898437500
1869.4575              272.3431091308593750
1869.5397              271.6466674804687500
1869.6246              271.3210449218750000
1869.7096              271.5070800781250000
1869.7917              271.7566833496093750
1869.8767              271.8862304687500000
1869.9589              272.6075439453125000
1870.0438              273.4856872558593750
1870.1260              274.0058593750000000
1870.2054              274.0626831054687500
1870.2904              273.6726684570312500
1870.3726              272.8894958496093750
1870.4575              272.1927490234375000
1870.5397              271.3935241699218750
1870.6246              271.3155517578125000
1870.7096              271.6652526855468750
1870.7917              271.5939636230468750
1870.8767              271.6385498046875000
1870.9589              272.6327514648437500
1871.0438              273.8007812500000000
1871.1260              274.2262878417968750
1871.2054              274.1149291992187500
1871.2904              273.5960388183593750
1871.3726              272.8960266113281250
1871.4575              272.1025695800781250
1871.5397              271.3853454589843750
1871.6246              271.3397827148437500
1871.7096              271.6614685058593750
1871.7917              271.9355163574218750
1871.8767              272.1723937988281250
1871.9589              272.9331054687500000
1872.0437              273.6632995605468750
1872.1257              274.0059204101562500
1872.2076              273.6954040527343750
1872.2924              273.0668945312500000
1872.3743              272.4435119628906250
1872.4590              271.5434875488281250
1872.5410              271.4077148437500000
1872.6257              271.4591979980468750
1872.7103              271.6292114257812500
1872.7924              271.7679138183593750
1872.8771              271.7947692871093750
1872.9590              272.3841857910156250
1873.0438              273.2021484375000000
1873.1260              273.6720886230468750
1873.2054              273.7403259277343750
1873.2904              273.2019653320312500
1873.3726              272.4016113281250000
1873.4575              271.6690368652343750
1873.5397              271.3334350585937500
1873.6246              271.6891479492187500
1873.7096              271.7351684570312500
1873.7917              271.4583129882812500
1873.8767              271.6581420898437500
1873.9589              272.6488037109375000
1874.0438              273.7202453613281250
1874.1260              274.4444274902343750
1874.2054              274.4326171875000000
1874.2904              273.8833312988281250
1874.3726              273.0680236816406250
1874.4575              272.2728271484375000
1874.5397              271.4779052734375000
1874.6246              271.5995178222656250
1874.7096              271.9193420410156250
1874.7917              271.7227478027343750
1874.8767              271.7232055664062500
1874.9589              272.3723754882812500
1875.0438              273.2487182617187500
1875.1260              273.7471313476562500
1875.2054              273.7732849121093750
1875.2904              273.3904724121093750
1875.3726              272.6917419433593750
1875.4575              272.1224365234375000
1875.5397              271.5188903808593750
1875.6246              271.5022583007812500
1875.7096              271.5923461914062500
1875.7917              271.7319641113281250
1875.8767              271.9083862304687500
1875.9589              272.7039489746093750
1876.0437              273.5234985351562500
1876.1257              273.7469482421875000
1876.2076              273.9700317382812500
1876.2924              273.4554443359375000
1876.3743              272.7490539550781250
1876.4590              271.9555664062500000
1876.5410              271.3533020019531250
1876.6257              271.3280944824218750
1876.7103              271.7007751464843750
1876.7924              271.8212280273437500
1876.8771              271.9737243652343750
1876.9590              272.6939086914062500
1877.0438              273.6478576660156250
1877.1260              273.9765319824218750
1877.2054              273.8414001464843750
1877.2904              273.2554626464843750
1877.3726              272.5536193847656250
1877.4575              271.8973083496093750
1877.5397              271.3743591308593750
1877.6246              271.3006591796875000
1877.7096              271.4194030761718750
1877.7917              271.6143188476562500
1877.8767              272.1542053222656250
1877.9589              273.0338134765625000
1878.0438              273.8207702636718750
1878.1260              274.1140441894531250
1878.2054              273.8938598632812500
1878.2904              273.2373657226562500
1878.3726              272.6429748535156250
1878.4575              272.0755004882812500
1878.5397              271.6279602050781250
1878.6246              271.3601074218750000
1878.7096              271.3439636230468750
1878.7917              271.3742980957031250
1878.8767              271.6094970703125000
1878.9589              272.5081787109375000
1879.0438              273.4284973144531250
1879.1260              273.8276672363281250
1879.2054              273.6592712402343750
1879.2904              273.1697082519531250
1879.3726              272.6378479003906250
1879.4575              271.9918212890625000
1879.5397              271.5000610351562500
1879.6246              271.3529052734375000
1879.7096              271.4183959960937500
1879.7917              271.5278015136718750
1879.8767              271.5785522460937500
1879.9589              272.2195739746093750
1880.0437              273.1133117675781250
1880.1257              273.4350585937500000
1880.2076              273.4571228027343750
1880.2924              273.0368652343750000
1880.3743              272.3720397949218750
1880.4590              271.7850952148437500
1880.5410              271.5010986328125000
1880.6257              271.3137207031250000
1880.7103              271.3036499023437500
1880.7924              271.2886962890625000
1880.8771              271.5621948242187500
1880.9590              272.5282592773437500
1881.0438              273.5361022949218750
1881.1260              273.9127197265625000
1881.2054              274.0140991210937500
1881.2904              273.7090148925781250
1881.3726              273.0699157714843750
1881.4575              272.3692321777343750
1881.5397              271.5499572753906250
1881.6246              271.3213500976562500
1881.7096              271.3366394042968750
1881.7917              271.3345031738281250
1881.8767              271.4961547851562500
1881.9589              272.2863159179687500
1882.0438              273.3494567871093750
1882.1260              273.8497009277343750
1882.2054              274.0455627441406250
1882.2904              273.8039855957031250
1882.3726              273.1203918457031250
1882.4575              272.4434204101562500
1882.5397              271.5171203613281250
1882.6246              271.3270568847656250
1882.7096              271.6665344238281250
1882.7917              271.9853820800781250
1882.8767              272.1031188964843750
1882.9589              272.7896728515625000
1883.0438              273.6202087402343750
1883.1260              274.1446533203125000
1883.2054              274.2095336914062500
1883.2904              273.7879028320312500
1883.3726              273.0654296875000000
1883.4575              272.3344421386718750
1883.5397              271.7031555175781250
1883.6246              271.3446044921875000
1883.7096              271.2950439453125000
1883.7917              271.3188171386718750
1883.8767              271.5578002929687500
1883.9589              272.4435729980468750
1884.0437              273.3135375976562500
1884.1257              273.5343627929687500
1884.2076              273.3613586425781250
1884.2924              272.9279174804687500
1884.3743              272.2886352539062500
1884.4590              271.7777709960937500
1884.5410              271.4114379882812500
1884.6257              271.4507141113281250
1884.7103              271.7915954589843750
1884.7924              272.0597839355468750
1884.8771              271.9884643554687500
1884.9590              272.4825439453125000
1885.0438              273.3194885253906250
1885.1260              273.5779113769531250
1885.2054              273.4313049316406250
1885.2904              272.8539733886718750
1885.3726              272.1527404785156250
1885.4575              271.4335021972656250
1885.5397              271.5314331054687500
1885.6246              271.7121276855468750
1885.7096              271.7790527343750000
1885.7917              271.8211059570312500
1885.8767              272.0914001464843750
1885.9589              272.6674194335937500
1886.0438              273.3187866210937500
1886.1260              273.6471252441406250
1886.2054              273.7190856933593750
1886.2904              273.3069152832031250
1886.3726              272.4294128417968750
1886.4575              271.5997314453125000
1886.5397              271.3575439453125000
1886.6246              271.3622436523437500
1886.7096              271.4388427734375000
1886.7917              271.3322143554687500
1886.8767              271.4592895507812500
1886.9589              272.3071594238281250
1887.0438              273.1996154785156250
1887.1260              273.6632690429687500
1887.2054              273.5204772949218750
1887.2904              273.1432800292968750
1887.3726              272.5108032226562500
1887.4575              272.0205078125000000
1887.5397              271.5632629394531250
1887.6246              271.3512573242187500
1887.7096              271.3156738281250000
1887.7917              271.3424682617187500
1887.8767              271.5700683593750000
1887.9589              272.4580993652343750
1888.0437              273.2537841796875000
1888.1257              273.5271606445312500
1888.2076              273.5131835937500000
1888.2924              273.1259155273437500
1888.3743              272.3311462402343750
1888.4590              271.6234436035156250
1888.5410              271.4041442871093750
1888.6257              271.3408508300781250
1888.7103              271.5393676757812500
1888.7924              271.4410705566406250
1888.8771              271.6046447753906250
1888.9590              272.4953308105468750
1889.0438              273.4291076660156250
1889.1260              273.8497924804687500
1889.2054              273.8822631835937500
1889.2904              273.5891723632812500
1889.3726              272.9674072265625000
1889.4575              272.1487426757812500
1889.5397              271.4897766113281250
1889.6246              271.2806396484375000
1889.7096              271.3122863769531250
1889.7917              271.2973327636718750
1889.8767              271.4169006347656250
1889.9589              272.2671508789062500
1890.0438              273.0476684570312500
1890.1260              273.5724792480468750
1890.2054              273.6550292968750000
1890.2904              273.2220458984375000
1890.3726              272.6178894042968750
1890.4575              271.8055725097656250
1890.5397              271.3596496582031250
1890.6246              271.3204650878906250
1890.7096              271.3672180175781250
1890.7917              271.3318176269531250
1890.8767              271.5602416992187500
1890.9589              272.4703979492187500
1891.0438              273.2800292968750000
1891.1260              273.6106567382812500
1891.2054              273.6745300292968750
1891.2904              273.1629638671875000
1891.3726              272.4486694335937500
1891.4575              271.8590698242187500
1891.5397              271.4490966796875000
1891.6246              271.6678161621093750
1891.7096              271.9507446289062500
1891.7917              272.0035400390625000
1891.8767              272.2565307617187500
1891.9589              272.9536437988281250
1892.0437              273.6665344238281250
1892.1257              274.1691894531250000
1892.2076              274.0346679687500000
1892.2924              273.4416503906250000
1892.3743              272.5762023925781250
1892.4590              271.8788452148437500
1892.5410              271.3623352050781250
1892.6257              271.6795959472656250
1892.7103              271.7371215820312500
1892.7924              271.5875854492187500
1892.8771              271.7026977539062500
1892.9590              272.4773864746093750
1893.0438              273.4033813476562500
1893.1260              273.8475036621093750
1893.2054              273.7992553710937500
1893.2904              273.4313964843750000
1893.3726              272.6427917480468750
1893.4575              271.7304687500000000
1893.5397              271.3482666015625000
1893.6246              271.3885498046875000
1893.7096              271.6894226074218750
1893.7917              271.7673034667968750
1893.8767              272.0968322753906250
1893.9589              272.9557189941406250
1894.0438              273.7478332519531250
1894.1260              274.1866455078125000
1894.2054              274.1071777343750000
1894.2904              273.7534179687500000
1894.3726              272.9591674804687500
1894.4575              272.1814270019531250
1894.5397              271.7363281250000000
1894.6246              271.3376464843750000
1894.7096              271.7069396972656250
1894.7917              271.7237854003906250
1894.8767              271.8150634765625000
1894.9589              272.5781250000000000
1895.0438              273.3364257812500000
1895.1260              273.8442382812500000
1895.2054              273.4923400878906250
1895.2904              272.9634399414062500
1895.3726              272.4623107910156250
1895.4575              271.8323974609375000
1895.5397              271.4251098632812500
1895.6246              271.8467407226562500
1895.7096              271.9786376953125000
1895.7917              271.8572692871093750
1895.8767              271.7855834960937500
1895.9589              272.5754394531250000
1896.0437              273.4072570800781250
1896.1257              273.8468933105468750
1896.2076              273.8896484375000000
1896.2924              273.2522277832031250
1896.3743              272.5539550781250000
1896.4590              271.6926879882812500
1896.5410              271.2952270507812500
1896.6257              271.3598327636718750
1896.7103              271.3381042480468750
1896.7924              271.3792419433593750
1896.8771              271.5196228027343750
1896.9590              272.3600158691406250
1897.0438              273.3374938964843750
1897.1260              273.8053588867187500
1897.2054              273.8493041992187500
1897.2904              273.4967651367187500
1897.3726              272.8138427734375000
1897.4575              272.2733154296875000
1897.5397              271.6342773437500000
1897.6246              271.4213256835937500
1897.7096              271.3402709960937500
1897.7917              271.3304748535156250
1897.8767              271.6235351562500000
1897.9589              272.4126281738281250
1898.0438              273.4112548828125000
1898.1260              273.8642578125000000
1898.2054              273.8874511718750000
1898.2904              273.5341186523437500
1898.3726              272.8052368164062500
1898.4575              272.0852661132812500
1898.5397              271.4069824218750000
1898.6246              271.3204956054687500
1898.7096              271.5894165039062500
1898.7917              271.8189392089843750
1898.8767              272.1941833496093750
1898.9589              272.8762207031250000
1899.0438              273.6318664550781250
1899.1260              274.0590820312500000
1899.2054              274.1238098144531250
1899.2904              273.5429687500000000
1899.3726              272.8183593750000000
1899.4575              272.0379028320312500
1899.5397              271.4690856933593750
1899.6246              271.4266967773437500
1899.7096              271.8032531738281250
1899.7917              271.6376647949218750
1899.8767              271.9285278320312500
1899.9589              272.8406677246093750
1900.0438              273.6249694824218750
1900.1260              273.9607849121093750
1900.2054              273.8211669921875000
1900.2904              273.3587951660156250
1900.3726              272.6925659179687500
1900.4575              272.2449340820312500
1900.5397              271.7283020019531250
1900.6246              271.3919677734375000
1900.7096              271.3342590332031250
1900.7917              271.3914794921875000
1900.8767              271.6028747558593750
1900.9589              272.5812377929687500
1901.0438              273.4232788085937500
1901.1260              273.6851806640625000
1901.2054              273.5117187500000000
1901.2904              273.2468261718750000
1901.3726              272.6586914062500000
1901.4575              271.9941406250000000
1901.5397              271.6437377929687500
1901.6246              271.4044189453125000
1901.7096              271.4167785644531250
1901.7917              271.5535888671875000
1901.8767              271.7304382324218750
1901.9589              272.7664794921875000
1902.0438              273.7407836914062500
1902.1260              274.3059082031250000
1902.2054              274.0303039550781250
1902.2904              273.5120544433593750
1902.3726              272.7940368652343750
1902.4575              272.0363464355468750
1902.5397              271.4417114257812500
1902.6246              271.3119506835937500
1902.7096              271.6470947265625000
1902.7917              271.7958984375000000
1902.8767              271.6589050292968750
1902.9589              272.4786987304687500
1903.0438              273.2776489257812500
1903.1260              273.4629821777343750
1903.2054              273.5092468261718750
1903.2904              273.1545410156250000
1903.3726              272.7654418945312500
1903.4575              272.0624694824218750
1903.5397              271.8435058593750000
1903.6246              271.5306396484375000
1903.7096              271.3599548339843750
1903.7917              271.3401489257812500
1903.8767              271.5507507324218750
1903.9589              272.4810791015625000
1904.0437              273.4153442382812500
1904.1257              273.8238525390625000
1904.2076              273.7901000976562500
1904.2924              273.2377319335937500
1904.3743              272.7947082519531250
1904.4590              272.1637268066406250
1904.5410              271.5186157226562500
1904.6257              271.3412475585937500
1904.7103              271.3607177734375000
1904.7924              271.8844604492187500
1904.8771              271.7597961425781250
1904.9590              272.3531799316406250
1905.0438              273.2293395996093750
1905.1260              273.7681274414062500
1905.2054              273.7370910644531250
1905.2904              273.2763977050781250
1905.3726              272.7339172363281250
1905.4575              271.9536132812500000
1905.5397              271.4899291992187500
1905.6246              271.4945678710937500
1905.7096              271.9266357421875000
1905.7917              272.0990295410156250
1905.8767              272.2396240234375000
1905.9589              273.1258239746093750
1906.0438              273.9551391601562500
1906.1260              274.2055358886718750
1906.2054              274.1406555175781250
1906.2904              273.5737915039062500
1906.3726              273.0191345214843750
1906.4575              272.3889770507812500
1906.5397              271.6077270507812500
1906.6246              271.3786315917968750
1906.7096              271.8016967773437500
1906.7917              271.7245483398437500
1906.8767              271.9419555664062500
1906.9589              272.8178100585937500
1907.0438              273.7503356933593750
1907.1260              273.9851989746093750
1907.2054              273.9509582519531250
1907.2904              273.5095520019531250
1907.3726              272.6985168457031250
1907.4575              271.8949584960937500
1907.5397              271.3756713867187500
1907.6246              271.3311767578125000
1907.7096              271.5778198242187500
1907.7917              271.6532287597656250
1907.8767              272.0486755371093750
1907.9589              272.9597473144531250
1908.0437              273.7823181152343750
1908.1257              274.1637268066406250
1908.2076              273.8247680664062500
1908.2924              273.3682556152343750
1908.3743              272.6575317382812500
1908.4590              271.8831481933593750
1908.5410              271.4822082519531250
1908.6257              271.3153991699218750
1908.7103              271.4768066406250000
1908.7924              271.3641357421875000
1908.8771              271.8436889648437500
1908.9590              272.7341918945312500
1909.0438              273.5169372558593750
1909.1260              273.8244018554687500
1909.2054              273.7815246582031250
1909.2904              273.3300476074218750
1909.3726              272.4159851074218750
1909.4575              271.5875854492187500
1909.5397              271.3281555175781250
1909.6246              271.3785705566406250
1909.7096              271.3524780273437500
1909.7917              271.4160766601562500
1909.8767              271.4985961914062500
1909.9589              271.7670593261718750
1910.0438              272.6399536132812500
1910.1260              273.1929321289062500
1910.2054              273.1811828613281250
1910.2904              272.6446838378906250
1910.3726              272.0884399414062500
1910.4575              271.4406127929687500
1910.5397              271.3183898925781250
1910.6246              271.7784118652343750
1910.7096              271.7720947265625000
1910.7917              271.8924560546875000
1910.8767              272.1412963867187500
1910.9589              272.8398132324218750
1911.0438              273.6509704589843750
1911.1260              274.1721801757812500
1911.2054              273.9925231933593750
1911.2904              273.4452209472656250
1911.3726              272.6949768066406250
1911.4575              272.0318603515625000
1911.5397              271.4288024902343750
1911.6246              271.4211730957031250
1911.7096              271.5061340332031250
1911.7917              271.3781433105468750
1911.8767              271.6040039062500000
1911.9589              272.3825683593750000
1912.0437              273.0953369140625000
1912.1257              273.3987426757812500
1912.2076              273.3512268066406250
1912.2924              272.9808044433593750
1912.3743              272.3748779296875000
1912.4590              271.6506652832031250
1912.5410              271.3440856933593750
1912.6257              271.2875061035156250
1912.7103              271.3658752441406250
1912.7924              271.4704895019531250
1912.8771              271.5508728027343750
1912.9590              272.0834960937500000
1913.0438              273.0053405761718750
1913.1260              273.4031372070312500
1913.2054              273.4398193359375000
1913.2904              272.9148254394531250
1913.3726              272.2494812011718750
1913.4575              271.7065429687500000
1913.5397              271.3760681152343750
1913.6246              271.3405456542968750
1913.7096              271.8155822753906250
1913.7917              271.5219421386718750
1913.8767              271.6672668457031250
1913.9589              272.6170959472656250
1914.0438              273.6131591796875000
1914.1260              274.1972045898437500
1914.2054              274.1872558593750000
1914.2904              273.7191162109375000
1914.3726              272.8801574707031250
1914.4575              271.7946472167968750
1914.5397              271.3295898437500000
1914.6246              271.3365783691406250
1914.7096              271.6063842773437500
1914.7917              271.7851867675781250
1914.8767              271.9839172363281250
1914.9589              272.8206787109375000
1915.0438              273.7986450195312500
1915.1260              274.4378356933593750
1915.2054              274.3385620117187500
1915.2904              273.7907714843750000
1915.3726              273.2030334472656250
1915.4575              272.4088745117187500
1915.5397              271.7486877441406250
1915.6246              271.3313293457031250
1915.7096              271.2941894531250000
1915.7917              271.3636169433593750
1915.8767              271.7742004394531250
1915.9589              272.7312316894531250
1916.0437              273.6033020019531250
1916.1257              274.1088562011718750
1916.2076              274.1688842773437500
1916.2924              273.7279052734375000
1916.3743              273.1014099121093750
1916.4590              272.4027099609375000
1916.5410              271.7013854980468750
1916.6257              271.3606262207031250
1916.7103              271.7684326171875000
1916.7924              272.0954895019531250
1916.8771              272.2082519531250000
1916.9590              273.0385131835937500
1917.0438              273.8056640625000000
1917.1260              274.2936096191406250
1917.2054              274.4928588867187500
1917.2904              274.2138977050781250
1917.3726              273.4670715332031250
1917.4575              272.6582641601562500
1917.5397              271.7529602050781250
1917.6246              271.3067016601562500
1917.7096              271.3181152343750000
1917.7917              271.3378295898437500
1917.8767              271.9902954101562500
1917.9589              273.1415405273437500
1918.0438              273.8019409179687500
1918.1260              273.9632568359375000
1918.2054              273.8680419921875000
1918.2904              273.4051818847656250
1918.3726              272.7812194824218750
1918.4575              271.9860229492187500
1918.5397              271.4205322265625000
1918.6246              271.3713073730468750
1918.7096              271.3185424804687500
1918.7917              271.3637390136718750
1918.8767              271.7600708007812500
1918.9589              272.7632751464843750
1919.0438              273.6659851074218750
1919.1260              274.3530273437500000
1919.2054              274.3831787109375000
1919.2904              273.8421630859375000
1919.3726              272.8900451660156250
1919.4575              272.2217102050781250
1919.5397              271.7368469238281250
1919.6246              271.3496093750000000
1919.7096              271.2901000976562500
1919.7917              271.3345642089843750
1919.8767              271.6514587402343750
1919.9589              272.4170227050781250
1920.0437              273.2800292968750000
1920.1257              273.9632263183593750
1920.2076              274.0337829589843750
1920.2924              273.8952941894531250
1920.3743              273.4342041015625000
1920.4590              272.6680603027343750
1920.5410              271.9421081542968750
1920.6257              271.3987731933593750
1920.7103              271.2836914062500000
1920.7924              271.2945861816406250
1920.8771              271.3953247070312500
1920.9590              272.1989746093750000
1921.0438              273.2236938476562500
1921.1260              273.8688659667968750
1921.2054              273.9859008789062500
1921.2904              273.6370239257812500
1921.3726              272.9741516113281250
1921.4575              272.0778808593750000
1921.5397              271.4400939941406250
1921.6246              271.3119506835937500
1921.7096              271.3863220214843750
1921.7917              271.5320129394531250
1921.8767              271.6176147460937500
1921.9589              272.2013244628906250
1922.0438              273.1406250000000000
1922.1260              273.5214843750000000
1922.2054              273.6650390625000000
1922.2904              273.4334716796875000
1922.3726              272.7893676757812500
1922.4575              272.2559814453125000
1922.5397              271.7700500488281250
1922.6246              271.4041442871093750
1922.7096              271.3084411621093750
1922.7917              271.3042907714843750
1922.8767              271.4993896484375000
1922.9589              272.4454956054687500
1923.0438              273.4568481445312500
1923.1260              274.0669250488281250
1923.2054              274.0673217773437500
1923.2904              273.9505004882812500
1923.3726              273.4256286621093750
1923.4575              272.7236938476562500
1923.5397              272.2103271484375000
1923.6246              271.5733337402343750
1923.7096              271.3271484375000000
1923.7917              271.3244934082031250
1923.8767              271.5205078125000000
1923.9589              272.5527343750000000
1924.0437              273.5638122558593750
1924.1257              274.0373840332031250
1924.2076              274.0442199707031250
1924.2924              273.7987976074218750
1924.3743              273.4093017578125000
1924.4590              272.8113098144531250
1924.5410              272.0334777832031250
1924.6257              271.4976806640625000
1924.7103              271.4357910156250000
1924.7924              271.4500732421875000
1924.8771              271.5458068847656250
1924.9590              272.3660278320312500
1925.0438              273.4300537109375000
1925.1260              274.1271057128906250
1925.2054              274.3472595214843750
1925.2904              274.1065063476562500
1925.3726              273.4122619628906250
1925.4575              272.4974060058593750
1925.5397              271.9363403320312500
1925.6246              271.5086975097656250
1925.7096              271.3362731933593750
1925.7917              271.3067016601562500
1925.8767              271.3746032714843750
1925.9589              272.0867919921875000
1926.0438              273.2074279785156250
1926.1260              273.7208862304687500
1926.2054              273.8001403808593750
1926.2904              273.4546508789062500
1926.3726              273.1596374511718750
1926.4575              272.6684875488281250
1926.5397              271.7887878417968750
1926.6246              271.3872680664062500
1926.7096              271.3237609863281250
1926.7917              271.3402099609375000
1926.8767              271.7133178710937500
1926.9589              272.7973937988281250
1927.0438              273.9213562011718750
1927.1260              274.3242492675781250
1927.2054              274.1309204101562500
1927.2904              273.8356933593750000
1927.3726              273.2761535644531250
1927.4575              272.3222045898437500
1927.5397              271.5101928710937500
1927.6246              271.3106079101562500
1927.7096              271.3751525878906250
1927.7917              271.8476257324218750
1927.8767              272.1342163085937500
1927.9589              272.7985534667968750
1928.0437              273.6126403808593750
1928.1257              274.1008605957031250
1928.2076              273.9468994140625000
1928.2924              273.4315795898437500
1928.3743              272.6865234375000000
1928.4590              272.1018981933593750
1928.5410              271.3549499511718750
1928.6257              271.3029479980468750
1928.7103              271.3015747070312500
1928.7924              271.3195190429687500
1928.8771              271.4390258789062500
1928.9590              272.0498962402343750
1929.0438              273.1770019531250000
1929.1260              273.6080017089843750
1929.2054              273.5385742187500000
1929.2904              273.0815734863281250
1929.3726              272.4703674316406250
1929.4575              271.9338073730468750
1929.5397              271.5372009277343750
1929.6246              271.3802490234375000
1929.7096              271.3208312988281250
1929.7917              271.3781738281250000
1929.8767              271.7479248046875000
1929.9589              272.6784973144531250
1930.0438              273.5176391601562500
1930.1260              274.0623168945312500
1930.2054              274.2331848144531250
1930.2904              273.7617187500000000
1930.3726              273.0338745117187500
1930.4575              272.2559814453125000
1930.5397              271.7306213378906250
1930.6246              271.3279418945312500
1930.7096              271.3248596191406250
1930.7917              271.4078369140625000
1930.8767              271.5531616210937500
1930.9589              272.3682250976562500
1931.0438              273.4661254882812500
1931.1260              274.0556335449218750
1931.2054              274.1109924316406250
1931.2904              273.6472473144531250
1931.3726              272.8464050292968750
1931.4575              272.0049438476562500
1931.5397              271.3408813476562500
1931.6246              271.3338317871093750
1931.7096              271.3683776855468750
1931.7917              271.8609313964843750
1931.8767              271.7755432128906250
1931.9589              272.5038452148437500
1932.0437              273.3977966308593750
1932.1257              273.8283081054687500
1932.2076              273.8540649414062500
1932.2924              273.4266662597656250
1932.3743              272.8622131347656250
1932.4590              272.1556091308593750
1932.5410              271.6412963867187500
1932.6257              271.5461425781250000
1932.7103              271.9838867187500000
1932.7924              271.7633361816406250
1932.8771              271.8616943359375000
1932.9590              272.5366821289062500
1933.0438              273.4580688476562500
1933.1260              273.8561096191406250
1933.2054              273.7049255371093750
1933.2904              273.3874511718750000
1933.3726              272.8687744140625000
1933.4575              272.1487731933593750
1933.5397              271.3890686035156250
1933.6246              271.2994079589843750
1933.7096              271.5894165039062500
1933.7917              271.6307373046875000
1933.8767              271.8999328613281250
1933.9589              272.6556091308593750
1934.0438              273.4371643066406250
1934.1260              273.9384460449218750
1934.2054              274.0097045898437500
1934.2904              273.5365600585937500
1934.3726              272.8542175292968750
1934.4575              272.3777160644531250
1934.5397              271.9102172851562500
1934.6246              271.3967285156250000
1934.7096              271.3031005859375000
1934.7917              271.3320617675781250
1934.8767              271.6160583496093750
1934.9589              272.4762573242187500
1935.0438              273.3617858886718750
1935.1260              273.7395019531250000
1935.2054              273.7776184082031250
1935.2904              273.4458618164062500
1935.3726              272.8027648925781250
1935.4575              272.3392333984375000
1935.5397              271.9894104003906250
1935.6246              271.5680847167968750
1935.7096              271.4361877441406250
1935.7917              271.4139099121093750
1935.8767              271.5805969238281250
1935.9589              272.4315185546875000
1936.0437              273.3260498046875000
1936.1257              273.8250732421875000
1936.2076              273.8861694335937500
1936.2924              273.3924865722656250
1936.3743              272.9203796386718750
1936.4590              272.4992675781250000
1936.5410              271.8921203613281250
1936.6257              271.3998413085937500
1936.7103              271.3210754394531250
1936.7924              271.3630065917968750
1936.8771              271.6138305664062500
1936.9590              272.5991821289062500
1937.0438              273.5533142089843750
1937.1260              274.1061401367187500
1937.2054              274.0130615234375000
1937.2904              273.6719360351562500
1937.3726              273.1990356445312500
1937.4575              272.5285949707031250
1937.5397              271.8866882324218750
1937.6246              271.4154663085937500
1937.7096              271.3373413085937500
1937.7917              271.3352050781250000
1937.8767              271.3958740234375000
1937.9589              272.1966247558593750
1938.0438              273.0997009277343750
1938.1260              273.3260192871093750
1938.2054              273.2516784667968750
1938.2904              272.9882202148437500
1938.3726              272.5395812988281250
1938.4575              271.8606567382812500
1938.5397              271.4714965820312500
1938.6246              271.3449707031250000
1938.7096              271.3045043945312500
1938.7917              271.3301086425781250
1938.8767              271.5693969726562500
1938.9589              272.5959167480468750
1939.0438              273.4303588867187500
1939.1260              273.7920532226562500
1939.2054              273.7268981933593750
1939.2904              273.4631652832031250
1939.3726              272.9902038574218750
1939.4575              272.4996032714843750
1939.5397              271.8752441406250000
1939.6246              271.5083312988281250
1939.7096              271.3328857421875000
1939.7917              271.3404235839843750
1939.8767              271.5374755859375000
1939.9589              272.3628234863281250
1940.0437              273.0316467285156250
1940.1257              273.3992004394531250
1940.2076              273.4151611328125000
1940.2924              273.0032653808593750
1940.3743              272.2677307128906250
1940.4590              271.5592956542968750
1940.5410              271.3821105957031250
1940.6257              271.2895507812500000
1940.7103              271.3027343750000000
1940.7924              271.3670043945312500
1940.8771              271.5492858886718750
1940.9590              272.1608276367187500
1941.0438              273.1439208984375000
1941.1260              273.6707153320312500
1941.2054              273.6395568847656250
1941.2904              273.1933593750000000
1941.3726              272.4539794921875000
1941.4575              271.6660156250000000
1941.5397              271.3147888183593750
1941.6246              271.3889160156250000
1941.7096              271.6634826660156250
1941.7917              271.5039062500000000
1941.8767              271.5342102050781250
1941.9589              272.3811645507812500
1942.0438              273.5644226074218750
1942.1260              274.0327453613281250
1942.2054              274.1111145019531250
1942.2904              273.7374267578125000
1942.3726              273.1224975585937500
1942.4575              272.3497009277343750
1942.5397              271.6717224121093750
1942.6246              271.3300170898437500
1942.7096              271.2812500000000000
1942.7917              271.3414611816406250
1942.8767              271.5834045410156250
1942.9589              272.6168518066406250
1943.0438              273.7508850097656250
1943.1260              274.2238464355468750
1943.2054              274.2828369140625000
1943.2904              274.0080871582031250
1943.3726              273.2765502929687500
1943.4575              272.4039916992187500
1943.5397              271.7890930175781250
1943.6246              271.5049743652343750
1943.7096              271.3369445800781250
1943.7917              271.3110046386718750
1943.8767              271.6448059082031250
1943.9589              272.7037963867187500
1944.0437              273.6920776367187500
1944.1257              274.2117919921875000
1944.2076              274.3969116210937500
1944.2924              273.9830017089843750
1944.3743              272.9803771972656250
1944.4590              272.1697082519531250
1944.5410              271.4060363769531250
1944.6257              271.3093261718750000
1944.7103              271.3374328613281250
1944.7924              271.3348083496093750
1944.8771              271.6942749023437500
1944.9590              272.5942993164062500
1945.0438              273.5932006835937500
1945.1260              274.1392517089843750
1945.2054              274.2632446289062500
1945.2904              274.0208435058593750
1945.3726              273.1382446289062500
1945.4575              272.0932922363281250
1945.5397              271.3176269531250000
1945.6246              271.3001403808593750
1945.7096              271.3081970214843750
1945.7917              271.4812011718750000
1945.8767              271.7638549804687500
1945.9589              272.0264282226562500
1946.0438              272.9013061523437500
1946.1260              273.6458740234375000
1946.2054              273.7565307617187500
1946.2904              273.1428222656250000
1946.3726              272.6050720214843750
1946.4575              272.1542968750000000
1946.5397              271.5166015625000000
1946.6246              271.5087280273437500
1946.7096              272.4577026367187500
1946.7917              272.8142395019531250
1946.8767              272.6920776367187500
1946.9589              273.4328613281250000
1947.0438              274.1050415039062500
1947.1260              274.1902770996093750
1947.2054              274.0845947265625000
1947.2904              273.5518798828125000
1947.3726              273.0039672851562500
1947.4575              272.2714538574218750
1947.5397              271.9613037109375000
1947.6246              271.4721069335937500
1947.7096              271.3153991699218750
1947.7917              271.3992919921875000
1947.8767              271.7570190429687500
1947.9589              272.4899902343750000
1948.0437              273.5721740722656250
1948.1257              274.1756286621093750
1948.2076              274.1079406738281250
1948.2924              273.6332397460937500
1948.3743              272.9697265625000000
1948.4590              272.0618896484375000
1948.5410              271.4235229492187500
1948.6257              271.3137512207031250
1948.7103              271.4922790527343750
1948.7924              271.6131591796875000
1948.8771              271.6639709472656250
1948.9590              272.5262756347656250
1949.0438              273.5019531250000000
1949.1260              273.8052978515625000
1949.2054              273.6284790039062500
1949.2904              273.0583190917968750
1949.3726              272.2670288085937500
1949.4575              271.4904479980468750
1949.5397              271.3045349121093750
1949.6246              271.3121032714843750
1949.7096              271.5775756835937500
1949.7917              271.8754577636718750
1949.8767              271.8310241699218750
1949.9589              272.7097167968750000
1950.0438              273.5948791503906250
1950.1260              274.1161499023437500
1950.2054              273.7917175292968750
1950.2904              273.2155761718750000
1950.3726              272.6716613769531250
1950.4575              271.9420471191406250
1950.5397              271.6370544433593750
1950.6246              271.3855590820312500
1950.7096              271.3449707031250000
1950.7917              271.3709716796875000
1950.8767              271.9472351074218750
1950.9589              273.0287475585937500
1951.0438              273.7426757812500000
1951.1260              274.1173400878906250
1951.2054              274.1175842285156250
1951.2904              273.8744506835937500
1951.3726              273.2954406738281250
1951.4575              272.3521728515625000
1951.5397              271.5244445800781250
1951.6246              271.3150024414062500
1951.7096              271.3157958984375000
1951.7917              271.3544311523437500
1951.8767              271.5141601562500000
1951.9589              272.3891601562500000
1952.0437              273.4725646972656250
1952.1257              273.9984130859375000
1952.2076              273.9366149902343750
1952.2924              273.4887084960937500
1952.3743              273.1683959960937500
1952.4590              272.4491882324218750
1952.5410              271.8221130371093750
1952.6257              271.3283081054687500
1952.7103              271.3595886230468750
1952.7924              271.4479064941406250
1952.8771              271.6105957031250000
1952.9590              272.4353942871093750
1953.0438              273.2989807128906250
1953.1260              273.7120056152343750
1953.2054              273.6388244628906250
1953.2904              273.0575561523437500
1953.3726              272.5281066894531250
1953.4575              271.9222106933593750
1953.5397              271.4631958007812500
1953.6246              271.3123474121093750
1953.7096              271.4405822753906250
1953.7917              271.8007812500000000
1953.8767              271.7525939941406250
1953.9589              272.5502319335937500
1954.0438              273.3747863769531250
1954.1260              273.7863464355468750
1954.2054              273.7787475585937500
1954.2904              273.2622375488281250
1954.3726              272.6493530273437500
1954.4575              271.9271545410156250
1954.5397              271.4244995117187500
1954.6246              271.3014831542968750
1954.7096              271.3007812500000000
1954.7917              271.4817199707031250
1954.8767              272.0526123046875000
1954.9589              273.0086975097656250
1955.0438              273.8688049316406250
1955.1260              274.3285827636718750
1955.2054              274.1628112792968750
1955.2904              273.7828979492187500
1955.3726              273.1140747070312500
1955.4575              272.4688110351562500
1955.5397              271.6219787597656250
1955.6246              271.3385009765625000
1955.7096              271.9391479492187500
1955.7917              271.7624816894531250
1955.8767              271.8254394531250000
1955.9589              272.4793395996093750
1956.0437              273.2748413085937500
1956.1257              273.8054199218750000
1956.2076              273.8463745117187500
1956.2924              273.2828979492187500
1956.3743              272.6542968750000000
1956.4590              272.0041809082031250
1956.5410              271.5024108886718750
1956.6257              271.4119567871093750
1956.7103              271.3492126464843750
1956.7924              271.4392089843750000
1956.8771              271.8328552246093750
1956.9590              272.6916809082031250
1957.0438              273.6964111328125000
1957.1260              274.1651000976562500
1957.2054              274.2591552734375000
1957.2904              273.9641418457031250
1957.3726              273.3798522949218750
1957.4575              272.6518249511718750
1957.5397              271.8332824707031250
1957.6246              271.6185607910156250
1957.7096              271.3850708007812500
1957.7917              271.4061889648437500
1957.8767              271.6365356445312500
1957.9589              272.5123596191406250
1958.0438              273.3483276367187500
1958.1260              273.9522705078125000
1958.2054              274.0879516601562500
1958.2904              273.7142028808593750
1958.3726              273.0197753906250000
1958.4575              272.4734497070312500
1958.5397              271.9408264160156250
1958.6246              271.5920104980468750
1958.7096              271.3665466308593750
1958.7917              271.3024597167968750
1958.8767              271.6468505859375000
1958.9589              272.5771179199218750
1959.0438              273.6367492675781250
1959.1260              274.2443542480468750
1959.2054              274.2279663085937500
1959.2904              273.8821105957031250
1959.3726              273.3536682128906250
1959.4575              272.8626403808593750
1959.5397              272.1177978515625000
1959.6246              271.4393920898437500
1959.7096              271.3054809570312500
1959.7917              271.3049621582031250
1959.8767              271.5533752441406250
1959.9589              272.4942626953125000
1960.0437              273.5399169921875000
1960.1257              274.0875244140625000
1960.2076              274.1365661621093750
1960.2924              273.8555908203125000
1960.3743              273.3642883300781250
1960.4590              272.6921386718750000
1960.5410              272.0749816894531250
1960.6257              271.5979919433593750
1960.7103              271.3213500976562500
1960.7924              271.3482666015625000
1960.8771              271.7456665039062500
1960.9590              272.8825073242187500
1961.0438              274.0417480468750000
1961.1260              274.5447387695312500
1961.2054              274.5703735351562500
1961.2904              274.1499023437500000
1961.3726              273.4632568359375000
1961.4575              272.6928405761718750
1961.5397              271.8499450683593750
1961.6246              271.3240661621093750
1961.7096              271.3064575195312500
1961.7917              271.3070678710937500
1961.8767              271.5457458496093750
1961.9589              272.4541625976562500
1962.0438              273.2708435058593750
1962.1260              273.7665710449218750
1962.2054              273.6964416503906250
1962.2904              273.4074707031250000
1962.3726              272.7561645507812500
1962.4575              272.0637817382812500
1962.5397              271.4165344238281250
1962.6246              271.3007202148437500
1962.7096              271.3847656250000000
1962.7917              271.4145202636718750
1962.8767              271.5776977539062500
1962.9589              272.2989196777343750
1963.0438              273.1684570312500000
1963.1260              273.6626892089843750
1963.2054              273.6585998535156250
1963.2904              273.2179260253906250
1963.3726              272.6387634277343750
1963.4575              272.1110534667968750
1963.5397              271.5748596191406250
1963.6246              271.4075622558593750
1963.7096              271.2890319824218750
1963.7917              271.3256835937500000
1963.8767              271.4098815917968750
1963.9589              271.8919982910156250
1964.0437              273.1332092285156250
1964.1257              273.8677978515625000
1964.2076              273.8381652832031250
1964.2924              273.4127197265625000
1964.3743              272.9011840820312500
1964.4590              272.0712585449218750
1964.5410              271.3926086425781250
1964.6257              271.3207702636718750
1964.7103              271.3203125000000000
1964.7924              271.4158630371093750
1964.8771              271.6989746093750000
1964.9590              272.3314208984375000
1965.0438              273.1706542968750000
1965.1260              273.5828552246093750
1965.2054              273.5077514648437500
1965.2904              273.1438903808593750
1965.3726              272.7536010742187500
1965.4575              272.1249389648437500
1965.5397              271.4569396972656250
1965.6246              271.2792053222656250
1965.7096              271.3553161621093750
1965.7917              271.4758911132812500
1965.8767              271.9041442871093750
1965.9589              272.9664001464843750
1966.0438              273.7060241699218750
1966.1260              274.0469665527343750
1966.2054              274.0894775390625000
1966.2904              273.6788635253906250
1966.3726              272.9359741210937500
1966.4575              272.1967468261718750
1966.5397              271.5283203125000000
1966.6246              271.3773193359375000
1966.7096              271.8262634277343750
1966.7917              271.7178955078125000
1966.8767              272.0125427246093750
1966.9589              272.9410095214843750
1967.0438              273.8931274414062500
1967.1260              274.3682861328125000
1967.2054              274.3323059082031250
1967.2904              273.7789611816406250
1967.3726              272.8873901367187500
1967.4575              272.2647094726562500
1967.5397              271.6156921386718750
1967.6246              271.3124389648437500
1967.7096              271.3661499023437500
1967.7917              271.7423400878906250
1967.8767              271.7604675292968750
1967.9589              272.7478027343750000
1968.0437              273.5518493652343750
1968.1257              273.7639160156250000
1968.2076              273.6568298339843750
1968.2924              273.2494506835937500
1968.3743              272.6693725585937500
1968.4590              272.1186218261718750
1968.5410              271.6586608886718750
1968.6257              271.3876953125000000
1968.7103              271.3193359375000000
1968.7924              271.3238525390625000
1968.8771              271.3813476562500000
1968.9590              272.1153869628906250
1969.0438              273.2221984863281250
1969.1260              273.7166748046875000
1969.2054              273.7477111816406250
1969.2904              273.1581420898437500
1969.3726              272.5142822265625000
1969.4575              271.8815917968750000
1969.5397              271.3824157714843750
1969.6246              271.2869873046875000
1969.7096              271.4564514160156250
1969.7917              271.4811706542968750
1969.8767              271.7698669433593750
1969.9589              272.9026184082031250
1970.0438              273.7083129882812500
1970.1260              273.8443298339843750
1970.2054              274.0027160644531250
1970.2904              273.8012695312500000
1970.3726              273.1703186035156250
1970.4575              272.3464050292968750
1970.5397              271.7078552246093750
1970.6246              271.4030151367187500
1970.7096              271.3200378417968750
1970.7917              271.3470764160156250
1970.8767              271.6376953125000000
1970.9589              272.6934509277343750
1971.0438              273.7295532226562500
1971.1260              274.1403808593750000
1971.2054              273.9659729003906250
1971.2904              273.4443969726562500
1971.3726              272.6100769042968750
1971.4575              271.9328613281250000
1971.5397              271.3849182128906250
1971.6246              271.3103637695312500
1971.7096              271.3326416015625000
1971.7917              271.4586181640625000
1971.8767              271.5556335449218750
1971.9589              272.3665771484375000
1972.0437              273.1429443359375000
1972.1257              273.5651855468750000
1972.2076              273.4822082519531250
1972.2924              273.0311584472656250
1972.3743              272.2724304199218750
1972.4590              271.5143127441406250
1972.5410              271.3685607910156250
1972.6257              271.3200378417968750
1972.7103              271.3025512695312500
1972.7924              271.2886962890625000
1972.8771              271.4186706542968750
1972.9590              272.1399230957031250
1973.0438              273.0526123046875000
1973.1260              273.5798645019531250
1973.2054              273.5224914550781250
1973.2904              273.3189697265625000
1973.3726              272.8081970214843750
1973.4575              272.3967590332031250
1973.5397              271.8471679687500000
1973.6246              271.3627624511718750
1973.7096              271.5634765625000000
1973.7917              271.9920349121093750
1973.8767              272.1940307617187500
1973.9589              273.0474853515625000
1974.0438              273.8687438964843750
1974.1260              274.2097778320312500
1974.2054              274.2348632812500000
1974.2904              273.5887756347656250
1974.3726              273.0886230468750000
1974.4575              272.4677734375000000
1974.5397              271.8571472167968750
1974.6246              271.4183959960937500
1974.7096              271.3187866210937500
1974.7917              271.3633728027343750
1974.8767              271.6823120117187500
1974.9589              272.5883483886718750
1975.0438              273.4509582519531250
1975.1260              273.7132568359375000
1975.2054              273.6706848144531250
1975.2904              273.2422485351562500
1975.3726              272.6310119628906250
1975.4575              271.9710998535156250
1975.5397              271.4047241210937500
1975.6246              271.3026123046875000
1975.7096              271.3681640625000000
1975.7917              271.4056091308593750
1975.8767              271.6534729003906250
1975.9589              272.1620788574218750
1976.0437              273.0922851562500000
1976.1257              273.8532409667968750
1976.2076              273.6541748046875000
1976.2924              273.2373962402343750
1976.3743              272.6582641601562500
1976.4590              271.9413757324218750
1976.5410              271.3758544921875000
1976.6257              271.3056945800781250
1976.7103              271.4956054687500000
1976.7924              271.9663085937500000
1976.8771              272.0294494628906250
1976.9590              272.7936706542968750
1977.0438              273.5563049316406250
1977.1260              273.9972839355468750
1977.2054              273.9132385253906250
1977.2904              273.6077270507812500
1977.3726              272.8272094726562500
1977.4575              272.0278625488281250
1977.5397              271.5894470214843750
1977.6246              271.3613586425781250
1977.7096              271.9179992675781250
1977.7917              272.2258605957031250
1977.8767              272.1860351562500000
1977.9589              272.8872375488281250
1978.0438              273.4536132812500000
1978.1260              273.7236328125000000
1978.2054              273.7315673828125000
1978.2904              273.4059143066406250
1978.3726              272.9205017089843750
1978.4575              272.3038330078125000
1978.5397              271.5176086425781250
1978.6246              271.3338317871093750
1978.7096              271.6070556640625000
1978.7917              272.2765197753906250
1978.8767              272.3944396972656250
1978.9589              273.2261657714843750
1979.0438              273.9663696289062500
1979.1260              274.3635559082031250
1979.2054              274.1803283691406250
1979.2904              273.5220642089843750
1979.3726              273.0304260253906250
1979.4575              272.4854125976562500
1979.5397              271.7874450683593750
1979.6246              271.4086914062500000
1979.7096              271.3153076171875000
1979.7917              271.4044189453125000
1979.8767              271.8532104492187500
1979.9589              272.7145385742187500
1980.0437              273.5093078613281250
1980.1257              273.8622436523437500
1980.2076              273.6867065429687500
1980.2924              273.2001342773437500
1980.3743              272.6448059082031250
1980.4590              272.1301879882812500
1980.5410              271.6310424804687500
1980.6257              271.3257751464843750
1980.7103              271.3034667968750000
1980.7924              271.3481445312500000
1980.8771              271.6611938476562500
1980.9590              272.6127319335937500
1981.0438              273.5729370117187500
1981.1260              274.1740417480468750
1981.2054              274.2723083496093750
1981.2904              273.7522888183593750
1981.3726              273.1166992187500000
1981.4575              272.6038208007812500
1981.5397              272.0150451660156250
1981.6246              271.3881835937500000
1981.7096              271.3167419433593750
1981.7917              271.3048706054687500
1981.8767              271.5955200195312500
1981.9589              272.5897827148437500
1982.0438              273.4176025390625000
1982.1260              273.7289428710937500
1982.2054              273.7596130371093750
1982.2904              273.2651062011718750
1982.3726              272.6831054687500000
1982.4575              272.1608276367187500
1982.5397              271.7509460449218750
1982.6246              271.3923950195312500
1982.7096              271.3513183593750000
1982.7917              271.4376525878906250
1982.8767              271.9580688476562500
1982.9589              273.0061950683593750
1983.0438              273.8709411621093750
1983.1260              274.3831481933593750
1983.2054              274.5731506347656250
1983.2904              274.0982971191406250
1983.3726              273.5080261230468750
1983.4575              272.8925476074218750
1983.5397              272.3388061523437500
1983.6246              271.8978271484375000
1983.7096              271.5810241699218750
1983.7917              271.5570678710937500
1983.8767              272.0535888671875000
1983.9589              273.0178222656250000
1984.0437              273.9101562500000000
1984.1257              274.3468933105468750
1984.2076              274.2566223144531250
1984.2924              273.8397827148437500
1984.3743              273.2420043945312500
1984.4590              272.5300903320312500
1984.5410              272.0708923339843750
1984.6257              271.6601867675781250
1984.7103              271.3862609863281250
1984.7924              271.4349975585937500
1984.8771              271.9691162109375000
1984.9590              272.8385925292968750
1985.0438              273.5722045898437500
1985.1260              273.9049682617187500
1985.2054              273.8926696777343750
1985.2904              273.5540466308593750
1985.3726              272.9085388183593750
1985.4575              272.3469238281250000
1985.5397              271.6899108886718750
1985.6246              271.3782043457031250
1985.7096              271.2864379882812500
1985.7917              271.2795715332031250
1985.8767              271.3470153808593750
1985.9589              271.7878417968750000
1986.0438              272.7093811035156250
1986.1260              273.0973205566406250
1986.2054              273.0435791015625000
1986.2904              272.7228088378906250
1986.3726              272.3451232910156250
1986.4575              271.8382568359375000
1986.5397              271.4515991210937500
1986.6246              271.3845214843750000
1986.7096              271.4476013183593750
1986.7917              271.4900512695312500
1986.8767              271.6411437988281250
1986.9589              272.3499145507812500
1987.0438              273.3326110839843750
1987.1260              273.8966369628906250
1987.2054              273.8540954589843750
1987.2904              273.4216613769531250
1987.3726              272.7288513183593750
1987.4575              272.0236816406250000
1987.5397              271.3975219726562500
1987.6246              271.3563232421875000
1987.7096              271.3640136718750000
1987.7917              271.3487548828125000
1987.8767              271.4085998535156250
1987.9589              271.8324279785156250
1988.0437              272.8480529785156250
1988.1257              273.5223693847656250
1988.2076              273.5068359375000000
1988.2924              273.0303344726562500
1988.3743              272.5023803710937500
1988.4590              271.6565551757812500
1988.5410              271.3525085449218750
1988.6257              271.4522094726562500
1988.7103              271.7562866210937500
1988.7924              271.6780090332031250
1988.8771              271.8746032714843750
1988.9590              272.3026428222656250
1989.0438              273.2517395019531250
1989.1260              273.8551330566406250
1989.2054              273.8679809570312500
1989.2904              273.3961181640625000
1989.3726              272.5169372558593750
1989.4575              271.6666870117187500
1989.5397              271.4957885742187500
1989.6246              272.0227966308593750
1989.7096              272.1747436523437500
1989.7917              271.8045043945312500
1989.8767              271.9063110351562500
1989.9589              272.5805358886718750
1990.0438              273.4640808105468750
1990.1260              273.8309326171875000
1990.2054              273.7913513183593750
1990.2904              273.2260742187500000
1990.3726              272.4262390136718750
1990.4575              271.7424621582031250
1990.5397              271.6259155273437500
1990.6246              272.0288085937500000
1990.7096              272.2319946289062500
1990.7917              272.1597290039062500
1990.8767              272.4626464843750000
1990.9589              273.2850646972656250
1991.0438              274.1383972167968750
1991.1260              274.5354003906250000
1991.2054              274.2439880371093750
1991.2904              273.6747741699218750
1991.3726              273.0458068847656250
1991.4575              272.4863891601562500
1991.5397              271.8602600097656250
1991.6246              271.4364318847656250
1991.7096              271.4910583496093750
1991.7917              271.7389221191406250
1991.8767              271.9710083007812500
1991.9589              272.7485046386718750
1992.0437              273.5877990722656250
1992.1257              274.1084899902343750
1992.2076              274.0689392089843750
1992.2924              273.4737854003906250
1992.3743              272.7308349609375000
1992.4590              271.9046020507812500
1992.5410              271.3811340332031250
1992.6257              271.3041076660156250
1992.7103              271.3591003417968750
1992.7924              271.3366699218750000
1992.8771              271.5188293457031250
1992.9590              272.2829284667968750
1993.0438              273.0662231445312500
1993.1260              273.6115722656250000
1993.2054              273.3813171386718750
1993.2904              273.0216369628906250
1993.3726              272.6240539550781250
1993.4575              272.1049804687500000
1993.5397              271.6595153808593750
1993.6246              271.4605102539062500
1993.7096              271.3029174804687500
1993.7917              271.3415527343750000
1993.8767              271.7643432617187500
1993.9589              272.8407592773437500
1994.0438              273.7688903808593750
1994.1260              274.2644348144531250
1994.2054              274.3732910156250000
1994.2904              274.0660095214843750
1994.3726              273.4193725585937500
1994.4575              272.5171508789062500
1994.5397              271.6721191406250000
1994.6246              271.3468322753906250
1994.7096              271.3256835937500000
1994.7917              271.4060668945312500
1994.8767              271.7340087890625000
1994.9589              272.7127685546875000
1995.0438              273.6951293945312500
1995.1260              274.1354370117187500
1995.2054              274.0999145507812500
1995.2904              273.6689453125000000
1995.3726              273.2577514648437500
1995.4575              272.5254516601562500
1995.5397              271.6825561523437500
1995.6246              271.3172607421875000
1995.7096              271.4964294433593750
1995.7917              272.2442321777343750
1995.8767              272.1346130371093750
1995.9589              272.8310546875000000
1996.0437              273.6386413574218750
1996.1257              274.0364074707031250
1996.2076              274.0475158691406250
1996.2924              273.5034484863281250
1996.3743              272.8735046386718750
1996.4590              272.4389648437500000
1996.5410              271.8059387207031250
1996.6257              271.3844909667968750
1996.7103              271.3415527343750000
1996.7924              271.4419250488281250
1996.8771              271.9716491699218750
1996.9590              273.0266113281250000
1997.0438              273.8573608398437500
1997.1260              274.3204040527343750
1997.2054              274.4453125000000000
1997.2904              273.9490356445312500
1997.3726              273.2587585449218750
1997.4575              272.7108764648437500
1997.5397              272.2098388671875000
1997.6246              271.6262512207031250
1997.7096              271.3572998046875000
1997.7917              271.5159912109375000
1997.8767              272.1454772949218750
1997.9589              273.1532897949218750
1998.0438              273.9763183593750000
1998.1260              274.3972473144531250
1998.2054              274.4506530761718750
1998.2904              273.9797973632812500
1998.3726              273.3788452148437500
1998.4575              272.7714843750000000
1998.5397              272.2232360839843750
1998.6246              271.4389038085937500
1998.7096              271.3079223632812500
1998.7917              271.2940673828125000
1998.8767              271.3820800781250000
1998.9589              272.0424804687500000
1999.0438              273.0493469238281250
1999.1260              273.7884216308593750
1999.2054              273.8745727539062500
1999.2904              273.4498596191406250
1999.3726              272.7855224609375000
1999.4575              272.0291748046875000
1999.5397              271.6101074218750000
1999.6246              271.3856811523437500
1999.7096              271.3412780761718750
1999.7917              271.4363403320312500
1999.8767              271.6782531738281250
1999.9589              272.4993896484375000
