1870.0438              271.7992248535156250
1870.1260              272.2267456054687500
1870.2054              272.3345642089843750
1870.2904              271.9299926757812500
1870.3726              271.6018676757812500
1870.4575              271.5292053222656250
1870.5397              271.4112548828125000
1870.6246              271.3702087402343750
1870.7096              271.3511047363281250
1870.7917              271.3792419433593750
1870.8767              271.4125061035156250
1870.9589              271.5264282226562500
1871.0438              271.8921813964843750
1871.1260              272.3725280761718750
1871.2054              272.3472290039062500
1871.2904              271.9476318359375000
1871.3726              271.4667053222656250
1871.4575              271.4183654785156250
1871.5397              271.3630371093750000
1871.6246              271.4024353027343750
1871.7096              271.3488769531250000
1871.7917              271.4155883789062500
1871.8767              271.4427490234375000
1871.9589              271.5024719238281250
1872.0437              271.6234436035156250
1872.1257              271.8519287109375000
1872.2076              271.9567565917968750
1872.2924              271.6718139648437500
1872.3743              271.5481872558593750
1872.4590              271.4212036132812500
1872.5410              271.3679809570312500
1872.6257              271.3549194335937500
1872.7103              271.3844909667968750
1872.7924              271.4202880859375000
1872.8771              271.4451599121093750
1872.9590              271.5761413574218750
1873.0438              271.7633666992187500
1873.1260              272.1534423828125000
1873.2054              272.0831298828125000
1873.2904              271.8134460449218750
1873.3726              271.5148620605468750
1873.4575              271.4021301269531250
1873.5397              271.3618469238281250
1873.6246              271.3567504882812500
1873.7096              271.3516540527343750
1873.7917              271.3860778808593750
1873.8767              271.4076538085937500
1873.9589              271.5426635742187500
1874.0438              271.9248962402343750
1874.1260              272.3125610351562500
1874.2054              272.3595886230468750
1874.2904              272.0288085937500000
1874.3726              271.6082763671875000
1874.4575              271.5381774902343750
1874.5397              271.4295043945312500
1874.6246              271.4102172851562500
1874.7096              271.3833007812500000
1874.7917              271.4196472167968750
1874.8767              271.4039001464843750
1874.9589              271.4890747070312500
1875.0438              271.7042846679687500
1875.1260              272.1611633300781250
1875.2054              272.2197875976562500
1875.2904              271.8523559570312500
1875.3726              271.4815063476562500
1875.4575              271.4520874023437500
1875.5397              271.4100341796875000
1875.6246              271.4057617187500000
1875.7096              271.3656921386718750
1875.7917              271.3872680664062500
1875.8767              271.4194335937500000
1875.9589              271.4669189453125000
1876.0437              271.6244812011718750
1876.1257              271.9253845214843750
1876.2076              271.9340515136718750
1876.2924              271.5805053710937500
1876.3743              271.4608154296875000
1876.4590              271.4216918945312500
1876.5410              271.4009399414062500
1876.6257              271.4078979492187500
1876.7103              271.3812255859375000
1876.7924              271.4049377441406250
1876.8771              271.4403991699218750
1876.9590              271.5765991210937500
1877.0438              271.8141784667968750
1877.1260              272.1752319335937500
1877.2054              272.1840820312500000
1877.2904              271.7548828125000000
1877.3726              271.5553283691406250
1877.4575              271.4445800781250000
1877.5397              271.3918457031250000
1877.6246              271.3868103027343750
1877.7096              271.4096069335937500
1877.7917              271.3658752441406250
1877.8767              271.4332275390625000
1877.9589              271.5363464355468750
1878.0438              271.8550415039062500
1878.1260              272.2759704589843750
1878.2054              272.1991271972656250
1878.2904              271.5426025390625000
1878.3726              271.3926696777343750
1878.4575              271.3602600097656250
1878.5397              271.3647460937500000
1878.6246              271.4429626464843750
1878.7096              271.4161987304687500
1878.7917              271.3758239746093750
1878.8767              271.4163208007812500
1878.9589              271.5128173828125000
1879.0438              271.6718750000000000
1879.1260              271.9454345703125000
1879.2054              272.0413208007812500
1879.2904              271.7283325195312500
1879.3726              271.4776916503906250
1879.4575              271.4331054687500000
1879.5397              271.3994750976562500
1879.6246              271.3872985839843750
1879.7096              271.3956909179687500
1879.7917              271.4376525878906250
1879.8767              271.4342956542968750
1879.9589              271.4891967773437500
1880.0437              271.7404174804687500
1880.1257              272.1206970214843750
1880.2076              272.0521545410156250
1880.2924              271.6332702636718750
1880.3743              271.4370117187500000
1880.4590              271.3787231445312500
1880.5410              271.4024047851562500
1880.6257              271.3737792968750000
1880.7103              271.3686828613281250
1880.7924              271.4349670410156250
1880.8771              271.4536132812500000
1880.9590              271.5116271972656250
1881.0438              271.7211914062500000
1881.1260              272.0021972656250000
1881.2054              272.0042419433593750
1881.2904              271.5114440917968750
1881.3726              271.4412536621093750
1881.4575              271.3645629882812500
1881.5397              271.3648071289062500
1881.6246              271.3961181640625000
1881.7096              271.3744506835937500
1881.7917              271.3793029785156250
1881.8767              271.4102172851562500
1881.9589              271.5520324707031250
1882.0438              271.7480468750000000
1882.1260              272.1080932617187500
1882.2054              272.1087341308593750
1882.2904              271.6434631347656250
1882.3726              271.5850524902343750
1882.4575              271.4342346191406250
1882.5397              271.3808288574218750
1882.6246              271.3630371093750000
1882.7096              271.3773498535156250
1882.7917              271.3576354980468750
1882.8767              271.4132690429687500
1882.9589              271.5457458496093750
1883.0438              271.7938232421875000
1883.1260              272.1498107910156250
1883.2054              272.1289062500000000
1883.2904              271.6779174804687500
1883.3726              271.4873962402343750
1883.4575              271.3834838867187500
1883.5397              271.3728027343750000
1883.6246              271.3736877441406250
1883.7096              271.4084167480468750
1883.7917              271.3999328613281250
1883.8767              271.4171142578125000
1883.9589              271.5465393066406250
1884.0437              271.6942749023437500
1884.1257              272.0079040527343750
1884.2076              272.0101318359375000
1884.2924              271.6487426757812500
1884.3743              271.4317932128906250
1884.4590              271.3799743652343750
1884.5410              271.3574523925781250
1884.6257              271.4035644531250000
1884.7103              271.4316406250000000
1884.7924              271.4230957031250000
1884.8771              271.4524841308593750
1884.9590              271.5231323242187500
1885.0438              271.6776428222656250
1885.1260              271.9863586425781250
1885.2054              271.9840698242187500
1885.2904              271.5597534179687500
1885.3726              271.4271240234375000
1885.4575              271.3636169433593750
1885.5397              271.3569946289062500
1885.6246              271.3648071289062500
1885.7096              271.3683471679687500
1885.7917              271.3690185546875000
1885.8767              271.4344482421875000
1885.9589              271.5468139648437500
1886.0438              271.7193603515625000
1886.1260              271.9882202148437500
1886.2054              271.9389648437500000
1886.2904              271.4805297851562500
1886.3726              271.4154968261718750
1886.4575              271.3776550292968750
1886.5397              271.3670654296875000
1886.6246              271.3962402343750000
1886.7096              271.3665466308593750
1886.7917              271.3743591308593750
1886.8767              271.4435424804687500
1886.9589              271.5875549316406250
1887.0438              271.8062744140625000
1887.1260              272.0129699707031250
1887.2054              272.0336303710937500
1887.2904              271.6942749023437500
1887.3726              271.5253601074218750
1887.4575              271.4367370605468750
1887.5397              271.3803100585937500
1887.6246              271.4011840820312500
1887.7096              271.3807983398437500
1887.7917              271.4102172851562500
1887.8767              271.4096374511718750
1887.9589              271.4808349609375000
1888.0437              271.7970275878906250
1888.1257              272.1758728027343750
1888.2076              272.1269531250000000
1888.2924              271.6911621093750000
1888.3743              271.4213256835937500
1888.4590              271.3773498535156250
1888.5410              271.3715820312500000
1888.6257              271.3976440429687500
1888.7103              271.3869628906250000
1888.7924              271.3896179199218750
1888.8771              271.4111022949218750
1888.9590              271.4734191894531250
1889.0438              271.6041259765625000
1889.1260              271.8742065429687500
1889.2054              271.8490295410156250
1889.2904              271.5065612792968750
1889.3726              271.4148254394531250
1889.4575              271.3783264160156250
1889.5397              271.3737792968750000
1889.6246              271.3772888183593750
1889.7096              271.3880004882812500
1889.7917              271.3591003417968750
1889.8767              271.4116516113281250
1889.9589              271.4953002929687500
1890.0438              271.5838928222656250
1890.1260              271.8179321289062500
1890.2054              271.9459838867187500
1890.2904              271.5850830078125000
1890.3726              271.4723205566406250
1890.4575              271.3876647949218750
1890.5397              271.3641662597656250
1890.6246              271.3634948730468750
1890.7096              271.4145812988281250
1890.7917              271.4217834472656250
1890.8767              271.4485473632812500
1890.9589              271.5398559570312500
1891.0438              271.9153747558593750
1891.1260              272.3367309570312500
1891.2054              272.2173767089843750
1891.2904              271.8122558593750000
1891.3726              271.4455871582031250
1891.4575              271.3927001953125000
1891.5397              271.3731689453125000
1891.6246              271.4028625488281250
1891.7096              271.3735656738281250
1891.7917              271.4072265625000000
1891.8767              271.4442443847656250
1891.9589              271.4868469238281250
1892.0437              271.6245727539062500
1892.1257              271.8013000488281250
1892.2076              271.8253479003906250
1892.2924              271.4848327636718750
1892.3743              271.4724121093750000
1892.4590              271.4086303710937500
1892.5410              271.3679809570312500
1892.6257              271.3605651855468750
1892.7103              271.3948364257812500
1892.7924              271.3965148925781250
1892.8771              271.4363708496093750
1892.9590              271.5733032226562500
1893.0438              271.7850952148437500
1893.1260              272.1539001464843750
1893.2054              272.1460876464843750
1893.2904              271.6973571777343750
1893.3726              271.4867553710937500
1893.4575              271.3934326171875000
1893.5397              271.3724365234375000
1893.6246              271.3529052734375000
1893.7096              271.3763427734375000
1893.7917              271.3763732910156250
1893.8767              271.4141235351562500
1893.9589              271.5001831054687500
1894.0438              271.7406921386718750
1894.1260              272.1460266113281250
1894.2054              272.1762084960937500
1894.2904              271.8154296875000000
1894.3726              271.4693603515625000
1894.4575              271.4007263183593750
1894.5397              271.3682861328125000
1894.6246              271.3561096191406250
1894.7096              271.3704833984375000
1894.7917              271.3998718261718750
1894.8767              271.4348754882812500
1894.9589              271.4965515136718750
1895.0438              271.6271972656250000
1895.1260              271.9868774414062500
1895.2054              272.0337829589843750
1895.2904              271.6235046386718750
1895.3726              271.4567565917968750
1895.4575              271.4060668945312500
1895.5397              271.3989562988281250
1895.6246              271.4005737304687500
1895.7096              271.3688049316406250
1895.7917              271.3721313476562500
1895.8767              271.4255676269531250
1895.9589              271.4857482910156250
1896.0437              271.7136230468750000
1896.1257              272.1609497070312500
1896.2076              272.1291198730468750
1896.2924              271.6156311035156250
1896.3743              271.4059143066406250
1896.4590              271.3693847656250000
1896.5410              271.3809814453125000
1896.6257              271.3834228515625000
1896.7103              271.3821105957031250
1896.7924              271.3663635253906250
1896.8771              271.4143981933593750
1896.9590              271.5422058105468750
1897.0438              271.8160400390625000
1897.1260              272.3044738769531250
1897.2054              272.4094543457031250
1897.2904              271.9329833984375000
1897.3726              271.4622192382812500
1897.4575              271.3902587890625000
1897.5397              271.3662719726562500
1897.6246              271.4053649902343750
1897.7096              271.3744812011718750
1897.7917              271.3933105468750000
1897.8767              271.4230651855468750
1897.9589              271.4807128906250000
1898.0438              271.6576538085937500
1898.1260              272.0582580566406250
1898.2054              271.9366149902343750
1898.2904              271.5243530273437500
1898.3726              271.4165954589843750
1898.4575              271.3748168945312500
1898.5397              271.3764648437500000
1898.6246              271.4053344726562500
1898.7096              271.4344787597656250
1898.7917              271.3797302246093750
1898.8767              271.4261779785156250
1898.9589              271.4994812011718750
1899.0438              271.7493591308593750
1899.1260              272.1689758300781250
1899.2054              272.1575012207031250
1899.2904              271.6807861328125000
1899.3726              271.4545593261718750
1899.4575              271.3951416015625000
1899.5397              271.4032592773437500
1899.6246              271.4588623046875000
1899.7096              271.3754882812500000
1899.7917              271.3685607910156250
1899.8767              271.4254455566406250
1899.9589              271.5248413085937500
1900.0438              271.6760559082031250
1900.1260              272.1045532226562500
1900.2054              272.1170043945312500
1900.2904              271.5947265625000000
1900.3726              271.4508361816406250
1900.4575              271.3800354003906250
1900.5397              271.3723144531250000
1900.6246              271.3925476074218750
1900.7096              271.3682250976562500
1900.7917              271.3530578613281250
1900.8767              271.4154052734375000
1900.9589              271.5655212402343750
1901.0438              271.8577880859375000
1901.1260              272.2659606933593750
1901.2054              272.3481140136718750
1901.2904              271.8125915527343750
1901.3726              271.5218200683593750
1901.4575              271.4204101562500000
1901.5397              271.3879699707031250
1901.6246              271.3947143554687500
1901.7096              271.3905639648437500
1901.7917              271.4486999511718750
1901.8767              271.4080200195312500
1901.9589              271.4905395507812500
1902.0438              271.6075134277343750
1902.1260              271.9674987792968750
1902.2054              272.1091003417968750
1902.2904              271.6192626953125000
1902.3726              271.4430541992187500
1902.4575              271.3979797363281250
1902.5397              271.3717346191406250
1902.6246              271.3768615722656250
1902.7096              271.4199218750000000
1902.7917              271.4341430664062500
1902.8767              271.4296875000000000
1902.9589              271.5736999511718750
1903.0438              271.9974975585937500
1903.1260              272.4832458496093750
1903.2054              272.4359130859375000
1903.2904              272.0444641113281250
1903.3726              271.4794006347656250
1903.4575              271.4319458007812500
1903.5397              271.3708190917968750
1903.6246              271.3607788085937500
1903.7096              271.4093627929687500
1903.7917              271.4122314453125000
1903.8767              271.4260559082031250
1903.9589              271.5273742675781250
1904.0437              271.8809814453125000
1904.1257              272.2534790039062500
1904.2076              272.2299804687500000
1904.2924              271.8377075195312500
1904.3743              271.5058898925781250
1904.4590              271.4718322753906250
1904.5410              271.3867797851562500
1904.6257              271.3740234375000000
1904.7103              271.4020690917968750
1904.7924              271.4056396484375000
1904.8771              271.4248046875000000
1904.9590              271.5158081054687500
1905.0438              271.6327514648437500
1905.1260              272.0165710449218750
1905.2054              272.1146850585937500
1905.2904              271.6613769531250000
1905.3726              271.4515991210937500
1905.4575              271.4093017578125000
1905.5397              271.3619995117187500
1905.6246              271.3793640136718750
1905.7096              271.4048461914062500
1905.7917              271.3774719238281250
1905.8767              271.3892211914062500
1905.9589              271.5539245605468750
1906.0438              271.7925109863281250
1906.1260              272.1759948730468750
1906.2054              272.1527099609375000
1906.2904              271.7657165527343750
1906.3726              271.4564819335937500
1906.4575              271.4029846191406250
1906.5397              271.3657226562500000
1906.6246              271.4079895019531250
1906.7096              271.4004821777343750
1906.7917              271.3887329101562500
1906.8767              271.5045776367187500
1906.9589              271.5487060546875000
1907.0438              271.6704406738281250
1907.1260              271.9578857421875000
1907.2054              271.9069519042968750
1907.2904              271.5111694335937500
1907.3726              271.4116516113281250
1907.4575              271.3768005371093750
1907.5397              271.3553161621093750
1907.6246              271.3894653320312500
1907.7096              271.3605651855468750
1907.7917              271.3993530273437500
1907.8767              271.4365234375000000
1907.9589              271.5133056640625000
1908.0437              271.7636108398437500
1908.1257              272.1257324218750000
1908.2076              272.0295104980468750
1908.2924              271.5866088867187500
1908.3743              271.4654846191406250
1908.4590              271.4065856933593750
1908.5410              271.3674316406250000
1908.6257              271.3800659179687500
1908.7103              271.3640441894531250
1908.7924              271.3660888671875000
1908.8771              271.3991394042968750
1908.9590              271.4691772460937500
1909.0438              271.6300354003906250
1909.1260              272.0674133300781250
1909.2054              272.1428222656250000
1909.2904              271.8510131835937500
1909.3726              271.4344482421875000
1909.4575              271.4038085937500000
1909.5397              271.3760681152343750
1909.6246              271.3585815429687500
1909.7096              271.4035034179687500
1909.7917              271.4123840332031250
1909.8767              271.3959960937500000
1909.9589              271.4729614257812500
1910.0438              271.7152404785156250
1910.1260              272.0984497070312500
1910.2054              272.1384277343750000
1910.2904              271.5664672851562500
1910.3726              271.4418640136718750
1910.4575              271.3915100097656250
1910.5397              271.3782043457031250
1910.6246              271.3580627441406250
1910.7096              271.3771667480468750
1910.7917              271.3780822753906250
1910.8767              271.4130859375000000
1910.9589              271.4819946289062500
1911.0438              271.7098999023437500
1911.1260              272.0585021972656250
1911.2054              271.9822998046875000
1911.2904              271.5044860839843750
1911.3726              271.4344787597656250
1911.4575              271.3704833984375000
1911.5397              271.3852844238281250
1911.6246              271.4042358398437500
1911.7096              271.3831787109375000
1911.7917              271.4134826660156250
1911.8767              271.4252624511718750
1911.9589              271.5403442382812500
1912.0437              271.8198242187500000
1912.1257              272.3192749023437500
1912.2076              272.3414001464843750
1912.2924              271.9202880859375000
1912.3743              271.4320373535156250
1912.4590              271.4074096679687500
1912.5410              271.3736877441406250
1912.6257              271.3699035644531250
1912.7103              271.3847351074218750
1912.7924              271.3762817382812500
1912.8771              271.4432983398437500
1912.9590              271.5037536621093750
1913.0438              271.5826416015625000
1913.1260              271.8583374023437500
1913.2054              271.9403686523437500
1913.2904              271.6160888671875000
1913.3726              271.4307556152343750
1913.4575              271.3907775878906250
1913.5397              271.3591308593750000
1913.6246              271.3734130859375000
1913.7096              271.3575439453125000
1913.7917              271.3958435058593750
1913.8767              271.4096984863281250
1913.9589              271.4678039550781250
1914.0438              271.5702209472656250
1914.1260              271.9552612304687500
1914.2054              271.9852905273437500
1914.2904              271.5312500000000000
1914.3726              271.4223632812500000
1914.4575              271.3887329101562500
1914.5397              271.3788146972656250
1914.6246              271.3623962402343750
1914.7096              271.3984069824218750
1914.7917              271.4061889648437500
1914.8767              271.4491882324218750
1914.9589              271.6361389160156250
1915.0438              271.8750610351562500
1915.1260              272.3294067382812500
1915.2054              272.2357177734375000
1915.2904              271.9379882812500000
1915.3726              271.4335021972656250
1915.4575              271.3954467773437500
1915.5397              271.3807373046875000
1915.6246              271.4207458496093750
1915.7096              271.3903808593750000
1915.7917              271.3963623046875000
1915.8767              271.4214172363281250
1915.9589              271.5308837890625000
1916.0437              271.7196655273437500
1916.1257              272.0053405761718750
1916.2076              271.9709167480468750
1916.2924              271.5608520507812500
1916.3743              271.4761352539062500
1916.4590              271.4330444335937500
1916.5410              271.3887329101562500
1916.6257              271.3779907226562500
1916.7103              271.3812866210937500
1916.7924              271.3765258789062500
1916.8771              271.4459838867187500
1916.9590              271.5080261230468750
1917.0438              271.6749877929687500
1917.1260              272.0209655761718750
1917.2054              271.9559020996093750
1917.2904              271.6671447753906250
1917.3726              271.4939575195312500
1917.4575              271.4252319335937500
1917.5397              271.3638000488281250
1917.6246              271.3730468750000000
1917.7096              271.3628540039062500
1917.7917              271.3546752929687500
1917.8767              271.3970947265625000
1917.9589              271.4984741210937500
1918.0438              271.7117919921875000
1918.1260              272.0531616210937500
1918.2054              272.0442504882812500
1918.2904              271.5962829589843750
1918.3726              271.4543151855468750
1918.4575              271.3895874023437500
1918.5397              271.3625488281250000
1918.6246              271.3687133789062500
1918.7096              271.3871154785156250
1918.7917              271.4040527343750000
1918.8767              271.4224853515625000
1918.9589              271.4827270507812500
1919.0438              271.5935363769531250
1919.1260              271.8772888183593750
1919.2054              271.9487304687500000
1919.2904              271.5870361328125000
1919.3726              271.4720153808593750
1919.4575              271.4285888671875000
1919.5397              271.3650512695312500
1919.6246              271.3699340820312500
1919.7096              271.3976440429687500
1919.7917              271.3971862792968750
1919.8767              271.3946533203125000
1919.9589              271.4561157226562500
1920.0437              271.5448608398437500
1920.1257              271.8215942382812500
1920.2076              271.8849792480468750
1920.2924              271.5253295898437500
1920.3743              271.4245605468750000
1920.4590              271.3847656250000000
1920.5410              271.3706970214843750
1920.6257              271.4387817382812500
1920.7103              271.3718261718750000
1920.7924              271.3724975585937500
1920.8771              271.3900451660156250
1920.9590              271.4963378906250000
1921.0438              271.7296752929687500
1921.1260              272.1740417480468750
1921.2054              272.2245788574218750
1921.2904              271.6882324218750000
1921.3726              271.3906555175781250
1921.4575              271.3593444824218750
1921.5397              271.3773803710937500
1921.6246              271.3552551269531250
1921.7096              271.3558044433593750
1921.7917              271.3796691894531250
1921.8767              271.4190979003906250
1921.9589              271.5337219238281250
1922.0438              271.7492675781250000
1922.1260              272.2632141113281250
1922.2054              272.2670898437500000
1922.2904              271.6246337890625000
1922.3726              271.4892578125000000
1922.4575              271.3915710449218750
1922.5397              271.3653259277343750
1922.6246              271.3714904785156250
1922.7096              271.3895568847656250
1922.7917              271.3915100097656250
1922.8767              271.4248352050781250
1922.9589              271.5062561035156250
1923.0438              271.7318420410156250
1923.1260              272.0260925292968750
1923.2054              271.9729003906250000
1923.2904              271.5720520019531250
1923.3726              271.4549865722656250
1923.4575              271.4071044921875000
1923.5397              271.3755187988281250
1923.6246              271.3884887695312500
1923.7096              271.4330139160156250
1923.7917              271.3905944824218750
1923.8767              271.4540405273437500
1923.9589              271.5282897949218750
1924.0437              271.7624206542968750
1924.1257              272.1523742675781250
1924.2076              272.0799255371093750
1924.2924              271.7286987304687500
1924.3743              271.5163574218750000
1924.4590              271.4821777343750000
1924.5410              271.3912353515625000
1924.6257              271.3872375488281250
1924.7103              271.4184570312500000
1924.7924              271.3902282714843750
1924.8771              271.4454040527343750
1924.9590              271.5940551757812500
1925.0438              272.1657409667968750
1925.1260              272.5946655273437500
1925.2054              272.4757385253906250
1925.2904              271.9156799316406250
1925.3726              271.4442138671875000
1925.4575              271.3828125000000000
1925.5397              271.3919677734375000
1925.6246              271.4088134765625000
1925.7096              271.3558959960937500
1925.7917              271.3912658691406250
1925.8767              271.4031982421875000
1925.9589              271.4975280761718750
1926.0438              271.7022705078125000
1926.1260              272.0888061523437500
1926.2054              271.9228210449218750
1926.2904              271.4570312500000000
1926.3726              271.4118041992187500
1926.4575              271.3610839843750000
1926.5397              271.3608398437500000
1926.6246              271.3712463378906250
1926.7096              271.3915405273437500
1926.7917              271.4220275878906250
1926.8767              271.4094848632812500
1926.9589              271.4884948730468750
1927.0438              271.6090087890625000
1927.1260              271.8992004394531250
1927.2054              271.8475646972656250
1927.2904              271.5253295898437500
1927.3726              271.4754028320312500
1927.4575              271.3961181640625000
1927.5397              271.3745117187500000
1927.6246              271.4363708496093750
1927.7096              271.3737182617187500
1927.7917              271.3945617675781250
1927.8767              271.4396972656250000
1927.9589              271.5289611816406250
1928.0437              271.6595458984375000
1928.1257              272.0036926269531250
1928.2076              272.0211791992187500
1928.2924              271.6483154296875000
1928.3743              271.4846191406250000
1928.4590              271.4324645996093750
1928.5410              271.3833923339843750
1928.6257              271.3685607910156250
1928.7103              271.3790893554687500
1928.7924              271.4342651367187500
1928.8771              271.4160766601562500
1928.9590              271.4867248535156250
1929.0438              271.6729736328125000
1929.1260              271.9676513671875000
1929.2054              271.9157409667968750
1929.2904              271.5265502929687500
1929.3726              271.4494628906250000
1929.4575              271.4270935058593750
1929.5397              271.3800048828125000
1929.6246              271.3543701171875000
1929.7096              271.4146423339843750
1929.7917              271.3890075683593750
1929.8767              271.4061279296875000
1929.9589              271.4905090332031250
1930.0438              271.6531372070312500
1930.1260              271.9940795898437500
1930.2054              272.0167846679687500
1930.2904              271.7234191894531250
1930.3726              271.5041503906250000
1930.4575              271.4468078613281250
1930.5397              271.3756103515625000
1930.6246              271.3728027343750000
1930.7096              271.3714294433593750
1930.7917              271.3888549804687500
1930.8767              271.4510192871093750
1930.9589              271.5581665039062500
1931.0438              271.7822265625000000
1931.1260              272.0885314941406250
1931.2054              271.9709167480468750
1931.2904              271.6222229003906250
1931.3726              271.5151672363281250
1931.4575              271.4689331054687500
1931.5397              271.3807678222656250
1931.6246              271.3577880859375000
1931.7096              271.3769836425781250
1931.7917              271.4083862304687500
1931.8767              271.4379882812500000
1931.9589              271.5208740234375000
1932.0437              271.7403869628906250
1932.1257              272.2575988769531250
1932.2076              272.2656250000000000
1932.2924              271.8211059570312500
1932.3743              271.4831237792968750
1932.4590              271.4141540527343750
1932.5410              271.3657836914062500
1932.6257              271.3699951171875000
1932.7103              271.4164123535156250
1932.7924              271.4064025878906250
1932.8771              271.4207153320312500
1932.9590              271.5770874023437500
1933.0438              271.9833984375000000
1933.1260              272.3189086914062500
1933.2054              272.1674194335937500
1933.2904              271.5200805664062500
1933.3726              271.3929138183593750
1933.4575              271.3594970703125000
1933.5397              271.3663024902343750
1933.6246              271.3608703613281250
1933.7096              271.3861083984375000
1933.7917              271.4631958007812500
1933.8767              271.4507446289062500
1933.9589              271.5914001464843750
1934.0438              271.7661743164062500
1934.1260              272.0300903320312500
1934.2054              272.0233459472656250
1934.2904              271.7180786132812500
1934.3726              271.4903259277343750
1934.4575              271.4155273437500000
1934.5397              271.3663940429687500
1934.6246              271.4131774902343750
1934.7096              271.3623657226562500
1934.7917              271.3643798828125000
1934.8767              271.4543762207031250
1934.9589              271.5336303710937500
1935.0438              271.8382263183593750
1935.1260              272.2969360351562500
1935.2054              272.3485412597656250
1935.2904              271.9451599121093750
1935.3726              271.4730529785156250
1935.4575              271.4139709472656250
1935.5397              271.3699340820312500
1935.6246              271.3685607910156250
1935.7096              271.4085083007812500
1935.7917              271.3765258789062500
1935.8767              271.4100646972656250
1935.9589              271.4945068359375000
1936.0437              271.5975341796875000
1936.1257              271.9570007324218750
1936.2076              272.0277709960937500
1936.2924              271.7221374511718750
1936.3743              271.5059509277343750
1936.4590              271.4358520507812500
1936.5410              271.3920898437500000
1936.6257              271.3808898925781250
1936.7103              271.3843078613281250
1936.7924              271.3855285644531250
1936.8771              271.4214782714843750
1936.9590              271.5116882324218750
1937.0438              271.6406555175781250
1937.1260              271.8793945312500000
1937.2054              271.9400329589843750
1937.2904              271.6543579101562500
1937.3726              271.5035705566406250
1937.4575              271.4002075195312500
1937.5397              271.3804321289062500
1937.6246              271.3610534667968750
1937.7096              271.4227294921875000
1937.7917              271.4074707031250000
1937.8767              271.4526672363281250
1937.9589              271.5578308105468750
1938.0438              271.7014770507812500
1938.1260              272.0578002929687500
1938.2054              272.1438598632812500
1938.2904              271.7948303222656250
1938.3726              271.4906311035156250
1938.4575              271.4320068359375000
1938.5397              271.3693542480468750
1938.6246              271.3758544921875000
1938.7096              271.3795166015625000
1938.7917              271.3973693847656250
1938.8767              271.4661560058593750
1938.9589              271.6128540039062500
1939.0438              271.9879150390625000
1939.1260              272.3378906250000000
1939.2054              272.3191223144531250
1939.2904              271.8438720703125000
1939.3726              271.5188598632812500
1939.4575              271.5221557617187500
1939.5397              271.4177246093750000
1939.6246              271.4094238281250000
1939.7096              271.3905639648437500
1939.7917              271.3818054199218750
1939.8767              271.4114990234375000
1939.9589              271.4825134277343750
1940.0437              271.6570434570312500
1940.1257              272.1593627929687500
1940.2076              272.2034912109375000
1940.2924              271.5553588867187500
1940.3743              271.4146423339843750
1940.4590              271.3708190917968750
1940.5410              271.3769836425781250
1940.6257              271.3896484375000000
1940.7103              271.3887939453125000
1940.7924              271.3685302734375000
1940.8771              271.4051208496093750
1940.9590              271.4696960449218750
1941.0438              271.6570739746093750
1941.1260              272.0166320800781250
1941.2054              271.9279479980468750
1941.2904              271.4772644042968750
1941.3726              271.4035034179687500
1941.4575              271.3569335937500000
1941.5397              271.3594055175781250
1941.6246              271.3875427246093750
1941.7096              271.3686218261718750
1941.7917              271.4030151367187500
1941.8767              271.4283447265625000
1941.9589              271.4831542968750000
1942.0438              271.6426696777343750
1942.1260              271.9403076171875000
1942.2054              271.9083862304687500
1942.2904              271.5411376953125000
1942.3726              271.4646301269531250
1942.4575              271.4147949218750000
1942.5397              271.3889770507812500
1942.6246              271.3672180175781250
1942.7096              271.3995666503906250
1942.7917              271.4085388183593750
1942.8767              271.4109191894531250
1942.9589              271.5331726074218750
1943.0438              271.6918945312500000
1943.1260              271.9267578125000000
1943.2054              271.9302062988281250
1943.2904              271.5603942871093750
1943.3726              271.4335021972656250
1943.4575              271.4140014648437500
1943.5397              271.4013977050781250
1943.6246              271.4120788574218750
1943.7096              271.4209899902343750
1943.7917              271.4199829101562500
1943.8767              271.4119873046875000
1943.9589              271.5350036621093750
1944.0437              271.7500915527343750
1944.1257              272.1325378417968750
1944.2076              272.0935668945312500
1944.2924              271.6815795898437500
1944.3743              271.4085693359375000
1944.4590              271.3661193847656250
1944.5410              271.3692626953125000
1944.6257              271.4002075195312500
1944.7103              271.3805541992187500
1944.7924              271.4004211425781250
1944.8771              271.4352722167968750
1944.9590              271.5251464843750000
1945.0438              271.9156494140625000
1945.1260              272.3308715820312500
1945.2054              272.2956848144531250
1945.2904              271.8982543945312500
1945.3726              271.4407043457031250
1945.4575              271.3755798339843750
1945.5397              271.3704223632812500
1945.6246              271.4008178710937500
1945.7096              271.3789062500000000
1945.7917              271.4017944335937500
1945.8767              271.4466247558593750
1945.9589              271.5069274902343750
1946.0438              271.6956176757812500
1946.1260              272.0669555664062500
1946.2054              272.1357421875000000
1946.2904              271.8551025390625000
1946.3726              271.4274902343750000
1946.4575              271.3968200683593750
1946.5397              271.3729248046875000
1946.6246              271.3779907226562500
1946.7096              271.3662414550781250
1946.7917              271.3780822753906250
1946.8767              271.4464721679687500
1946.9589              271.5724487304687500
1947.0438              271.9618835449218750
1947.1260              272.4017333984375000
1947.2054              272.3846435546875000
1947.2904              271.8665161132812500
1947.3726              271.4459533691406250
1947.4575              271.4020385742187500
1947.5397              271.4074096679687500
1947.6246              271.4155883789062500
1947.7096              271.3621826171875000
1947.7917              271.3717956542968750
1947.8767              271.4213867187500000
1947.9589              271.5171508789062500
1948.0437              271.8666076660156250
1948.1257              272.2772827148437500
1948.2076              272.2673339843750000
1948.2924              271.8057861328125000
1948.3743              271.4549255371093750
1948.4590              271.3896789550781250
1948.5410              271.3912658691406250
1948.6257              271.4151611328125000
1948.7103              271.3754272460937500
1948.7924              271.4148864746093750
1948.8771              271.4487915039062500
1948.9590              271.5387573242187500
1949.0438              271.7212524414062500
1949.1260              272.0456542968750000
1949.2054              272.0684814453125000
1949.2904              271.5915527343750000
1949.3726              271.5028076171875000
1949.4575              271.4303283691406250
1949.5397              271.3740234375000000
1949.6246              271.3830261230468750
1949.7096              271.4139709472656250
1949.7917              271.4425048828125000
1949.8767              271.4341430664062500
1949.9589              271.4877624511718750
1950.0438              271.7069396972656250
1950.1260              272.0501098632812500
1950.2054              272.1072998046875000
1950.2904              271.6070251464843750
1950.3726              271.4435119628906250
1950.4575              271.3656921386718750
1950.5397              271.3767395019531250
1950.6246              271.3616027832031250
1950.7096              271.3919067382812500
1950.7917              271.4278259277343750
1950.8767              271.4375915527343750
1950.9589              271.4890441894531250
1951.0438              271.7306213378906250
1951.1260              272.0722045898437500
1951.2054              272.0120239257812500
1951.2904              271.5698242187500000
1951.3726              271.4597167968750000
1951.4575              271.4183349609375000
1951.5397              271.3606567382812500
1951.6246              271.3718566894531250
1951.7096              271.3943176269531250
1951.7917              271.4211120605468750
1951.8767              271.4314270019531250
1951.9589              271.5372009277343750
1952.0437              271.9304504394531250
1952.1257              272.3608703613281250
1952.2076              272.3355102539062500
1952.2924              271.8383178710937500
1952.3743              271.4315490722656250
1952.4590              271.3942871093750000
1952.5410              271.3990173339843750
1952.6257              271.4218139648437500
1952.7103              271.3700561523437500
1952.7924              271.4257507324218750
1952.8771              271.4956359863281250
1952.9590              271.6070861816406250
1953.0438              272.1726074218750000
1953.1260              272.4737243652343750
1953.2054              272.4754028320312500
1953.2904              271.9861145019531250
1953.3726              271.4757690429687500
1953.4575              271.4275512695312500
1953.5397              271.3736572265625000
1953.6246              271.3961791992187500
1953.7096              271.3915100097656250
1953.7917              271.4122924804687500
1953.8767              271.4514770507812500
1953.9589              271.6274108886718750
1954.0438              272.2870178222656250
1954.1260              272.6599426269531250
1954.2054              272.5625000000000000
1954.2904              272.2029724121093750
1954.3726              271.5885620117187500
1954.4575              271.4937133789062500
1954.5397              271.4164123535156250
1954.6246              271.4207458496093750
1954.7096              271.4031372070312500
1954.7917              271.4262390136718750
1954.8767              271.4742431640625000
1954.9589              271.5845642089843750
1955.0438              272.0139465332031250
1955.1260              272.3189697265625000
1955.2054              272.2505798339843750
1955.2904              271.7805786132812500
1955.3726              271.4850463867187500
1955.4575              271.4249877929687500
1955.5397              271.3719482421875000
1955.6246              271.3876037597656250
1955.7096              271.3860473632812500
1955.7917              271.3858947753906250
1955.8767              271.4604797363281250
1955.9589              271.6546020507812500
1956.0437              272.0267639160156250
1956.1257              272.4455871582031250
1956.2076              272.3731994628906250
1956.2924              271.9877929687500000
1956.3743              271.5100097656250000
1956.4590              271.4105224609375000
1956.5410              271.3751525878906250
1956.6257              271.4020996093750000
1956.7103              271.4408264160156250
1956.7924              271.4425964355468750
1956.8771              271.4606628417968750
1956.9590              271.5269165039062500
1957.0438              271.9066772460937500
1957.1260              272.4146728515625000
1957.2054              272.4937438964843750
1957.2904              272.1187744140625000
1957.3726              271.4803771972656250
1957.4575              271.3806762695312500
1957.5397              271.3692321777343750
1957.6246              271.4111022949218750
1957.7096              271.3862304687500000
1957.7917              271.4290466308593750
1957.8767              271.4774169921875000
1957.9589              271.5707397460937500
1958.0438              272.0986633300781250
1958.1260              272.4671020507812500
1958.2054              272.3460693359375000
1958.2904              271.9437255859375000
1958.3726              271.4224853515625000
1958.4575              271.4062194824218750
1958.5397              271.3670654296875000
1958.6246              271.3572692871093750
1958.7096              271.3763122558593750
1958.7917              271.4000244140625000
1958.8767              271.4238281250000000
1958.9589              271.4875793457031250
1959.0438              271.6508178710937500
1959.1260              271.9670104980468750
1959.2054              272.0178833007812500
1959.2904              271.6081237792968750
1959.3726              271.5120544433593750
1959.4575              271.4064025878906250
1959.5397              271.3595886230468750
1959.6246              271.4059143066406250
1959.7096              271.3953857421875000
1959.7917              271.3668518066406250
1959.8767              271.3962402343750000
1959.9589              271.5289001464843750
1960.0437              271.7475891113281250
1960.1257              272.0828857421875000
1960.2076              272.1122741699218750
1960.2924              271.7912292480468750
1960.3743              271.4848937988281250
1960.4590              271.4173583984375000
1960.5410              271.3695983886718750
1960.6257              271.3733520507812500
1960.7103              271.3780212402343750
1960.7924              271.4039611816406250
1960.8771              271.4101867675781250
1960.9590              271.5183105468750000
1961.0438              271.8772888183593750
1961.1260              272.2476806640625000
1961.2054              272.1427001953125000
1961.2904              271.6451416015625000
1961.3726              271.4080810546875000
1961.4575              271.3735656738281250
1961.5397              271.3651733398437500
1961.6246              271.4326171875000000
1961.7096              271.4182128906250000
1961.7917              271.3797607421875000
1961.8767              271.4374694824218750
1961.9589              271.5301208496093750
1962.0438              271.6607971191406250
1962.1260              271.9644470214843750
1962.2054              271.9858093261718750
1962.2904              271.7818298339843750
1962.3726              271.4007263183593750
1962.4575              271.4039611816406250
1962.5397              271.3652648925781250
1962.6246              271.3622436523437500
1962.7096              271.3499450683593750
1962.7917              271.3774719238281250
1962.8767              271.3998107910156250
1962.9589              271.4804992675781250
1963.0438              271.7729797363281250
1963.1260              272.1035461425781250
1963.2054              272.0460815429687500
1963.2904              271.6693725585937500
1963.3726              271.4135742187500000
1963.4575              271.3504028320312500
1963.5397              271.3472595214843750
1963.6246              271.3851318359375000
1963.7096              271.4145507812500000
1963.7917              271.3646850585937500
1963.8767              271.4090270996093750
1963.9589              271.5448303222656250
1964.0437              271.7634277343750000
1964.1257              272.1233520507812500
1964.2076              272.1525878906250000
1964.2924              271.7592773437500000
1964.3743              271.5045166015625000
1964.4590              271.4103698730468750
1964.5410              271.3981933593750000
1964.6257              271.4655151367187500
1964.7103              271.4814758300781250
1964.7924              271.3881835937500000
1964.8771              271.4321899414062500
1964.9590              271.5289306640625000
1965.0438              271.7262573242187500
1965.1260              272.1377258300781250
1965.2054              272.1205139160156250
1965.2904              271.6028137207031250
1965.3726              271.3824768066406250
1965.4575              271.3581848144531250
1965.5397              271.3834533691406250
1965.6246              271.4219360351562500
1965.7096              271.3721923828125000
1965.7917              271.3830871582031250
1965.8767              271.4032592773437500
1965.9589              271.4623718261718750
1966.0438              271.5373535156250000
1966.1260              271.7214050292968750
1966.2054              271.8744201660156250
1966.2904              271.5517578125000000
1966.3726              271.4578857421875000
1966.4575              271.4125061035156250
1966.5397              271.3791809082031250
1966.6246              271.3991394042968750
1966.7096              271.3734741210937500
1966.7917              271.4027709960937500
1966.8767              271.4409790039062500
1966.9589              271.4889831542968750
1967.0438              271.6036071777343750
1967.1260              271.8927307128906250
1967.2054              271.9827270507812500
1967.2904              271.6342163085937500
1967.3726              271.4502868652343750
1967.4575              271.4244079589843750
1967.5397              271.3799438476562500
1967.6246              271.3667907714843750
1967.7096              271.3829040527343750
1967.7917              271.3919982910156250
1967.8767              271.4383239746093750
1967.9589              271.5233764648437500
1968.0437              271.6211853027343750
1968.1257              271.9017639160156250
1968.2076              271.9814453125000000
1968.2924              271.5877685546875000
1968.3743              271.4770202636718750
1968.4590              271.4248046875000000
1968.5410              271.3761596679687500
1968.6257              271.3789978027343750
1968.7103              271.3857421875000000
1968.7924              271.4121093750000000
1968.8771              271.4078369140625000
1968.9590              271.4774475097656250
1969.0438              271.6881408691406250
1969.1260              272.0226135253906250
1969.2054              272.0050659179687500
1969.2904              271.7997131347656250
1969.3726              271.4585571289062500
1969.4575              271.3688354492187500
1969.5397              271.3804321289062500
1969.6246              271.3608093261718750
1969.7096              271.3974914550781250
1969.7917              271.3799438476562500
1969.8767              271.4184570312500000
1969.9589              271.4942932128906250
1970.0438              271.6343078613281250
1970.1260              272.0120849609375000
1970.2054              271.9956970214843750
1970.2904              271.5846862792968750
1970.3726              271.4506835937500000
1970.4575              271.4105834960937500
1970.5397              271.3901062011718750
1970.6246              271.3751831054687500
1970.7096              271.3807067871093750
1970.7917              271.4068298339843750
1970.8767              271.4395141601562500
1970.9589              271.4785766601562500
1971.0438              271.6190795898437500
1971.1260              271.9455261230468750
1971.2054              271.9273071289062500
1971.2904              271.5113525390625000
1971.3726              271.4918518066406250
1971.4575              271.4085998535156250
1971.5397              271.3686218261718750
1971.6246              271.3926086425781250
1971.7096              271.3671569824218750
1971.7917              271.3859558105468750
1971.8767              271.4100341796875000
1971.9589              271.4734497070312500
1972.0437              271.6112670898437500
1972.1257              271.9812927246093750
1972.2076              272.0029907226562500
1972.2924              271.5603332519531250
1972.3743              271.4603576660156250
1972.4590              271.3905944824218750
1972.5410              271.3865051269531250
1972.6257              271.4249267578125000
1972.7103              271.3806152343750000
1972.7924              271.3866882324218750
1972.8771              271.4279785156250000
1972.9590              271.5166625976562500
1973.0438              271.7516479492187500
1973.1260              272.1100769042968750
1973.2054              272.1292419433593750
1973.2904              271.6674804687500000
1973.3726              271.4581298828125000
1973.4575              271.3971862792968750
1973.5397              271.3776855468750000
1973.6246              271.3604736328125000
1973.7096              271.4061584472656250
1973.7917              271.4081115722656250
1973.8767              271.3929443359375000
1973.9589              271.4876098632812500
1974.0438              271.6625366210937500
1974.1260              272.0269165039062500
1974.2054              272.1208496093750000
1974.2904              271.6465148925781250
1974.3726              271.4930725097656250
1974.4575              271.4394531250000000
1974.5397              271.3617858886718750
1974.6246              271.3599853515625000
1974.7096              271.4115905761718750
1974.7917              271.3962097167968750
1974.8767              271.4286499023437500
1974.9589              271.4852905273437500
1975.0438              271.5794067382812500
1975.1260              271.8226013183593750
1975.2054              271.8519592285156250
1975.2904              271.5687255859375000
1975.3726              271.4894409179687500
1975.4575              271.4341735839843750
1975.5397              271.3646545410156250
1975.6246              271.3876342773437500
1975.7096              271.3935546875000000
1975.7917              271.4179382324218750
1975.8767              271.4300842285156250
1975.9589              271.4943847656250000
1976.0437              271.6323547363281250
1976.1257              271.8622131347656250
1976.2076              271.8740844726562500
1976.2924              271.5894165039062500
1976.3743              271.5110473632812500
1976.4590              271.4170227050781250
1976.5410              271.3665466308593750
1976.6257              271.3648681640625000
1976.7103              271.3512878417968750
1976.7924              271.3712768554687500
1976.8771              271.5005187988281250
1976.9590              271.5811157226562500
1977.0438              271.8430480957031250
1977.1260              272.2537536621093750
1977.2054              272.2653503417968750
1977.2904              271.9083557128906250
1977.3726              271.5843811035156250
1977.4575              271.4670715332031250
1977.5397              271.4013366699218750
1977.6246              271.3916015625000000
1977.7096              271.3734741210937500
1977.7917              271.4007568359375000
1977.8767              271.4440002441406250
1977.9589              271.5705871582031250
1978.0438              271.9049377441406250
1978.1260              272.3423767089843750
1978.2054              272.3020935058593750
1978.2904              271.8741760253906250
1978.3726              271.5686035156250000
1978.4575              271.4376525878906250
1978.5397              271.3672485351562500
1978.6246              271.3889770507812500
1978.7096              271.4156799316406250
1978.7917              271.3633422851562500
1978.8767              271.4183349609375000
1978.9589              271.5584106445312500
1979.0438              271.8103027343750000
1979.1260              272.2520141601562500
1979.2054              272.2406921386718750
1979.2904              271.8108825683593750
1979.3726              271.5508422851562500
1979.4575              271.5283508300781250
1979.5397              271.4162902832031250
1979.6246              271.3865661621093750
1979.7096              271.4017333984375000
1979.7917              271.4234619140625000
1979.8767              271.4334716796875000
1979.9589              271.5131225585937500
1980.0437              271.6373291015625000
1980.1257              271.9574890136718750
1980.2076              272.0415649414062500
1980.2924              271.7124328613281250
1980.3743              271.6286315917968750
1980.4590              271.5425109863281250
1980.5410              271.4512329101562500
1980.6257              271.3894653320312500
1980.7103              271.3882446289062500
1980.7924              271.3984375000000000
1980.8771              271.4751281738281250
1980.9590              271.5446472167968750
1981.0438              271.7971496582031250
1981.1260              272.1784362792968750
1981.2054              272.2424926757812500
1981.2904              271.8878784179687500
1981.3726              271.4493408203125000
1981.4575              271.3991394042968750
1981.5397              271.3645935058593750
1981.6246              271.3564758300781250
1981.7096              271.3620605468750000
1981.7917              271.3514404296875000
1981.8767              271.3973999023437500
1981.9589              271.4614868164062500
1982.0438              271.6647033691406250
1982.1260              271.9970703125000000
1982.2054              271.9496459960937500
1982.2904              271.6015625000000000
1982.3726              271.4299011230468750
1982.4575              271.3690185546875000
1982.5397              271.3636779785156250
1982.6246              271.3647155761718750
1982.7096              271.3694763183593750
1982.7917              271.4226379394531250
1982.8767              271.4400939941406250
1982.9589              271.5759582519531250
1983.0438              271.8630676269531250
1983.1260              272.1358642578125000
1983.2054              272.1044616699218750
1983.2904              271.7561645507812500
1983.3726              271.5332946777343750
1983.4575              271.4599609375000000
1983.5397              271.4237060546875000
1983.6246              271.3927307128906250
1983.7096              271.3927612304687500
1983.7917              271.3723144531250000
1983.8767              271.4483032226562500
1983.9589              271.5038146972656250
1984.0437              271.7283325195312500
1984.1257              272.0974121093750000
1984.2076              272.0179443359375000
1984.2924              271.6350097656250000
1984.3743              271.4834594726562500
1984.4590              271.4116210937500000
1984.5410              271.3816528320312500
1984.6257              271.3682250976562500
1984.7103              271.3862915039062500
1984.7924              271.3799438476562500
1984.8771              271.4039001464843750
1984.9590              271.4694824218750000
1985.0438              271.6519775390625000
1985.1260              272.0009155273437500
1985.2054              271.9000244140625000
1985.2904              271.5024414062500000
1985.3726              271.4588928222656250
1985.4575              271.4137878417968750
1985.5397              271.3760681152343750
1985.6246              271.3779296875000000
1985.7096              271.4114379882812500
1985.7917              271.4037475585937500
1985.8767              271.4259033203125000
1985.9589              271.5027465820312500
1986.0438              271.8770751953125000
1986.1260              272.3591003417968750
1986.2054              272.2700500488281250
1986.2904              271.6512145996093750
1986.3726              271.3823852539062500
1986.4575              271.3575439453125000
1986.5397              271.3587341308593750
1986.6246              271.3555908203125000
1986.7096              271.3656616210937500
1986.7917              271.4163818359375000
1986.8767              271.4116210937500000
1986.9589              271.4974060058593750
1987.0438              271.6921691894531250
1987.1260              272.0462951660156250
1987.2054              272.0734252929687500
1987.2904              271.6308288574218750
1987.3726              271.4298400878906250
1987.4575              271.3647155761718750
1987.5397              271.3549194335937500
1987.6246              271.3568725585937500
1987.7096              271.3696594238281250
1987.7917              271.3818664550781250
1987.8767              271.4121093750000000
1987.9589              271.4826660156250000
1988.0437              271.6733093261718750
1988.1257              272.0894775390625000
1988.2076              272.0367431640625000
1988.2924              271.7280578613281250
1988.3743              271.4356994628906250
1988.4590              271.3867187500000000
1988.5410              271.3599243164062500
1988.6257              271.3856201171875000
1988.7103              271.3856811523437500
1988.7924              271.4089355468750000
1988.8771              271.4209899902343750
1988.9590              271.4801635742187500
1989.0438              271.6670837402343750
1989.1260              272.0437316894531250
1989.2054              272.0857238769531250
1989.2904              271.6687622070312500
1989.3726              271.4685363769531250
1989.4575              271.4170532226562500
1989.5397              271.3721923828125000
1989.6246              271.3550415039062500
1989.7096              271.3966064453125000
1989.7917              271.3894958496093750
1989.8767              271.4173889160156250
1989.9589              271.4830322265625000
1990.0438              271.6408996582031250
1990.1260              271.9901733398437500
1990.2054              272.0162963867187500
1990.2904              271.6604614257812500
1990.3726              271.4256896972656250
1990.4575              271.3997802734375000
1990.5397              271.3843078613281250
1990.6246              271.3738708496093750
1990.7096              271.4089660644531250
1990.7917              271.4116210937500000
1990.8767              271.4360961914062500
1990.9589              271.4971618652343750
1991.0438              271.6663818359375000
1991.1260              271.9850769042968750
1991.2054              272.0149536132812500
1991.2904              271.6809997558593750
1991.3726              271.4910278320312500
1991.4575              271.4573059082031250
1991.5397              271.4042968750000000
1991.6246              271.3666381835937500
1991.7096              271.3576660156250000
1991.7917              271.3671875000000000
1991.8767              271.4191284179687500
1991.9589              271.5408020019531250
1992.0437              271.7394409179687500
1992.1257              272.0953979492187500
1992.2076              272.1128540039062500
1992.2924              271.7076110839843750
1992.3743              271.5472717285156250
1992.4590              271.5465698242187500
1992.5410              271.4374389648437500
1992.6257              271.3713073730468750
1992.7103              271.4197998046875000
1992.7924              271.4217834472656250
1992.8771              271.4326171875000000
1992.9590              271.5090942382812500
1993.0438              271.6749267578125000
1993.1260              272.0489807128906250
1993.2054              272.0800170898437500
1993.2904              271.8052368164062500
1993.3726              271.4252929687500000
1993.4575              271.3641052246093750
1993.5397              271.3525695800781250
1993.6246              271.4189453125000000
1993.7096              271.4366760253906250
1993.7917              271.3950195312500000
1993.8767              271.4636230468750000
1993.9589              271.5563659667968750
1994.0438              271.7178955078125000
1994.1260              272.1095581054687500
1994.2054              272.2217712402343750
1994.2904              271.8476257324218750
1994.3726              271.4586486816406250
1994.4575              271.4431152343750000
1994.5397              271.4032287597656250
1994.6246              271.3856201171875000
1994.7096              271.3751220703125000
1994.7917              271.4514160156250000
1994.8767              271.4462280273437500
1994.9589              271.5480651855468750
1995.0438              271.6984252929687500
1995.1260              272.0304870605468750
1995.2054              272.0141601562500000
1995.2904              271.4889831542968750
1995.3726              271.4456176757812500
1995.4575              271.3883361816406250
1995.5397              271.3901062011718750
1995.6246              271.3602294921875000
1995.7096              271.3755798339843750
1995.7917              271.3736572265625000
1995.8767              271.4671325683593750
1995.9589              271.6452636718750000
1996.0437              271.8935241699218750
1996.1257              272.2552490234375000
1996.2076              272.2403564453125000
1996.2924              271.7095031738281250
1996.3743              271.4776000976562500
1996.4590              271.3836975097656250
1996.5410              271.3585205078125000
1996.6257              271.3693542480468750
1996.7103              271.3527221679687500
1996.7924              271.3828735351562500
1996.8771              271.4262390136718750
1996.9590              271.4960021972656250
1997.0438              271.6180114746093750
1997.1260              271.9794921875000000
1997.2054              272.0151977539062500
1997.2904              271.6308593750000000
1997.3726              271.4833984375000000
1997.4575              271.4501342773437500
1997.5397              271.3663940429687500
1997.6246              271.4114685058593750
1997.7096              271.3966369628906250
1997.7917              271.4643249511718750
1997.8767              271.4506225585937500
1997.9589              271.5322265625000000
1998.0438              271.8461608886718750
1998.1260              272.2521057128906250
1998.2054              272.2118835449218750
1998.2904              271.8745727539062500
1998.3726              271.5247802734375000
1998.4575              271.4449768066406250
1998.5397              271.3797607421875000
1998.6246              271.3909606933593750
1998.7096              271.3742675781250000
1998.7917              271.4778442382812500
1998.8767              271.4481201171875000
1998.9589              271.5216369628906250
1999.0438              271.7244262695312500
1999.1260              272.0520629882812500
1999.2054              272.0018615722656250
1999.2904              271.6282043457031250
1999.3726              271.4528503417968750
1999.4575              271.4105529785156250
1999.5397              271.3678588867187500
1999.6246              271.3773498535156250
1999.7096              271.3723144531250000
1999.7917              271.3617858886718750
1999.8767              271.4626770019531250
1999.9589              271.6638183593750000
