1860.0437              273.7934570312500000
1860.1284              274.3403930664062500
1860.2076              274.2187194824218750
1860.2924              273.6036071777343750
1860.3743              272.8228149414062500
1860.4590              272.0398864746093750
1860.5410              271.6182250976562500
1860.6257              272.1019287109375000
1860.7103              272.4937133789062500
1860.7924              272.7116088867187500
1860.8771              272.8266296386718750
1860.9590              273.3400878906250000
1861.0438              274.1875000000000000
1861.1288              274.6610107421875000
1861.2054              274.4413452148437500
1861.2904              273.7907104492187500
1861.3726              272.9379272460937500
1861.4575              272.0950317382812500
1861.5397              271.5281677246093750
1861.6246              271.8605346679687500
1861.7096              272.0401306152343750
1861.7917              272.2093811035156250
1861.8767              272.2742309570312500
1861.9589              272.6043701171875000
1862.0438              273.4957885742187500
1862.1288              274.0589294433593750
1862.2054              274.2011413574218750
1862.2904              273.6473388671875000
1862.3726              272.6097717285156250
1862.4575              271.9278869628906250
1862.5397              271.9449768066406250
1862.6246              272.1500549316406250
1862.7096              272.2406005859375000
1862.7917              272.3275756835937500
1862.8767              272.3522033691406250
1862.9589              272.5720520019531250
1863.0438              273.5027770996093750
1863.1288              274.0382995605468750
1863.2054              273.9930419921875000
1863.2904              273.1673278808593750
1863.3726              272.3041076660156250
1863.4575              272.1881713867187500
1863.5397              272.4468383789062500
1863.6246              272.4289245605468750
1863.7096              272.3768310546875000
1863.7917              272.3588867187500000
1863.8767              272.3647766113281250
1863.9589              272.4492187500000000
1864.0437              273.2258911132812500
1864.1284              273.9853515625000000
1864.2076              273.9884643554687500
1864.2924              273.6078796386718750
1864.3743              272.5705566406250000
1864.4590              271.7453613281250000
1864.5410              272.0348510742187500
1864.6257              272.2807006835937500
1864.7103              272.3083496093750000
1864.7924              272.3633422851562500
1864.8771              272.3956298828125000
1864.9590              272.6777343750000000
1865.0438              273.5622558593750000
1865.1288              274.1367797851562500
1865.2054              274.1568908691406250
1865.2904              273.5550842285156250
1865.3726              272.7574157714843750
1865.4575              272.0587768554687500
1865.5397              271.6579895019531250
1865.6246              272.1393432617187500
1865.7096              272.3215637207031250
1865.7917              272.3063049316406250
1865.8767              272.3349609375000000
1865.9589              272.8589782714843750
1866.0438              273.8622436523437500
1866.1288              274.4357910156250000
1866.2054              274.4079589843750000
1866.2904              273.7565307617187500
1866.3726              272.9967956542968750
1866.4575              272.3536682128906250
1866.5397              271.6759643554687500
1866.6246              271.6459960937500000
1866.7096              271.8568420410156250
1866.7917              272.0728149414062500
1866.8767              272.1865844726562500
1866.9589              272.4656372070312500
1867.0438              273.2092895507812500
1867.1288              273.9003906250000000
1867.2054              273.9588317871093750
1867.2904              273.4674682617187500
1867.3726              272.5035095214843750
1867.4575              271.7255554199218750
1867.5397              271.7126770019531250
1867.6246              271.9478149414062500
1867.7096              272.0332946777343750
1867.7917              272.1159362792968750
1867.8767              272.2194519042968750
1867.9589              272.6750488281250000
1868.0437              273.5646972656250000
1868.1284              274.1922607421875000
1868.2076              274.2644653320312500
1868.2924              273.8291320800781250
1868.3743              272.7708129882812500
1868.4590              271.8055419921875000
1868.5410              272.1545715332031250
1868.6257              272.4043579101562500
1868.7103              272.5011596679687500
1868.7924              272.5053710937500000
1868.8771              272.4867553710937500
1868.9590              272.8111572265625000
1869.0438              273.7759094238281250
1869.1288              274.4338073730468750
1869.2054              274.3825683593750000
1869.2904              273.9930419921875000
1869.3726              272.9168701171875000
1869.4575              271.6486206054687500
1869.5397              271.6335449218750000
1869.6246              271.9948730468750000
1869.7096              272.1810302734375000
1869.7917              272.3353271484375000
1869.8767              272.4080505371093750
1869.9589              272.6398620605468750
1870.0438              273.4681396484375000
1870.1288              274.0804748535156250
1870.2054              274.2557678222656250
1870.2904              273.6958312988281250
1870.3726              272.6961364746093750
1870.4575              271.9549255371093750
1870.5397              271.7879333496093750
1870.6246              272.1354064941406250
1870.7096              272.3530883789062500
1870.7917              272.3999938964843750
1870.8767              272.4422302246093750
1870.9589              272.8249816894531250
1871.0438              273.5639953613281250
1871.1288              274.1754760742187500
1871.2054              274.1280517578125000
1871.2904              273.6298522949218750
1871.3726              272.8401489257812500
1871.4575              271.9404602050781250
1871.5397              271.6857910156250000
1871.6246              272.1708679199218750
1871.7096              272.2353820800781250
1871.7917              272.2665710449218750
1871.8767              272.2921447753906250
1871.9589              272.5746459960937500
1872.0437              273.4937744140625000
1872.1284              274.1257629394531250
1872.2076              274.1095581054687500
1872.2924              273.5046691894531250
1872.3743              272.5505981445312500
1872.4590              272.0277099609375000
1872.5410              271.5699157714843750
1872.6257              271.8226623535156250
1872.7103              272.1995849609375000
1872.7924              272.2789306640625000
1872.8771              272.2745666503906250
1872.9590              272.6473999023437500
1873.0438              273.4822082519531250
1873.1288              274.1154785156250000
1873.2054              274.1815185546875000
1873.2904              273.7371826171875000
1873.3726              272.7567443847656250
1873.4575              271.9284057617187500
1873.5397              272.1809082031250000
1873.6246              272.3619384765625000
1873.7096              272.3921203613281250
1873.7917              272.3636474609375000
1873.8767              272.3764343261718750
1873.9589              272.5676879882812500
1874.0438              273.3759765625000000
1874.1288              273.9223937988281250
1874.2054              273.8643188476562500
1874.2904              273.3499755859375000
1874.3726              272.7307739257812500
1874.4575              271.9579162597656250
1874.5397              271.5165710449218750
1874.6246              271.8247375488281250
1874.7096              271.9874572753906250
1874.7917              272.0915832519531250
1874.8767              272.1305847167968750
1874.9589              272.3969116210937500
1875.0438              273.2222595214843750
1875.1288              273.8228454589843750
1875.2054              273.8298034667968750
1875.2904              273.2420654296875000
1875.3726              272.3099975585937500
1875.4575              271.6628417968750000
1875.5397              271.5592651367187500
1875.6246              271.8724975585937500
1875.7096              271.9913024902343750
1875.7917              272.0140380859375000
1875.8767              272.0234680175781250
1875.9589              272.1332092285156250
1876.0437              272.9417724609375000
1876.1284              273.6631469726562500
1876.2076              273.7969665527343750
1876.2924              273.4059448242187500
1876.3743              272.7324829101562500
1876.4590              271.6872253417968750
1876.5410              271.5678100585937500
1876.6257              271.8542785644531250
1876.7103              271.9917907714843750
1876.7924              272.0566711425781250
1876.8771              272.0539550781250000
1876.9590              272.2540893554687500
1877.0438              273.0510253906250000
1877.1288              273.5812072753906250
1877.2054              273.6483459472656250
1877.2904              273.0923461914062500
1877.3726              272.1175537109375000
1877.4575              271.5618286132812500
1877.5397              271.5138549804687500
1877.6246              271.8451843261718750
1877.7096              271.9826049804687500
1877.7917              272.0225219726562500
1877.8767              272.0776672363281250
1877.9589              272.4622497558593750
1878.0438              273.3913269042968750
1878.1288              274.0993347167968750
1878.2054              273.9809265136718750
1878.2904              273.5264587402343750
1878.3726              272.7701416015625000
1878.4575              271.7023925781250000
1878.5397              271.4246215820312500
1878.6246              271.7818603515625000
1878.7096              271.9297790527343750
1878.7917              271.9694213867187500
1878.8767              272.0279541015625000
1878.9589              272.4000244140625000
1879.0438              273.3477478027343750
1879.1288              274.0487976074218750
1879.2054              274.0872802734375000
1879.2904              273.3801269531250000
1879.3726              272.4761352539062500
1879.4575              271.7423095703125000
1879.5397              271.9158020019531250
1879.6246              272.2697753906250000
1879.7096              272.4162902832031250
1879.7917              272.4714355468750000
1879.8767              272.4910278320312500
1879.9589              272.7800598144531250
1880.0437              273.6842956542968750
1880.1284              274.2722473144531250
1880.2076              274.3108825683593750
1880.2924              273.7738647460937500
1880.3743              272.7005310058593750
1880.4590              271.8028564453125000
1880.5410              272.1449584960937500
1880.6257              272.2417907714843750
1880.7103              272.3140869140625000
1880.7924              272.3156433105468750
1880.8771              272.3255004882812500
1880.9590              272.6609191894531250
1881.0438              273.5182495117187500
1881.1288              274.0888366699218750
1881.2054              274.0776977539062500
1881.2904              273.3632507324218750
1881.3726              272.6040039062500000
1881.4575              271.7948913574218750
1881.5397              271.9202270507812500
1881.6246              272.0884704589843750
1881.7096              272.1870117187500000
1881.7917              272.2413024902343750
1881.8767              272.2539978027343750
1881.9589              272.4830932617187500
1882.0438              273.2581176757812500
1882.1288              273.8061523437500000
1882.2054              273.6765136718750000
1882.2904              273.0868835449218750
1882.3726              272.2051086425781250
1882.4575              271.6871337890625000
1882.5397              272.1379089355468750
1882.6246              272.2626647949218750
1882.7096              272.3047180175781250
1882.7917              272.3162841796875000
1882.8767              272.3303222656250000
1882.9589              272.6688537597656250
1883.0438              273.7000732421875000
1883.1288              274.3542785644531250
1883.2054              274.2567749023437500
1883.2904              273.5130615234375000
1883.3726              272.5061035156250000
1883.4575              271.5185546875000000
1883.5397              271.9904785156250000
1883.6246              272.3150634765625000
1883.7096              272.4303283691406250
1883.7917              272.4902648925781250
1883.8767              272.6000061035156250
1883.9589              273.2473449707031250
1884.0437              274.2254028320312500
1884.1284              274.7800598144531250
1884.2076              274.7267456054687500
1884.2924              274.2406005859375000
1884.3743              273.3930358886718750
1884.4590              272.4594421386718750
1884.5410              271.6057128906250000
1884.6257              271.8040161132812500
1884.7103              272.0841064453125000
1884.7924              272.2922668457031250
1884.8771              272.4057617187500000
1884.9590              272.9180908203125000
1885.0438              274.0038146972656250
1885.1288              274.6142578125000000
1885.2054              274.5089721679687500
1885.2904              273.8490600585937500
1885.3726              272.8604736328125000
1885.4575              271.9238586425781250
1885.5397              271.8748779296875000
1885.6246              272.3909301757812500
1885.7096              272.5569458007812500
1885.7917              272.5768737792968750
1885.8767              272.6004943847656250
1885.9589              272.9382019042968750
1886.0438              273.8815307617187500
1886.1288              274.4567260742187500
1886.2054              274.2642822265625000
1886.2904              273.6371459960937500
1886.3726              272.6165161132812500
1886.4575              271.9163818359375000
1886.5397              271.5382080078125000
1886.6246              271.9577636718750000
1886.7096              272.1797485351562500
1886.7917              272.3358459472656250
1886.8767              272.4240722656250000
1886.9589              272.6963195800781250
1887.0438              273.5443420410156250
1887.1288              273.9494934082031250
1887.2054              273.8781433105468750
1887.2904              273.3895568847656250
1887.3726              272.5106201171875000
1887.4575              271.8083190917968750
1887.5397              271.5491638183593750
1887.6246              272.1122741699218750
1887.7096              272.2667236328125000
1887.7917              272.2642517089843750
1887.8767              272.3014221191406250
1887.9589              272.6457214355468750
1888.0437              273.6804809570312500
1888.1284              274.2848510742187500
1888.2076              274.2233276367187500
1888.2924              273.7693786621093750
1888.3743              272.9742736816406250
1888.4590              272.1320800781250000
1888.5410              271.8525695800781250
1888.6257              272.4447937011718750
1888.7103              272.4659729003906250
1888.7924              272.5114440917968750
1888.8771              272.5446472167968750
1888.9590              272.7598571777343750
1889.0438              273.5635375976562500
1889.1288              274.1977539062500000
1889.2054              274.2441711425781250
1889.2904              273.6750488281250000
1889.3726              272.8674316406250000
1889.4575              271.9989624023437500
1889.5397              271.4090881347656250
1889.6246              271.7241210937500000
1889.7096              272.0308532714843750
1889.7917              272.0666809082031250
1889.8767              272.1454467773437500
1889.9589              272.7158203125000000
1890.0438              273.6683654785156250
1890.1288              274.3400573730468750
1890.2054              274.3178100585937500
1890.2904              273.8301391601562500
1890.3726              273.0772705078125000
1890.4575              272.1739196777343750
1890.5397              271.9040222167968750
1890.6246              272.4297790527343750
1890.7096              272.5500793457031250
1890.7917              272.5863037109375000
1890.8767              272.5748901367187500
1890.9589              272.8222961425781250
1891.0438              273.6686401367187500
1891.1288              274.3356933593750000
1891.2054              274.3491821289062500
1891.2904              273.6802673339843750
1891.3726              272.4393920898437500
1891.4575              272.0064086914062500
1891.5397              272.3838806152343750
1891.6246              272.4584350585937500
1891.7096              272.4816284179687500
1891.7917              272.5584106445312500
1891.8767              272.6015014648437500
1891.9589              273.0436096191406250
1892.0437              273.9655151367187500
1892.1284              274.4067993164062500
1892.2076              274.3742370605468750
1892.2924              273.9295349121093750
1892.3743              273.0182189941406250
1892.4590              271.9953002929687500
1892.5410              271.7835693359375000
1892.6257              272.1910705566406250
1892.7103              272.3493957519531250
1892.7924              272.4302368164062500
1892.8771              272.4590148925781250
1892.9590              272.9819641113281250
1893.0438              274.1401367187500000
1893.1288              274.6865844726562500
1893.2054              274.6084594726562500
1893.2904              274.1234436035156250
1893.3726              273.2478332519531250
1893.4575              272.4148559570312500
1893.5397              271.6350097656250000
1893.6246              272.0621337890625000
1893.7096              272.4051208496093750
1893.7917              272.4688720703125000
1893.8767              272.5205688476562500
1893.9589              273.0271911621093750
1894.0438              274.0449523925781250
1894.1288              274.4435424804687500
1894.2054              274.3658447265625000
1894.2904              273.7968139648437500
1894.3726              272.7626342773437500
1894.4575              271.8287658691406250
1894.5397              271.5493774414062500
1894.6246              272.0672607421875000
1894.7096              272.3011474609375000
1894.7917              272.4104003906250000
1894.8767              272.4897460937500000
1894.9589              272.9466552734375000
1895.0438              273.8074340820312500
1895.1288              274.3682250976562500
1895.2054              274.2319030761718750
1895.2904              273.6291198730468750
1895.3726              272.6175842285156250
1895.4575              271.8786621093750000
1895.5397              271.6020507812500000
1895.6246              271.9091796875000000
1895.7096              272.0823669433593750
1895.7917              272.2539062500000000
1895.8767              272.3783874511718750
1895.9589              272.6941528320312500
1896.0437              273.6412048339843750
1896.1284              274.2651062011718750
1896.2076              274.1367492675781250
1896.2924              273.4653930664062500
1896.3743              272.6237792968750000
1896.4590              271.7745666503906250
1896.5410              271.4300537109375000
1896.6257              271.7994689941406250
1896.7103              271.8970642089843750
1896.7924              272.0095825195312500
1896.8771              272.2073364257812500
1896.9590              272.8492431640625000
1897.0438              273.8981933593750000
1897.1288              274.6494750976562500
1897.2054              274.6127624511718750
1897.2904              273.9024963378906250
1897.3726              272.9011840820312500
1897.4575              272.0654907226562500
1897.5397              271.5188903808593750
1897.6246              271.9068298339843750
1897.7096              271.9312438964843750
1897.7917              271.9003906250000000
1897.8767              271.9940490722656250
1897.9589              272.4161071777343750
1898.0438              273.4133300781250000
1898.1288              274.1773071289062500
1898.2054              274.2079772949218750
1898.2904              273.8110656738281250
1898.3726              273.0727233886718750
1898.4575              272.1182250976562500
1898.5397              271.5935058593750000
1898.6246              272.0049438476562500
1898.7096              272.0566101074218750
1898.7917              272.0448303222656250
1898.8767              272.0881347656250000
1898.9589              272.2895507812500000
1899.0438              272.9955444335937500
1899.1288              273.6510620117187500
1899.2054              273.7129211425781250
1899.2904              273.3090209960937500
1899.3726              272.4085998535156250
1899.4575              271.5293579101562500
1899.5397              271.7411499023437500
1899.6246              271.9680175781250000
1899.7096              272.0219726562500000
1899.7917              272.0689392089843750
1899.8767              272.1190185546875000
1899.9589              272.4105834960937500
1900.0438              273.3872375488281250
1900.1288              274.0859069824218750
1900.2054              274.1108093261718750
1900.2904              273.7003784179687500
1900.3726              272.8729248046875000
1900.4575              271.8741149902343750
1900.5397              271.5543212890625000
1900.6246              271.9151306152343750
1900.7096              271.9742126464843750
1900.7917              272.0788269042968750
1900.8767              272.1765441894531250
1900.9589              272.3999633789062500
1901.0438              273.2819824218750000
1901.1288              273.9400329589843750
1901.2054              273.9844055175781250
1901.2904              273.5326843261718750
1901.3726              272.8474731445312500
1901.4575              271.9040527343750000
1901.5397              271.4308166503906250
1901.6246              271.8138427734375000
1901.7096              271.9587707519531250
1901.7917              272.0314331054687500
1901.8767              272.0977478027343750
1901.9589              272.3712768554687500
1902.0438              273.1967773437500000
1902.1288              273.7781677246093750
1902.2054              273.8586730957031250
1902.2904              273.5424499511718750
1902.3726              272.6200866699218750
1902.4575              271.7886047363281250
1902.5397              271.9824218750000000
1902.6246              272.0970458984375000
1902.7096              272.0981140136718750
1902.7917              272.1117553710937500
1902.8767              272.1849975585937500
1902.9589              272.4767761230468750
1903.0438              273.3237609863281250
1903.1288              273.9226684570312500
1903.2054              273.9656066894531250
1903.2904              273.4269104003906250
1903.3726              272.7882385253906250
1903.4575              272.0505371093750000
1903.5397              271.7182006835937500
1903.6246              271.7955932617187500
1903.7096              271.8667907714843750
1903.7917              271.9790954589843750
1903.8767              272.1055297851562500
1903.9589              272.6920166015625000
1904.0437              273.7255249023437500
1904.1284              274.1763916015625000
1904.2076              274.1793212890625000
1904.2924              273.6081237792968750
1904.3743              272.8029479980468750
1904.4590              271.9262695312500000
1904.5410              271.6248474121093750
1904.6257              272.0472717285156250
1904.7103              272.0715332031250000
1904.7924              272.0712280273437500
1904.8771              272.0822448730468750
1904.9590              272.3549804687500000
1905.0438              273.0558471679687500
1905.1288              273.7377319335937500
1905.2054              273.7879333496093750
1905.2904              273.4063110351562500
1905.3726              272.7336120605468750
1905.4575              271.9794311523437500
1905.5397              271.9162597656250000
1905.6246              272.2210388183593750
1905.7096              272.2257995605468750
1905.7917              272.2506103515625000
1905.8767              272.2565612792968750
1905.9589              272.4208984375000000
1906.0438              273.2409973144531250
1906.1288              273.7082824707031250
1906.2054              273.8169555664062500
1906.2904              273.3180847167968750
1906.3726              272.4148864746093750
1906.4575              271.6156921386718750
1906.5397              271.7913513183593750
1906.6246              271.9878234863281250
1906.7096              272.1098022460937500
1906.7917              272.1702270507812500
1906.8767              272.1931457519531250
1906.9589              272.4636230468750000
1907.0438              273.3048706054687500
1907.1288              273.9223327636718750
1907.2054              273.8860168457031250
1907.2904              273.3833618164062500
1907.3726              272.2411499023437500
1907.4575              271.5207824707031250
1907.5397              271.9260253906250000
1907.6246              272.1060180664062500
1907.7096              272.1165161132812500
1907.7917              272.0183105468750000
1907.8767              271.9915771484375000
1907.9589              272.2328186035156250
1908.0437              273.0675659179687500
1908.1284              273.8253784179687500
1908.2076              273.8793945312500000
1908.2924              273.3549804687500000
1908.3743              272.4447326660156250
1908.4590              271.6141967773437500
1908.5410              271.5592651367187500
1908.6257              271.8901062011718750
1908.7103              271.9880065917968750
1908.7924              272.0587158203125000
1908.8771              272.1134338378906250
1908.9590              272.3021240234375000
1909.0438              273.0506896972656250
1909.1288              273.5651855468750000
1909.2054              273.5541381835937500
1909.2904              273.1399230957031250
1909.3726              272.2926330566406250
1909.4575              271.5609130859375000
1909.5397              271.8940734863281250
1909.6246              272.0213928222656250
1909.7096              272.0961303710937500
1909.7917              272.1664123535156250
1909.8767              272.2690429687500000
1909.9589              272.5463867187500000
1910.0438              273.3695068359375000
1910.1288              273.9156494140625000
1910.2054              273.8950500488281250
1910.2904              273.3019104003906250
1910.3726              272.3363952636718750
1910.4575              271.5744323730468750
1910.5397              271.8224487304687500
1910.6246              272.0665283203125000
1910.7096              272.2240295410156250
1910.7917              272.3208007812500000
1910.8767              272.3586730957031250
1910.9589              272.7741394042968750
1911.0438              273.6217041015625000
1911.1288              274.1092529296875000
1911.2054              274.0902099609375000
1911.2904              273.4742126464843750
1911.3726              272.4707031250000000
1911.4575              271.6413269042968750
1911.5397              271.6738891601562500
1911.6246              272.2239379882812500
1911.7096              272.3618469238281250
1911.7917              272.3633422851562500
1911.8767              272.3255004882812500
1911.9589              272.5877380371093750
1912.0437              273.4910583496093750
1912.1284              274.0349426269531250
1912.2076              273.8125915527343750
1912.2924              273.2023315429687500
1912.3743              272.1212158203125000
1912.4590              271.5156250000000000
1912.5410              271.8694458007812500
1912.6257              272.1157836914062500
1912.7103              272.2989807128906250
1912.7924              272.3803100585937500
1912.8771              272.4033203125000000
1912.9590              272.7680358886718750
1913.0438              273.6408691406250000
1913.1288              274.2283325195312500
1913.2054              274.0686340332031250
1913.2904              273.5019226074218750
1913.3726              272.7041320800781250
1913.4575              271.8825683593750000
1913.5397              271.4129028320312500
1913.6246              271.9652099609375000
1913.7096              272.1036682128906250
1913.7917              272.2314147949218750
1913.8767              272.3180847167968750
1913.9589              272.7539978027343750
1914.0438              273.4623413085937500
1914.1288              273.9735107421875000
1914.2054              274.0049743652343750
1914.2904              273.4626464843750000
1914.3726              272.7215576171875000
1914.4575              272.0225830078125000
1914.5397              271.5249633789062500
1914.6246              271.8725585937500000
1914.7096              272.0107727050781250
1914.7917              272.1047363281250000
1914.8767              272.1849060058593750
1914.9589              272.4562988281250000
1915.0438              273.3345642089843750
1915.1288              273.9985961914062500
1915.2054              274.0350952148437500
1915.2904              273.4715881347656250
1915.3726              272.2671203613281250
1915.4575              271.5488281250000000
1915.5397              271.6461791992187500
1915.6246              271.8297119140625000
1915.7096              271.9823303222656250
1915.7917              272.2136840820312500
1915.8767              272.3461303710937500
1915.9589              272.8067626953125000
1916.0437              273.7488098144531250
1916.1284              274.2528381347656250
1916.2076              274.2265014648437500
1916.2924              273.7266235351562500
1916.3743              272.7156066894531250
1916.4590              271.8166809082031250
1916.5410              271.9080200195312500
1916.6257              272.2353210449218750
1916.7103              272.4009094238281250
1916.7924              272.5166931152343750
1916.8771              272.6488037109375000
1916.9590              273.2785339355468750
1917.0438              274.3182678222656250
1917.1288              274.9764404296875000
1917.2054              274.8941040039062500
1917.2904              274.2121276855468750
1917.3726              273.3836364746093750
1917.4575              272.3941040039062500
1917.5397              271.6458129882812500
1917.6246              271.7496337890625000
1917.7096              272.1158447265625000
1917.7917              272.4034729003906250
1917.8767              272.5513610839843750
1917.9589              273.0350952148437500
1918.0438              273.9768676757812500
1918.1288              274.5227355957031250
1918.2054              274.5079956054687500
1918.2904              273.9611511230468750
1918.3726              273.2662963867187500
1918.4575              272.4286193847656250
1918.5397              271.8100585937500000
1918.6246              271.7737426757812500
1918.7096              272.3690490722656250
1918.7917              272.5864868164062500
1918.8767              272.7049255371093750
1918.9589              273.1710815429687500
1919.0438              274.0891113281250000
1919.1288              274.6559448242187500
1919.2054              274.6495666503906250
1919.2904              274.2025756835937500
1919.3726              273.3344726562500000
1919.4575              272.2047424316406250
1919.5397              271.6663208007812500
1919.6246              272.0528564453125000
1919.7096              272.3401794433593750
1919.7917              272.3905029296875000
1919.8767              272.4172058105468750
1919.9589              272.7585754394531250
1920.0437              273.6901245117187500
1920.1284              274.2007141113281250
1920.2076              274.1220703125000000
1920.2924              273.5535583496093750
1920.3743              272.5924072265625000
1920.4590              272.0814819335937500
1920.5410              271.6895751953125000
1920.6257              272.1400146484375000
1920.7103              272.4743652343750000
1920.7924              272.6307373046875000
1920.8771              272.6352539062500000
1920.9590              272.8721923828125000
1921.0438              273.6480712890625000
1921.1288              274.1014404296875000
1921.2054              274.1215209960937500
1921.2904              273.7483520507812500
1921.3726              272.6803588867187500
1921.4575              271.9056091308593750
1921.5397              272.0130004882812500
1921.6246              272.4390563964843750
1921.7096              272.5663146972656250
1921.7917              272.5130920410156250
1921.8767              272.4822082519531250
1921.9589              272.8004455566406250
1922.0438              273.5852661132812500
1922.1288              274.1836547851562500
1922.2054              274.1416015625000000
1922.2904              273.5197753906250000
1922.3726              272.4588623046875000
1922.4575              271.8876037597656250
1922.5397              271.6199340820312500
1922.6246              272.3591613769531250
1922.7096              272.5890197753906250
1922.7917              272.5959167480468750
1922.8767              272.5932006835937500
1922.9589              272.9892578125000000
1923.0438              273.9676513671875000
1923.1288              274.5767822265625000
1923.2054              274.5877075195312500
1923.2904              274.0093383789062500
1923.3726              272.9514465332031250
1923.4575              272.0496520996093750
1923.5397              271.5543212890625000
1923.6246              271.8309020996093750
1923.7096              272.1159973144531250
1923.7917              272.1564331054687500
1923.8767              272.2151794433593750
1923.9589              272.4218139648437500
1924.0437              273.2637634277343750
1924.1284              273.9490661621093750
1924.2076              273.9812622070312500
1924.2924              273.5981140136718750
1924.3743              272.8450317382812500
1924.4590              271.7911071777343750
1924.5410              271.8540649414062500
1924.6257              272.2450561523437500
1924.7103              272.2445068359375000
1924.7924              272.1958923339843750
1924.8771              272.2380065917968750
1924.9590              272.7070007324218750
1925.0438              273.5710754394531250
1925.1288              274.0799255371093750
1925.2054              274.0742187500000000
1925.2904              273.5573730468750000
1925.3726              272.6892700195312500
1925.4575              271.8840332031250000
1925.5397              272.1577148437500000
1925.6246              272.3800964355468750
1925.7096              272.3884277343750000
1925.7917              272.3356018066406250
1925.8767              272.3026123046875000
1925.9589              272.5684814453125000
1926.0438              273.4028015136718750
1926.1288              274.0751342773437500
1926.2054              274.0100402832031250
1926.2904              273.4491882324218750
1926.3726              272.4358520507812500
1926.4575              271.6433715820312500
1926.5397              272.0839843750000000
1926.6246              272.3036499023437500
1926.7096              272.4284973144531250
1926.7917              272.5157165527343750
1926.8767              272.5572509765625000
1926.9589              272.9183654785156250
1927.0438              273.8988647460937500
1927.1288              274.4886474609375000
1927.2054              274.4660949707031250
1927.2904              273.9446411132812500
1927.3726              273.0946960449218750
1927.4575              272.0846862792968750
1927.5397              271.5216674804687500
1927.6246              272.1962890625000000
1927.7096              272.5054626464843750
1927.7917              272.5366516113281250
1927.8767              272.5302429199218750
1927.9589              272.8774719238281250
1928.0437              273.6845092773437500
1928.1284              274.0851745605468750
1928.2076              274.1141357421875000
1928.2924              273.6979675292968750
1928.3743              272.8793029785156250
1928.4590              272.0017700195312500
1928.5410              271.5306701660156250
1928.6257              272.0748901367187500
1928.7103              272.2638854980468750
1928.7924              272.3600158691406250
1928.8771              272.4131774902343750
1928.9590              272.6727905273437500
1929.0438              273.5039367675781250
1929.1288              274.1695556640625000
1929.2054              274.1862487792968750
1929.2904              273.7121887207031250
1929.3726              272.6695251464843750
1929.4575              271.7216796875000000
1929.5397              271.9253234863281250
1929.6246              272.2517700195312500
1929.7096              272.2192687988281250
1929.7917              272.1406860351562500
1929.8767              272.2971496582031250
1929.9589              272.9203186035156250
1930.0438              273.8904724121093750
1930.1288              274.4460754394531250
1930.2054              274.3810119628906250
1930.2904              273.9303588867187500
1930.3726              273.1087646484375000
1930.4575              272.1144409179687500
1930.5397              271.9874572753906250
1930.6246              272.3163146972656250
1930.7096              272.3182067871093750
1930.7917              272.4338684082031250
1930.8767              272.6212768554687500
1930.9589              273.2108459472656250
1931.0438              274.0570068359375000
1931.1288              274.5268859863281250
1931.2054              274.4923095703125000
1931.2904              273.8243408203125000
1931.3726              272.7655944824218750
1931.4575              271.9991455078125000
1931.5397              271.5726623535156250
1931.6246              271.8656616210937500
1931.7096              272.0029602050781250
1931.7917              272.1123352050781250
1931.8767              272.1936645507812500
1931.9589              272.7280273437500000
1932.0437              273.7315368652343750
1932.1284              274.2487792968750000
1932.2076              274.2751464843750000
1932.2924              273.7767639160156250
1932.3743              272.8915100097656250
1932.4590              271.9153747558593750
1932.5410              271.4690856933593750
1932.6257              271.9700012207031250
1932.7103              272.1274108886718750
1932.7924              272.2000122070312500
1932.8771              272.2448425292968750
1932.9590              272.5667419433593750
1933.0438              273.6200561523437500
1933.1288              274.2484436035156250
1933.2054              274.3040466308593750
1933.2904              273.7779541015625000
1933.3726              273.0234680175781250
1933.4575              272.1231689453125000
1933.5397              271.4427490234375000
1933.6246              271.8089904785156250
1933.7096              272.0600585937500000
1933.7917              272.1375427246093750
1933.8767              272.1382446289062500
1933.9589              272.3958435058593750
1934.0438              273.2384643554687500
1934.1288              273.9077148437500000
1934.2054              273.9705505371093750
1934.2904              273.3223266601562500
1934.3726              272.4266662597656250
1934.4575              271.6566467285156250
1934.5397              271.8319091796875000
1934.6246              271.9612731933593750
1934.7096              272.0145874023437500
1934.7917              272.0872802734375000
1934.8767              272.1599731445312500
1934.9589              272.5492553710937500
1935.0438              273.3948059082031250
1935.1288              273.9909973144531250
1935.2054              274.0216064453125000
1935.2904              273.4258117675781250
1935.3726              272.5567626953125000
1935.4575              271.6088256835937500
1935.5397              271.4466247558593750
1935.6246              271.7757568359375000
1935.7096              271.9164428710937500
1935.7917              271.9607238769531250
1935.8767              272.0655212402343750
1935.9589              272.5917358398437500
1936.0437              273.3985595703125000
1936.1284              273.9812316894531250
1936.2076              274.0249328613281250
1936.2924              273.5922851562500000
1936.3743              272.7616577148437500
1936.4590              271.7672424316406250
1936.5410              272.0210571289062500
1936.6257              272.3300170898437500
1936.7103              272.3890380859375000
1936.7924              272.3060607910156250
1936.8771              272.3203430175781250
1936.9590              272.5039978027343750
1937.0438              273.3123168945312500
1937.1288              273.8249816894531250
1937.2054              273.9254150390625000
1937.2904              273.5567321777343750
1937.3726              272.7987976074218750
1937.4575              272.0783081054687500
1937.5397              271.5848693847656250
1937.6246              271.8311462402343750
1937.7096              272.0111694335937500
1937.7917              271.9988708496093750
1937.8767              272.0021057128906250
1937.9589              272.2503356933593750
1938.0438              273.2075500488281250
1938.1288              273.8791198730468750
1938.2054              273.7669372558593750
1938.2904              273.2659301757812500
1938.3726              272.5295715332031250
1938.4575              271.9202270507812500
1938.5397              271.4061279296875000
1938.6246              271.8360595703125000
1938.7096              272.0772399902343750
1938.7917              272.1975708007812500
1938.8767              272.2736511230468750
1938.9589              272.5290832519531250
1939.0438              273.3380126953125000
1939.1288              273.8800354003906250
1939.2054              273.9045410156250000
1939.2904              273.4043884277343750
1939.3726              272.4055480957031250
1939.4575              271.5877990722656250
1939.5397              271.7383422851562500
1939.6246              272.1338195800781250
1939.7096              272.2494812011718750
1939.7917              272.2652587890625000
1939.8767              272.3861999511718750
1939.9589              273.0037841796875000
1940.0437              273.9151916503906250
1940.1284              274.3110046386718750
1940.2076              274.2992248535156250
1940.2924              273.8375854492187500
1940.3743              272.8937988281250000
1940.4590              272.2237854003906250
1940.5410              271.6540527343750000
1940.6257              271.7375183105468750
1940.7103              272.1184692382812500
1940.7924              272.2474670410156250
1940.8771              272.2678222656250000
1940.9590              272.5015869140625000
1941.0438              273.2515563964843750
1941.1288              273.8498535156250000
1941.2054              274.0010070800781250
1941.2904              273.5671691894531250
1941.3726              272.7006225585937500
1941.4575              271.7766418457031250
1941.5397              271.7124023437500000
1941.6246              271.9806213378906250
1941.7096              272.0656127929687500
1941.7917              272.0821533203125000
1941.8767              272.1298217773437500
1941.9589              272.5633850097656250
1942.0438              273.4777832031250000
1942.1288              273.9966430664062500
1942.2054              273.9973754882812500
1942.2904              273.4583435058593750
1942.3726              272.5819091796875000
1942.4575              271.8236083984375000
1942.5397              271.6339111328125000
1942.6246              271.8348999023437500
1942.7096              271.8959655761718750
1942.7917              272.0041198730468750
1942.8767              272.0822753906250000
1942.9589              272.2661437988281250
1943.0438              272.9934692382812500
1943.1288              273.5600280761718750
1943.2054              273.5641479492187500
1943.2904              273.1413574218750000
1943.3726              272.2389831542968750
1943.4575              271.6274414062500000
1943.5397              271.7734375000000000
1943.6246              271.7861328125000000
1943.7096              271.7738037109375000
1943.7917              271.8169555664062500
1943.8767              271.8928527832031250
1943.9589              272.1740722656250000
1944.0437              272.9964294433593750
1944.1284              273.7022705078125000
1944.2076              273.8933715820312500
1944.2924              273.3525695800781250
1944.3743              272.5237731933593750
1944.4590              271.7854309082031250
1944.5410              271.5694580078125000
1944.6257              271.7505493164062500
1944.7103              271.8058471679687500
1944.7924              271.8674621582031250
1944.8771              271.9250488281250000
1944.9590              272.2188110351562500
1945.0438              273.0357971191406250
1945.1288              273.5870361328125000
1945.2054              273.7690429687500000
1945.2904              273.3646545410156250
1945.3726              272.2976379394531250
1945.4575              271.5472106933593750
1945.5397              271.9211120605468750
1945.6246              271.9671630859375000
1945.7096              271.9987487792968750
1945.7917              272.0463562011718750
1945.8767              272.0713806152343750
1945.9589              272.3633728027343750
1946.0438              273.3020019531250000
1946.1288              273.9482421875000000
1946.2054              273.9771118164062500
1946.2904              273.5245361328125000
1946.3726              272.7209472656250000
1946.4575              271.9627075195312500
1946.5397              271.6212158203125000
1946.6246              272.2016601562500000
1946.7096              272.2792358398437500
1946.7917              272.2626953125000000
1946.8767              272.2575988769531250
1946.9589              272.6008300781250000
1947.0438              273.5234375000000000
1947.1288              274.0469665527343750
1947.2054              273.9884948730468750
1947.2904              273.6097412109375000
1947.3726              272.8208007812500000
1947.4575              271.8627624511718750
1947.5397              271.6541137695312500
1947.6246              272.0192565917968750
1947.7096              272.0515136718750000
1947.7917              272.1028747558593750
1947.8767              272.1391296386718750
1947.9589              272.4148254394531250
1948.0437              273.2632446289062500
1948.1284              273.7595520019531250
1948.2076              273.6644897460937500
1948.2924              273.2176818847656250
1948.3743              272.4333801269531250
1948.4590              271.6213378906250000
1948.5410              271.6947021484375000
1948.6257              271.9156188964843750
1948.7103              272.0294494628906250
1948.7924              272.1175842285156250
1948.8771              272.1683044433593750
1948.9590              272.4990234375000000
1949.0438              273.4274291992187500
1949.1288              274.0454101562500000
1949.2054              273.9167785644531250
1949.2904              273.4005126953125000
1949.3726              272.5941162109375000
1949.4575              271.9313049316406250
1949.5397              271.7770690917968750
1949.6246              272.0138549804687500
1949.7096              272.0558166503906250
1949.7917              272.1142578125000000
1949.8767              272.1255187988281250
1949.9589              272.2708435058593750
1950.0438              272.9812011718750000
1950.1288              273.6833801269531250
1950.2054              273.7575988769531250
1950.2904              273.2618408203125000
1950.3726              272.4010925292968750
1950.4575              271.5749816894531250
1950.5397              271.5621948242187500
1950.6246              271.8522644042968750
1950.7096              271.9784851074218750
1950.7917              272.0344238281250000
1950.8767              272.0961914062500000
1950.9589              272.4429931640625000
1951.0438              273.2410583496093750
1951.1288              273.7776184082031250
1951.2054              273.8535156250000000
1951.2904              273.5213317871093750
1951.3726              272.7303771972656250
1951.4575              271.8801269531250000
1951.5397              271.7132873535156250
1951.6246              271.9997863769531250
1951.7096              271.9670410156250000
1951.7917              271.9679565429687500
1951.8767              272.0501098632812500
1951.9589              272.4941711425781250
1952.0437              273.3641357421875000
1952.1284              273.8807373046875000
1952.2076              274.0067138671875000
1952.2924              273.6018066406250000
1952.3743              272.9733276367187500
1952.4590              272.2087402343750000
1952.5410              271.5385742187500000
1952.6257              271.7744445800781250
1952.7103              271.9712829589843750
1952.7924              272.1005249023437500
1952.8771              272.1305236816406250
1952.9590              272.4573974609375000
1953.0438              273.3203430175781250
1953.1288              274.0297546386718750
1953.2054              274.0765991210937500
1953.2904              273.6614074707031250
1953.3726              273.0044250488281250
1953.4575              272.3226623535156250
1953.5397              271.6160278320312500
1953.6246              271.7911376953125000
1953.7096              272.2148742675781250
1953.7917              272.2626037597656250
1953.8767              272.2388610839843750
1953.9589              272.4848937988281250
1954.0438              273.3248291015625000
1954.1288              273.9445190429687500
1954.2054              273.8991394042968750
1954.2904              273.3948669433593750
1954.3726              272.6198730468750000
1954.4575              271.9920959472656250
1954.5397              271.5977783203125000
1954.6246              272.0841369628906250
1954.7096              272.1772155761718750
1954.7917              272.2084655761718750
1954.8767              272.1658935546875000
1954.9589              272.4852294921875000
1955.0438              273.2724914550781250
1955.1288              273.8326721191406250
1955.2054              273.9329528808593750
1955.2904              273.6280212402343750
1955.3726              272.9893798828125000
1955.4575              271.9114379882812500
1955.5397              271.7169189453125000
1955.6246              272.0611267089843750
1955.7096              272.2076110839843750
1955.7917              272.2951660156250000
1955.8767              272.3370971679687500
1955.9589              272.7145996093750000
1956.0437              273.6228942871093750
1956.1284              274.2446899414062500
1956.2076              274.1556701660156250
1956.2924              273.6741333007812500
1956.3743              272.7857971191406250
1956.4590              271.9415588378906250
1956.5410              271.7432250976562500
1956.6257              272.3889465332031250
1956.7103              272.4598388671875000
1956.7924              272.4122009277343750
1956.8771              272.4537353515625000
1956.9590              272.9126892089843750
1957.0438              273.7626037597656250
1957.1288              274.2591247558593750
1957.2054              274.2053833007812500
1957.2904              273.6003417968750000
1957.3726              272.9145507812500000
1957.4575              272.1772460937500000
1957.5397              271.5387268066406250
1957.6246              272.0346069335937500
1957.7096              272.3249206542968750
1957.7917              272.4002685546875000
1957.8767              272.4116516113281250
1957.9589              272.7531127929687500
1958.0438              273.6276245117187500
1958.1288              274.3206176757812500
1958.2054              274.3450012207031250
1958.2904              273.9439086914062500
1958.3726              273.1949768066406250
1958.4575              272.3523864746093750
1958.5397              271.5849609375000000
1958.6246              271.6627502441406250
1958.7096              272.1072692871093750
1958.7917              272.2025146484375000
1958.8767              272.2643432617187500
1958.9589              272.6154174804687500
1959.0438              273.6806640625000000
1959.1288              274.1722106933593750
1959.2054              274.1668090820312500
1959.2904              273.6840515136718750
1959.3726              272.8034057617187500
1959.4575              271.9356079101562500
1959.5397              271.6184082031250000
1959.6246              271.9561767578125000
1959.7096              272.1054687500000000
1959.7917              272.1757507324218750
1959.8767              272.2372741699218750
1959.9589              272.5886535644531250
1960.0437              273.5536193847656250
1960.1284              274.2588500976562500
1960.2076              274.1958618164062500
1960.2924              273.5390625000000000
1960.3743              272.6809387207031250
1960.4590              271.6428527832031250
1960.5410              271.6506042480468750
1960.6257              272.0589904785156250
1960.7103              272.1624450683593750
1960.7924              272.2031860351562500
1960.8771              272.2376098632812500
1960.9590              272.5878295898437500
1961.0438              273.4235839843750000
1961.1288              273.9856567382812500
1961.2054              274.0056762695312500
1961.2904              273.5672607421875000
1961.3726              272.8211669921875000
1961.4575              272.0379028320312500
1961.5397              271.5959777832031250
1961.6246              271.9863891601562500
1961.7096              272.2534790039062500
1961.7917              272.3393859863281250
1961.8767              272.3464050292968750
1961.9589              272.6209716796875000
1962.0438              273.5885620117187500
1962.1288              274.2416381835937500
1962.2054              274.0946960449218750
1962.2904              273.6433410644531250
1962.3726              272.7707824707031250
1962.4575              271.7735595703125000
1962.5397              271.5830383300781250
1962.6246              271.9349060058593750
1962.7096              272.0150756835937500
1962.7917              272.0922241210937500
1962.8767              272.2181091308593750
1962.9589              272.6807861328125000
1963.0438              273.6481628417968750
1963.1288              274.1586914062500000
1963.2054              274.0708923339843750
1963.2904              273.5819702148437500
1963.3726              272.6253356933593750
1963.4575              271.8714599609375000
1963.5397              271.8621215820312500
1963.6246              272.1009826660156250
1963.7096              272.1744079589843750
1963.7917              272.2729492187500000
1963.8767              272.3894653320312500
1963.9589              272.9087524414062500
1964.0437              273.7809753417968750
1964.1284              274.3822326660156250
1964.2076              274.3147888183593750
1964.2924              273.6466369628906250
1964.3743              272.8678588867187500
1964.4590              272.2232666015625000
1964.5410              271.7075195312500000
1964.6257              271.7219848632812500
1964.7103              272.2306823730468750
1964.7924              272.3199462890625000
1964.8771              272.3633728027343750
1964.9590              272.6659240722656250
1965.0438              273.4935302734375000
1965.1288              274.0220336914062500
1965.2054              274.0320739746093750
1965.2904              273.5498962402343750
1965.3726              272.6275329589843750
1965.4575              271.8616027832031250
1965.5397              271.5529174804687500
1965.6246              271.9030456542968750
1965.7096              272.0512695312500000
1965.7917              272.1151428222656250
1965.8767              272.2254028320312500
1965.9589              272.6538696289062500
1966.0438              273.5030212402343750
1966.1288              274.0681457519531250
1966.2054              274.1153259277343750
1966.2904              273.7138977050781250
1966.3726              272.9605407714843750
1966.4575              272.1484375000000000
1966.5397              271.5788269042968750
1966.6246              271.9201965332031250
1966.7096              272.0987548828125000
1966.7917              272.2333374023437500
1966.8767              272.2879028320312500
1966.9589              272.5041503906250000
1967.0438              273.4216003417968750
1967.1288              273.8839416503906250
1967.2054              273.8528137207031250
1967.2904              273.4871520996093750
1967.3726              272.9496154785156250
1967.4575              272.2841186523437500
1967.5397              271.6929626464843750
1967.6246              271.6803894042968750
1967.7096              272.0643005371093750
1967.7917              272.1922912597656250
1967.8767              272.2675781250000000
1967.9589              272.6689453125000000
1968.0437              273.3999328613281250
1968.1284              273.8933410644531250
1968.2076              273.9644775390625000
1968.2924              273.5638427734375000
1968.3743              272.8225097656250000
1968.4590              272.1770629882812500
1968.5410              271.5810546875000000
1968.6257              271.8895263671875000
1968.7103              272.3447570800781250
1968.7924              272.3514404296875000
1968.8771              272.2428588867187500
1968.9590              272.4607238769531250
1969.0438              273.3355102539062500
1969.1288              273.8428344726562500
1969.2054              273.9415893554687500
1969.2904              273.4711303710937500
1969.3726              272.5885620117187500
1969.4575              271.8333740234375000
1969.5397              271.8745422363281250
1969.6246              272.3181457519531250
1969.7096              272.4162902832031250
1969.7917              272.4458007812500000
1969.8767              272.4692993164062500
1969.9589              272.7879333496093750
1970.0438              273.5975036621093750
1970.1288              274.1175842285156250
1970.2054              274.1641235351562500
1970.2904              273.6799926757812500
1970.3726              272.6756286621093750
1970.4575              271.7162475585937500
1970.5397              271.8592529296875000
1970.6246              272.3022155761718750
1970.7096              272.3808593750000000
1970.7917              272.3992309570312500
1970.8767              272.3912353515625000
1970.9589              272.7775573730468750
1971.0438              273.7342529296875000
1971.1288              274.2413635253906250
1971.2054              274.2679138183593750
1971.2904              273.8446044921875000
1971.3726              273.0516052246093750
1971.4575              272.3694152832031250
1971.5397              271.8045043945312500
1971.6246              271.5833435058593750
1971.7096              271.7050476074218750
1971.7917              271.9397888183593750
1971.8767              272.1415405273437500
1971.9589              272.5580139160156250
1972.0437              273.3935546875000000
1972.1284              273.9274291992187500
1972.2076              273.9898071289062500
1972.2924              273.3756408691406250
1972.3743              272.6863098144531250
1972.4590              271.9835815429687500
1972.5410              271.5610961914062500
1972.6257              272.0555114746093750
1972.7103              272.2927551269531250
1972.7924              272.3234252929687500
1972.8771              272.3627624511718750
1972.9590              272.6288146972656250
1973.0438              273.5329284667968750
1973.1288              274.0676269531250000
1973.2054              274.0620117187500000
1973.2904              273.5609130859375000
1973.3726              272.7874450683593750
1973.4575              271.6830749511718750
1973.5397              271.7116699218750000
1973.6246              271.9923400878906250
1973.7096              272.0090942382812500
1973.7917              272.0664978027343750
1973.8767              272.1541748046875000
1973.9589              272.6909179687500000
1974.0438              273.5195617675781250
1974.1288              273.9842529296875000
1974.2054              273.9689025878906250
1974.2904              273.4696655273437500
1974.3726              272.3988037109375000
1974.4575              271.4963378906250000
1974.5397              271.8869934082031250
1974.6246              272.2053833007812500
1974.7096              272.3066101074218750
1974.7917              272.3326721191406250
1974.8767              272.3693542480468750
1974.9589              272.8814392089843750
1975.0438              273.9535827636718750
1975.1288              274.4884033203125000
1975.2054              274.4456787109375000
1975.2904              273.8694152832031250
1975.3726              273.0820312500000000
1975.4575              272.1109313964843750
1975.5397              271.4666137695312500
1975.6246              271.7291564941406250
1975.7096              272.0481262207031250
1975.7917              272.1764831542968750
1975.8767              272.2565612792968750
1975.9589              272.5132446289062500
1976.0437              273.3524780273437500
1976.1284              274.0625915527343750
1976.2076              274.1803894042968750
1976.2924              273.8596801757812500
1976.3743              272.9688110351562500
1976.4590              271.9068603515625000
1976.5410              271.5483703613281250
1976.6257              272.0740356445312500
1976.7103              272.0947875976562500
1976.7924              272.0807189941406250
1976.8771              272.0717468261718750
1976.9590              272.3756103515625000
1977.0438              273.2500305175781250
1977.1288              273.8662414550781250
1977.2054              273.8108825683593750
1977.2904              273.5537719726562500
1977.3726              272.9829711914062500
1977.4575              272.2037658691406250
1977.5397              271.7000427246093750
1977.6246              271.7433166503906250
1977.7096              271.9483642578125000
1977.7917              272.0122070312500000
1977.8767              272.0516967773437500
1977.9589              272.4721984863281250
1978.0438              273.4739685058593750
1978.1288              274.0903625488281250
1978.2054              274.1354370117187500
1978.2904              273.6256713867187500
1978.3726              272.7841491699218750
1978.4575              271.9490966796875000
1978.5397              271.6867980957031250
1978.6246              271.9478454589843750
1978.7096              272.1100769042968750
1978.7917              272.2227172851562500
1978.8767              272.2615051269531250
1978.9589              272.5619812011718750
1979.0438              273.3480224609375000
1979.1288              273.8191223144531250
1979.2054              273.8321838378906250
1979.2904              273.3415527343750000
1979.3726              272.6367797851562500
1979.4575              271.7553405761718750
1979.5397              271.5079956054687500
1979.6246              271.8788452148437500
1979.7096              271.9610290527343750
1979.7917              271.9941406250000000
1979.8767              272.0817260742187500
1979.9589              272.5812988281250000
1980.0437              273.5030822753906250
1980.1284              274.1883544921875000
1980.2076              274.1419982910156250
1980.2924              273.7582702636718750
1980.3743              272.9313964843750000
1980.4590              272.1782226562500000
1980.5410              271.4795227050781250
1980.6257              271.6271057128906250
1980.7103              271.9074096679687500
1980.7924              272.0648498535156250
1980.8771              272.1216125488281250
1980.9590              272.5300292968750000
1981.0438              273.4784240722656250
1981.1288              273.9741210937500000
1981.2054              274.0508728027343750
1981.2904              273.7029418945312500
1981.3726              272.8621826171875000
1981.4575              272.0963134765625000
1981.5397              271.6271972656250000
1981.6246              271.9579467773437500
1981.7096              272.0317993164062500
1981.7917              272.1155090332031250
1981.8767              272.1923828125000000
1981.9589              272.5457763671875000
1982.0438              273.4542846679687500
1982.1288              274.0175476074218750
1982.2054              273.8686218261718750
1982.2904              273.3243713378906250
1982.3726              272.5349731445312500
1982.4575              271.7029418945312500
1982.5397              271.7951354980468750
1982.6246              272.0138854980468750
1982.7096              272.1627807617187500
1982.7917              272.2517700195312500
1982.8767              272.2886962890625000
1982.9589              272.5868835449218750
1983.0438              273.4018249511718750
1983.1288              273.8658142089843750
1983.2054              273.9095764160156250
1983.2904              273.4016418457031250
1983.3726              272.6655273437500000
1983.4575              271.9278869628906250
1983.5397              271.5500488281250000
1983.6246              271.5752868652343750
1983.7096              272.0669860839843750
1983.7917              272.2459411621093750
1983.8767              272.2731628417968750
1983.9589              272.4847717285156250
1984.0437              273.3078308105468750
1984.1284              273.8175659179687500
1984.2076              273.7814025878906250
1984.2924              273.3904418945312500
1984.3743              272.7496643066406250
1984.4590              271.8841857910156250
1984.5410              271.5165405273437500
1984.6257              271.7954711914062500
1984.7103              271.8711853027343750
1984.7924              271.9539184570312500
1984.8771              272.1043701171875000
1984.9590              272.7165222167968750
1985.0438              273.5524291992187500
1985.1288              274.0165100097656250
1985.2054              273.9797363281250000
1985.2904              273.4342651367187500
1985.3726              272.5755004882812500
1985.4575              271.7173767089843750
1985.5397              271.6075439453125000
1985.6246              271.9009094238281250
1985.7096              271.9357910156250000
1985.7917              271.9960632324218750
1985.8767              272.0594787597656250
1985.9589              272.3619384765625000
1986.0438              273.2796325683593750
1986.1288              273.9202575683593750
1986.2054              273.8434143066406250
1986.2904              273.4502868652343750
1986.3726              272.7929382324218750
1986.4575              271.8337097167968750
1986.5397              271.5032348632812500
1986.6246              271.8303527832031250
1986.7096              271.9428100585937500
1986.7917              272.0410156250000000
1986.8767              272.1384277343750000
1986.9589              272.5432739257812500
1987.0438              273.3784790039062500
1987.1288              273.8537597656250000
1987.2054              273.8505859375000000
1987.2904              273.3966064453125000
1987.3726              272.6706848144531250
1987.4575              271.8987426757812500
1987.5397              272.1275329589843750
1987.6246              272.3033752441406250
1987.7096              272.2748107910156250
1987.7917              272.3193664550781250
1987.8767              272.3172607421875000
1987.9589              272.6749267578125000
1988.0437              273.4766845703125000
1988.1284              274.0328674316406250
1988.2076              274.0924377441406250
1988.2924              273.7816162109375000
1988.3743              273.1086730957031250
1988.4590              272.2641601562500000
1988.5410              271.7211303710937500
1988.6257              272.0043334960937500
1988.7103              272.4375610351562500
1988.7924              272.3756103515625000
1988.8771              272.3476867675781250
1988.9590              272.6822204589843750
1989.0438              273.6674499511718750
1989.1288              274.1472778320312500
1989.2054              274.1935119628906250
1989.2904              273.7102355957031250
1989.3726              272.8630065917968750
1989.4575              272.0490417480468750
1989.5397              271.6335144042968750
1989.6246              271.9052429199218750
1989.7096              271.9710998535156250
1989.7917              272.0274658203125000
1989.8767              272.0438842773437500
1989.9589              272.3146057128906250
1990.0438              273.0660095214843750
1990.1288              273.6447753906250000
1990.2054              273.7498474121093750
1990.2904              273.2714538574218750
1990.3726              272.4718322753906250
1990.4575              271.6699523925781250
1990.5397              271.8732299804687500
1990.6246              272.2939758300781250
1990.7096              272.3961181640625000
1990.7917              272.4174804687500000
1990.8767              272.3406982421875000
1990.9589              272.5348510742187500
1991.0438              273.4678039550781250
1991.1288              274.0811767578125000
1991.2054              274.0356750488281250
1991.2904              273.5690002441406250
1991.3726              272.7895812988281250
1991.4575              272.0921630859375000
1991.5397              271.7539367675781250
1991.6246              271.6430969238281250
1991.7096              272.0255432128906250
1991.7917              272.1275024414062500
1991.8767              272.2909545898437500
1991.9589              272.9831237792968750
1992.0437              273.8866882324218750
1992.1284              274.3939208984375000
1992.2076              274.5444335937500000
1992.2924              274.0315551757812500
1992.3743              273.1000061035156250
1992.4590              272.0491638183593750
1992.5410              271.7021179199218750
1992.6257              272.1598815917968750
1992.7103              272.5139160156250000
1992.7924              272.6806640625000000
1992.8771              272.7401123046875000
1992.9590              273.2835693359375000
1993.0438              274.0615234375000000
1993.1288              274.5341186523437500
1993.2054              274.4308776855468750
1993.2904              273.9469604492187500
1993.3726              273.2167968750000000
1993.4575              272.6324157714843750
1993.5397              271.9168701171875000
1993.6246              271.5928039550781250
1993.7096              271.8774719238281250
1993.7917              272.0655822753906250
1993.8767              272.1710205078125000
1993.9589              272.6086730957031250
1994.0438              273.5868530273437500
1994.1288              274.3003540039062500
1994.2054              274.3111267089843750
1994.2904              273.8500061035156250
1994.3726              273.0430297851562500
1994.4575              272.3498535156250000
1994.5397              271.7575988769531250
1994.6246              272.1475524902343750
1994.7096              272.4238891601562500
1994.7917              272.5057678222656250
1994.8767              272.5656738281250000
1994.9589              272.9411010742187500
1995.0438              273.8144836425781250
1995.1288              274.3318786621093750
1995.2054              274.2657775878906250
1995.2904              273.7729187011718750
1995.3726              273.0755615234375000
1995.4575              272.3576354980468750
1995.5397              271.8081665039062500
1995.6246              271.7429199218750000
1995.7096              272.3007812500000000
1995.7917              272.4420471191406250
1995.8767              272.5459899902343750
1995.9589              273.0058593750000000
1996.0437              273.8327026367187500
1996.1284              274.3147888183593750
1996.2076              274.4751892089843750
1996.2924              273.8818359375000000
1996.3743              272.8627014160156250
1996.4590              271.8621826171875000
1996.5410              272.3273925781250000
1996.6257              272.6048278808593750
1996.7103              272.5744323730468750
1996.7924              272.5559082031250000
1996.8771              272.5588073730468750
1996.9590              272.8896179199218750
1997.0438              273.7549743652343750
1997.1288              274.2739868164062500
1997.2054              274.2315979003906250
1997.2904              273.8478393554687500
1997.3726              273.2008361816406250
1997.4575              272.5183410644531250
1997.5397              271.9048461914062500
1997.6246              271.7210388183593750
1997.7096              272.1922302246093750
1997.7917              272.4096069335937500
1997.8767              272.4634704589843750
1997.9589              272.9705505371093750
1998.0438              273.8103332519531250
1998.1288              274.4180908203125000
1998.2054              274.4696960449218750
1998.2904              273.9449462890625000
1998.3726              273.0332336425781250
1998.4575              272.2446289062500000
1998.5397              271.6298522949218750
1998.6246              271.9375000000000000
1998.7096              272.1701354980468750
1998.7917              272.2911682128906250
1998.8767              272.4166564941406250
1998.9589              272.9888916015625000
1999.0438              273.9620971679687500
1999.1288              274.4753417968750000
1999.2054              274.5049438476562500
1999.2904              273.8757324218750000
1999.3726              273.0317077636718750
1999.4575              272.0965576171875000
1999.5397              271.7216186523437500
1999.6246              272.1325683593750000
1999.7096              272.2297973632812500
1999.7917              272.3886108398437500
1999.8767              272.5643920898437500
1999.9589              272.9148864746093750
