1850.0438                0.3971917033195496
1850.1260                0.3989617228507996
1850.2054                0.4007941186428070
1850.2904                0.4013570249080658
1850.3726                0.3999854028224945
1850.4575                0.3969116210937500
1850.5397                0.3936104476451874
1850.6246                0.3917841911315918
1850.7096                0.3918887376785278
1850.7917                0.3927024900913239
1850.8767                0.3936069011688232
1850.9589                0.3943080902099609
1851.0438                0.3953574001789093
1851.1260                0.3973674178123474
1851.2054                0.3995040059089661
1851.2904                0.4003788530826569
1851.3726                0.3989022076129913
1851.4575                0.3957716822624207
1851.5397                0.3924965858459473
1851.6246                0.3904387354850769
1851.7096                0.3903582394123077
1851.7917                0.3914467394351959
1851.8767                0.3924283683300018
1851.9589                0.3934897184371948
1852.0437                0.3949451148509979
1852.1257                0.3970052003860474
1852.2076                0.3988595306873322
1852.2924                0.4000319838523865
1852.3743                0.3986609280109406
1852.4590                0.3954652845859528
1852.5410                0.3917844891548157
1852.6257                0.3898905515670776
1852.7103                0.3899194002151489
1852.7924                0.3908939063549042
1852.8771                0.3918302655220032
1852.9590                0.3927305042743683
1853.0438                0.3940521478652954
1853.1260                0.3959139883518219
1853.2054                0.3978571295738220
1853.2904                0.3986314237117767
1853.3726                0.3971997797489166
1853.4575                0.3942223489284515
1853.5397                0.3907728493213654
1853.6246                0.3886756598949432
1853.7096                0.3883571028709412
1853.7917                0.3893976211547852
1853.8767                0.3904517590999603
1853.9589                0.3913048803806305
1854.0438                0.3926951587200165
1854.1260                0.3945790231227875
1854.2054                0.3967909514904022
1854.2904                0.3978247642517090
1854.3726                0.3964681029319763
1854.4575                0.3936821818351746
1854.5397                0.3906016051769257
1854.6246                0.3885233998298645
1854.7096                0.3884142637252808
1854.7917                0.3892603814601898
1854.8767                0.3903431892395020
1854.9589                0.3910625576972961
1855.0438                0.3925535082817078
1855.1260                0.3942156434059143
1855.2054                0.3960635662078857
1855.2904                0.3967652320861816
1855.3726                0.3952724337577820
1855.4575                0.3921499252319336
1855.5397                0.3886088132858276
1855.6246                0.3866371810436249
1855.7096                0.3864588737487793
1855.7917                0.3874942660331726
1855.8767                0.3886578381061554
1855.9589                0.3897938430309296
1856.0437                0.3911578059196472
1856.1257                0.3932832777500153
1856.2076                0.3953738212585449
1856.2924                0.3960364758968353
1856.3743                0.3946031630039215
1856.4590                0.3914993703365326
1856.5410                0.3882297277450562
1856.6257                0.3862938284873962
1856.7103                0.3863112330436707
1856.7924                0.3873080909252167
1856.8771                0.3884250819683075
1856.9590                0.3894089460372925
1857.0438                0.3906499743461609
1857.1260                0.3926810920238495
1857.2054                0.3948932290077209
1857.2904                0.3955602645874023
1857.3726                0.3941743969917297
1857.4575                0.3911129534244537
1857.5397                0.3878298103809357
1857.6246                0.3859103024005890
1857.7096                0.3856107592582703
1857.7917                0.3865207135677338
1857.8767                0.3877841830253601
1857.9589                0.3888252973556519
1858.0438                0.3902716636657715
1858.1260                0.3920005857944489
1858.2054                0.3939580321311951
1858.2904                0.3946971893310547
1858.3726                0.3933391273021698
1858.4575                0.3901885151863098
1858.5397                0.3867141604423523
1858.6246                0.3844219744205475
1858.7096                0.3842265307903290
1858.7917                0.3852881789207458
1858.8767                0.3863989710807800
1858.9589                0.3872587084770203
1859.0438                0.3884584903717041
1859.1260                0.3903276920318604
1859.2054                0.3921344876289368
1859.2904                0.3928995430469513
1859.3726                0.3915804922580719
1859.4575                0.3887618780136108
1859.5397                0.3853898942470551
1859.6246                0.3835233747959137
1859.7096                0.3834451436996460
1859.7917                0.3843651115894318
1859.8767                0.3854143321514130
1859.9589                0.3861353397369385
1860.0437                0.3874655067920685
1860.1257                0.3894066512584686
1860.2076                0.3911847770214081
1860.2924                0.3920103907585144
1860.3743                0.3903438448905945
1860.4590                0.3871655762195587
1860.5410                0.3838939368724823
1860.6257                0.3821485936641693
1860.7103                0.3821454942226410
1860.7924                0.3829063773155212
1860.8771                0.3836937844753265
1860.9590                0.3844026923179626
1861.0438                0.3857711553573608
1861.1260                0.3875735104084015
1861.2054                0.3894942998886108
1861.2904                0.3904315531253815
1861.3726                0.3894984424114227
1861.4575                0.3862779736518860
1861.5397                0.3830264508724213
1861.6246                0.3809711933135986
1861.7096                0.3808919489383698
1861.7917                0.3816172778606415
1861.8767                0.3826466798782349
1861.9589                0.3838982582092285
1862.0438                0.3852706253528595
1862.1260                0.3872582614421844
1862.2054                0.3895256221294403
1862.2904                0.3905279934406281
1862.3726                0.3892769515514374
1862.4575                0.3861441016197205
1862.5397                0.3829443156719208
1862.6246                0.3811048865318298
1862.7096                0.3810451030731201
1862.7917                0.3820070028305054
1862.8767                0.3830372393131256
1862.9589                0.3839797973632812
1863.0438                0.3856157362461090
1863.1260                0.3875344097614288
1863.2054                0.3893721103668213
1863.2904                0.3901245594024658
1863.3726                0.3887290954589844
1863.4575                0.3859754800796509
1863.5397                0.3826448917388916
1863.6246                0.3805279135704041
1863.7096                0.3803057968616486
1863.7917                0.3812558948993683
1863.8767                0.3826791644096375
1863.9589                0.3837421238422394
1864.0437                0.3852194547653198
1864.1257                0.3873046636581421
1864.2076                0.3897041082382202
1864.2924                0.3903398215770721
1864.3743                0.3890435397624969
1864.4590                0.3858127295970917
1864.5410                0.3825374543666840
1864.6257                0.3804564476013184
1864.7103                0.3803740441799164
1864.7924                0.3815191686153412
1864.8771                0.3826898336410522
1864.9590                0.3839088678359985
1865.0438                0.3850201368331909
1865.1260                0.3869901895523071
1865.2054                0.3890143334865570
1865.2904                0.3901131153106689
1865.3726                0.3887000679969788
1865.4575                0.3854860365390778
1865.5397                0.3822609782218933
1865.6246                0.3803109526634216
1865.7096                0.3800534307956696
1865.7917                0.3812048435211182
1865.8767                0.3822726905345917
1865.9589                0.3833279907703400
1866.0438                0.3845515847206116
1866.1260                0.3865052461624146
1866.2054                0.3886598944664001
1866.2904                0.3894304335117340
1866.3726                0.3881874680519104
1866.4575                0.3848640024662018
1866.5397                0.3815855085849762
1866.6246                0.3794915378093719
1866.7096                0.3793826401233673
1866.7917                0.3803564012050629
1866.8767                0.3815952539443970
1866.9589                0.3826016187667847
1867.0438                0.3840621411800385
1867.1260                0.3860294520854950
1867.2054                0.3879308402538300
1867.2904                0.3885856866836548
1867.3726                0.3871247768402100
1867.4575                0.3841510415077209
1867.5397                0.3806960582733154
1867.6246                0.3789153695106506
1867.7096                0.3787533044815063
1867.7917                0.3796338438987732
1867.8767                0.3808296918869019
1867.9589                0.3817256689071655
1868.0437                0.3831569850444794
1868.1257                0.3848972618579865
1868.2076                0.3866849541664124
1868.2924                0.3874654173851013
1868.3743                0.3861227333545685
1868.4590                0.3828847408294678
1868.5410                0.3794554471969604
1868.6257                0.3774194419384003
1868.7103                0.3774223625659943
1868.7924                0.3781087398529053
1868.8771                0.3791683018207550
1868.9590                0.3804368972778320
1869.0438                0.3816789984703064
1869.1260                0.3834920525550842
1869.2054                0.3853805363178253
1869.2904                0.3862261176109314
1869.3726                0.3850989341735840
1869.4575                0.3820137083530426
1869.5397                0.3786308467388153
1869.6246                0.3767200410366058
1869.7096                0.3764041364192963
1869.7917                0.3772711753845215
1869.8767                0.3783556222915649
1869.9589                0.3790929615497589
1870.0438                0.3805421292781830
1870.1260                0.3825967311859131
1870.2054                0.3844231069087982
1870.2904                0.3855405151844025
1870.3726                0.3841798603534698
1870.4575                0.3815883994102478
1870.5397                0.3779616951942444
1870.6246                0.3757507801055908
1870.7096                0.3756607770919800
1870.7917                0.3765584826469421
1870.8767                0.3778508305549622
1870.9589                0.3786113858222961
1871.0438                0.3801305890083313
1871.1260                0.3819564282894135
1871.2054                0.3841490447521210
1871.2904                0.3852175772190094
1871.3726                0.3838704824447632
1871.4575                0.3806084692478180
1871.5397                0.3770867884159088
1871.6246                0.3748174905776978
1871.7096                0.3744990825653076
1871.7917                0.3752500712871552
1871.8767                0.3764688670635223
1871.9589                0.3774174749851227
1872.0437                0.3787428736686707
1872.1257                0.3805527091026306
1872.2076                0.3825082778930664
1872.2924                0.3835342228412628
1872.3743                0.3823392093181610
1872.4590                0.3791187405586243
1872.5410                0.3755038380622864
1872.6257                0.3735325932502747
1872.7103                0.3734213113784790
1872.7924                0.3743713200092316
1872.8771                0.3754493892192841
1872.9590                0.3761319816112518
1873.0438                0.3774202764034271
1873.1260                0.3795612454414368
1873.2054                0.3813879787921906
1873.2904                0.3823686242103577
1873.3726                0.3812569975852966
1873.4575                0.3781446814537048
1873.5397                0.3749738335609436
1873.6246                0.3731336891651154
1873.7096                0.3729037642478943
1873.7917                0.3738850355148315
1873.8767                0.3751046359539032
1873.9589                0.3761833906173706
1874.0438                0.3776588141918182
1874.1260                0.3796116709709167
1874.2054                0.3815843462944031
1874.2904                0.3825404345989227
1874.3726                0.3813120424747467
1874.4575                0.3783485591411591
1874.5397                0.3748876750469208
1874.6246                0.3729532361030579
1874.7096                0.3723864853382111
1874.7917                0.3734719157218933
1874.8767                0.3745336234569550
1874.9589                0.3754340410232544
1875.0438                0.3769065141677856
1875.1260                0.3789032995700836
1875.2054                0.3810029029846191
1875.2904                0.3818713426589966
1875.3726                0.3802218139171600
1875.4575                0.3771881163120270
1875.5397                0.3738293647766113
1875.6246                0.3719544410705566
1875.7096                0.3718103766441345
1875.7917                0.3727546036243439
1875.8767                0.3738486170768738
1875.9589                0.3745583891868591
1876.0437                0.3762080073356628
1876.1257                0.3780320286750793
1876.2076                0.3798941075801849
1876.2924                0.3806802928447723
1876.3743                0.3792934417724609
1876.4590                0.3760408461093903
1876.5410                0.3725288808345795
1876.6257                0.3706940412521362
1876.7103                0.3706193566322327
1876.7924                0.3716766834259033
1876.8771                0.3731074929237366
1876.9590                0.3738933503627777
1877.0438                0.3752412199974060
1877.1260                0.3771019876003265
1877.2054                0.3788849115371704
1877.2904                0.3795929551124573
1877.3726                0.3780676126480103
1877.4575                0.3748555183410645
1877.5397                0.3715681135654449
1877.6246                0.3694689869880676
1877.7096                0.3695119023323059
1877.7917                0.3704916238784790
1877.8767                0.3714263141155243
1877.9589                0.3724450469017029
1878.0438                0.3736829757690430
1878.1260                0.3756889402866364
1878.2054                0.3777289390563965
1878.2904                0.3787797391414642
1878.3726                0.3771972656250000
1878.4575                0.3742884695529938
1878.5397                0.3707478046417236
1878.6246                0.3689405024051666
1878.7096                0.3689580857753754
1878.7917                0.3698360621929169
1878.8767                0.3706963062286377
1878.9589                0.3719859421253204
1879.0438                0.3733517825603485
1879.1260                0.3750928938388824
1879.2054                0.3769312798976898
1879.2904                0.3780610561370850
1879.3726                0.3766924142837524
1879.4575                0.3736236691474915
1879.5397                0.3704397976398468
1879.6246                0.3683551549911499
1879.7096                0.3685366809368134
1879.7917                0.3694818615913391
1879.8767                0.3705103993415833
1879.9589                0.3716353476047516
1880.0437                0.3729806244373322
1880.1257                0.3753176033496857
1880.2076                0.3773184418678284
1880.2924                0.3781289458274841
1880.3743                0.3768864274024963
1880.4590                0.3741094470024109
1880.5410                0.3708038628101349
1880.6257                0.3685588538646698
1880.7103                0.3682343959808350
1880.7924                0.3691415488719940
1880.8771                0.3701710700988770
1880.9590                0.3710676431655884
1881.0438                0.3723886311054230
1881.1260                0.3744163513183594
1881.2054                0.3761103749275208
1881.2904                0.3770152330398560
1881.3726                0.3754839599132538
1881.4575                0.3724795579910278
1881.5397                0.3691500127315521
1881.6246                0.3671295642852783
1881.7096                0.3669216036796570
1881.7917                0.3677198290824890
1881.8767                0.3690708875656128
1881.9589                0.3701083362102509
1882.0438                0.3714052140712738
1882.1260                0.3733904957771301
1882.2054                0.3751948177814484
1882.2904                0.3759316205978394
1882.3726                0.3744536936283112
1882.4575                0.3711909651756287
1882.5397                0.3679650425910950
1882.6246                0.3660166263580322
1882.7096                0.3658468425273895
1882.7917                0.3666653931140900
1882.8767                0.3677398562431335
1882.9589                0.3687244653701782
1883.0438                0.3700177371501923
1883.1260                0.3720051050186157
1883.2054                0.3739476799964905
1883.2904                0.3743992745876312
1883.3726                0.3730501234531403
1883.4575                0.3699907958507538
1883.5397                0.3668540120124817
1883.6246                0.3648694157600403
1883.7096                0.3648238480091095
1883.7917                0.3657230436801910
1883.8767                0.3667851388454437
1883.9589                0.3677991628646851
1884.0437                0.3690935969352722
1884.1257                0.3709674477577209
1884.2076                0.3730584084987640
1884.2924                0.3742131292819977
1884.3743                0.3728286623954773
1884.4590                0.3697921931743622
1884.5410                0.3664948046207428
1884.6257                0.3645992279052734
1884.7103                0.3644679188728333
1884.7924                0.3652791380882263
1884.8771                0.3662401735782623
1884.9590                0.3672931492328644
1885.0438                0.3688396811485291
1885.1260                0.3707669973373413
1885.2054                0.3725465238094330
1885.2904                0.3733137845993042
1885.3726                0.3719646632671356
1885.4575                0.3690607845783234
1885.5397                0.3657183051109314
1885.6246                0.3640311956405640
1885.7096                0.3636040091514587
1885.7917                0.3644905984401703
1885.8767                0.3654965758323669
1885.9589                0.3662655651569366
1886.0438                0.3679104447364807
1886.1260                0.3699032962322235
1886.2054                0.3719780147075653
1886.2904                0.3727916479110718
1886.3726                0.3714225590229034
1886.4575                0.3682902157306671
1886.5397                0.3651972413063049
1886.6246                0.3632793128490448
1886.7096                0.3631791770458221
1886.7917                0.3642621636390686
1886.8767                0.3656211793422699
1886.9589                0.3664487898349762
1887.0438                0.3681230247020721
1887.1260                0.3700766265392303
1887.2054                0.3719713985919952
1887.2904                0.3729474544525146
1887.3726                0.3715620636940002
1887.4575                0.3684706091880798
1887.5397                0.3652221262454987
1887.6246                0.3631795048713684
1887.7096                0.3629904687404633
1887.7917                0.3640001416206360
1887.8767                0.3650033175945282
1887.9589                0.3658919930458069
1888.0437                0.3673194646835327
1888.1257                0.3691591620445251
1888.2076                0.3711012601852417
1888.2924                0.3719249367713928
1888.3743                0.3704477846622467
1888.4590                0.3672502636909485
1888.5410                0.3639552891254425
1888.6257                0.3621507585048676
1888.7103                0.3619820475578308
1888.7924                0.3628331720829010
1888.8771                0.3639429509639740
1888.9590                0.3650922477245331
1889.0438                0.3663873374462128
1889.1260                0.3683255910873413
1889.2054                0.3702849447727203
1889.2904                0.3714021742343903
1889.3726                0.3701560795307159
1889.4575                0.3670341074466705
1889.5397                0.3638337254524231
1889.6246                0.3619211912155151
1889.7096                0.3616714477539062
1889.7917                0.3626936674118042
1889.8767                0.3637701272964478
1889.9589                0.3650476336479187
1890.0438                0.3662121891975403
1890.1260                0.3678860068321228
1890.2054                0.3700258135795593
1890.2904                0.3708876967430115
1890.3726                0.3695645034313202
1890.4575                0.3665559887886047
1890.5397                0.3633197546005249
1890.6246                0.3613278567790985
1890.7096                0.3611774146556854
1890.7917                0.3621300756931305
1890.8767                0.3633940219879150
1890.9589                0.3643823564052582
1891.0438                0.3658364713191986
1891.1260                0.3676149845123291
1891.2054                0.3694746196269989
1891.2904                0.3703208565711975
1891.3726                0.3689820766448975
1891.4575                0.3659034371376038
1891.5397                0.3626495003700256
1891.6246                0.3608330488204956
1891.7096                0.3609609007835388
1891.7917                0.3619195222854614
1891.8767                0.3631348013877869
1891.9589                0.3639391660690308
1892.0437                0.3651532530784607
1892.1257                0.3671270906925201
1892.2076                0.3691178858280182
1892.2924                0.3698770701885223
1892.3743                0.3682815730571747
1892.4590                0.3653255999088287
1892.5410                0.3619568347930908
1892.6257                0.3599550426006317
1892.7103                0.3600793778896332
1892.7924                0.3609005212783813
1892.8771                0.3618935644626617
1892.9590                0.3631784021854401
1893.0438                0.3645671904087067
1893.1260                0.3664343357086182
1893.2054                0.3681985437870026
1893.2904                0.3692351281642914
1893.3726                0.3679302930831909
1893.4575                0.3645306825637817
1893.5397                0.3609189391136169
1893.6246                0.3590873181819916
1893.7096                0.3593361973762512
1893.7917                0.3603611290454865
1893.8767                0.3614264130592346
1893.9589                0.3624162077903748
1894.0438                0.3638857007026672
1894.1260                0.3658111989498138
1894.2054                0.3681274354457855
1894.2904                0.3689685463905334
1894.3726                0.3671961724758148
1894.4575                0.3640330433845520
1894.5397                0.3606460094451904
1894.6246                0.3590437769889832
1894.7096                0.3588294982910156
1894.7917                0.3596286475658417
1894.8767                0.3607600629329681
1894.9589                0.3617988228797913
1895.0438                0.3632927238941193
1895.1260                0.3652320802211761
1895.2054                0.3673613667488098
1895.2904                0.3680038154125214
1895.3726                0.3666716814041138
1895.4575                0.3633286952972412
1895.5397                0.3598461449146271
1895.6246                0.3578559160232544
1895.7096                0.3577476143836975
1895.7917                0.3588710129261017
1895.8767                0.3601403534412384
1895.9589                0.3613793849945068
1896.0437                0.3627044558525085
1896.1257                0.3645994961261749
1896.2076                0.3666758537292480
1896.2924                0.3675592243671417
1896.3743                0.3662538528442383
1896.4590                0.3632242381572723
1896.5410                0.3598825335502625
1896.6257                0.3576548695564270
1896.7103                0.3573987483978271
1896.7924                0.3581565320491791
1896.8771                0.3590998351573944
1896.9590                0.3599509000778198
1897.0438                0.3614906966686249
1897.1260                0.3631786704063416
1897.2054                0.3651531934738159
1897.2904                0.3660842180252075
1897.3726                0.3646247982978821
1897.4575                0.3616880476474762
1897.5397                0.3584873378276825
1897.6246                0.3562187254428864
1897.7096                0.3560864329338074
1897.7917                0.3568610548973083
1897.8767                0.3578200638294220
1897.9589                0.3585859537124634
1898.0438                0.3597864210605621
1898.1260                0.3618818819522858
1898.2054                0.3640150725841522
1898.2904                0.3646494746208191
1898.3726                0.3633499443531036
1898.4575                0.3603222370147705
1898.5397                0.3569855093955994
1898.6246                0.3549684286117554
1898.7096                0.3549901843070984
1898.7917                0.3560928106307983
1898.8767                0.3574522435665131
1898.9589                0.3584035336971283
1899.0438                0.3600225746631622
1899.1260                0.3620254099369049
1899.2054                0.3641175627708435
1899.2904                0.3649230003356934
1899.3726                0.3636527657508850
1899.4575                0.3606131374835968
1899.5397                0.3570976555347443
1899.6246                0.3550714552402496
1899.7096                0.3549433946609497
1899.7917                0.3559774160385132
1899.8767                0.3570141196250916
1899.9589                0.3581026494503021
1900.0438                0.3594224452972412
1900.1260                0.3610139489173889
1900.2054                0.3628744781017303
1900.2904                0.3637262582778931
1900.3726                0.3626915812492371
1900.4575                0.3597713708877563
1900.5397                0.3564007878303528
1900.6246                0.3547350168228149
1900.7096                0.3545985519886017
1900.7917                0.3557798266410828
1900.8767                0.3570120632648468
1900.9589                0.3579845726490021
1901.0438                0.3595267832279205
1901.1260                0.3612491786479950
1901.2054                0.3631986975669861
1901.2904                0.3639635443687439
1901.3726                0.3625503182411194
1901.4575                0.3593327403068542
1901.5397                0.3558751642704010
1901.6246                0.3537637889385223
1901.7096                0.3536467254161835
1901.7917                0.3549142479896545
1901.8767                0.3561050891876221
1901.9589                0.3569923341274261
1902.0438                0.3583480119705200
1902.1260                0.3603703081607819
1902.2054                0.3625224828720093
1902.2904                0.3633591234683990
1902.3726                0.3618814349174500
1902.4575                0.3589445352554321
1902.5397                0.3555837273597717
1902.6246                0.3536879718303680
1902.7096                0.3533737361431122
1902.7917                0.3541358113288879
1902.8767                0.3548939228057861
1902.9589                0.3559926748275757
1903.0438                0.3575528860092163
1903.1260                0.3594763576984406
1903.2054                0.3615531623363495
1903.2904                0.3624851107597351
1903.3726                0.3611566126346588
1903.4575                0.3581207990646362
1903.5397                0.3548478484153748
1903.6246                0.3531109094619751
1903.7096                0.3530008792877197
1903.7917                0.3537803888320923
1903.8767                0.3549640476703644
1903.9589                0.3559458553791046
1904.0437                0.3572436869144440
1904.1257                0.3592257499694824
1904.2076                0.3611007034778595
1904.2924                0.3617865741252899
1904.3743                0.3605777621269226
1904.4590                0.3574547171592712
1904.5410                0.3543760478496552
1904.6257                0.3523729145526886
1904.7103                0.3521987497806549
1904.7924                0.3533904552459717
1904.8771                0.3545994162559509
1904.9590                0.3554055094718933
1905.0438                0.3567530512809753
1905.1260                0.3584859073162079
1905.2054                0.3604012429714203
1905.2904                0.3611600995063782
1905.3726                0.3597116172313690
1905.4575                0.3568054437637329
1905.5397                0.3535652458667755
1905.6246                0.3517392277717590
1905.7096                0.3519321680068970
1905.7917                0.3531526327133179
1905.8767                0.3542154729366302
1905.9589                0.3553386032581329
1906.0438                0.3566679358482361
1906.1260                0.3583742678165436
1906.2054                0.3603559732437134
1906.2904                0.3611472845077515
1906.3726                0.3596631288528442
1906.4575                0.3565086424350739
1906.5397                0.3531033396720886
1906.6246                0.3510515093803406
1906.7096                0.3507907390594482
1906.7917                0.3517108261585236
1906.8767                0.3529633581638336
1906.9589                0.3538374304771423
1907.0438                0.3552696108818054
1907.1260                0.3573302626609802
1907.2054                0.3591456413269043
1907.2904                0.3602201640605927
1907.3726                0.3589519262313843
1907.4575                0.3558966815471649
1907.5397                0.3521966636180878
1907.6246                0.3501900434494019
1907.7096                0.3501209020614624
1907.7917                0.3508112132549286
1907.8767                0.3518701195716858
1907.9589                0.3528633117675781
1908.0437                0.3541185259819031
1908.1257                0.3561203777790070
1908.2076                0.3583641052246094
1908.2924                0.3593345284461975
1908.3743                0.3580084741115570
1908.4590                0.3548314869403839
1908.5410                0.3514043390750885
1908.6257                0.3493438363075256
1908.7103                0.3491279780864716
1908.7924                0.3501538038253784
1908.8771                0.3512055575847626
1908.9590                0.3520472347736359
1909.0438                0.3533969819545746
1909.1260                0.3555232882499695
1909.2054                0.3573974967002869
1909.2904                0.3585002124309540
1909.3726                0.3573681116104126
1909.4575                0.3542299270629883
1909.5397                0.3508424460887909
1909.6246                0.3490276932716370
1909.7096                0.3487652242183685
1909.7917                0.3494074940681458
1909.8767                0.3505141139030457
1909.9589                0.3515188992023468
1910.0438                0.3530154526233673
1910.1260                0.3548505306243896
1910.2054                0.3569491505622864
1910.2904                0.3577861785888672
1910.3726                0.3565616607666016
1910.4575                0.3533626794815063
1910.5397                0.3497692644596100
1910.6246                0.3476078808307648
1910.7096                0.3473579585552216
1910.7917                0.3482715487480164
1910.8767                0.3493878543376923
1910.9589                0.3504919707775116
1911.0438                0.3518477082252502
1911.1260                0.3538522720336914
1911.2054                0.3560872077941895
1911.2904                0.3571021854877472
1911.3726                0.3559097051620483
1911.4575                0.3529711961746216
1911.5397                0.3498183786869049
1911.6246                0.3476112782955170
1911.7096                0.3474028706550598
1911.7917                0.3484794795513153
1911.8767                0.3494640290737152
1911.9589                0.3505989313125610
1912.0437                0.3518315553665161
1912.1257                0.3537480831146240
1912.2076                0.3555054068565369
1912.2924                0.3563106060028076
1912.3743                0.3547666370868683
1912.4590                0.3518004715442657
1912.5410                0.3482816517353058
1912.6257                0.3464893102645874
1912.7103                0.3463115692138672
1912.7924                0.3470755517482758
1912.8771                0.3483368158340454
1912.9590                0.3490709364414215
1913.0438                0.3505868613719940
1913.1260                0.3522917926311493
1913.2054                0.3542234301567078
1913.2904                0.3551849126815796
1913.3726                0.3539230227470398
1913.4575                0.3507531881332397
1913.5397                0.3472676277160645
1913.6246                0.3455111384391785
1913.7096                0.3456076383590698
1913.7917                0.3465949594974518
1913.8767                0.3477030396461487
1913.9589                0.3485815823078156
1914.0438                0.3501119613647461
1914.1260                0.3519877195358276
1914.2054                0.3542699813842773
1914.2904                0.3548912703990936
1914.3726                0.3538030087947845
1914.4575                0.3510639071464539
1914.5397                0.3478497564792633
1914.6246                0.3458806276321411
1914.7096                0.3454777300357819
1914.7917                0.3462570011615753
1914.8767                0.3475249111652374
1914.9589                0.3483834862709045
1915.0438                0.3500728905200958
1915.1260                0.3521511852741241
1915.2054                0.3541288673877716
1915.2904                0.3552512228488922
1915.3726                0.3536746203899384
1915.4575                0.3506838679313660
1915.5397                0.3474937677383423
1915.6246                0.3456607162952423
1915.7096                0.3455284833908081
1915.7917                0.3466757535934448
1915.8767                0.3478546440601349
1915.9589                0.3488419651985168
1916.0437                0.3502727746963501
1916.1257                0.3524008095264435
1916.2076                0.3543886244297028
1916.2924                0.3554431796073914
1916.3743                0.3538652956485748
1916.4590                0.3507609367370605
1916.5410                0.3472667038440704
1916.6257                0.3451416790485382
1916.7103                0.3451821506023407
1916.7924                0.3461197018623352
1916.8771                0.3473219871520996
1916.9590                0.3483515083789825
1917.0438                0.3497326374053955
1917.1260                0.3517075777053833
1917.2054                0.3536471128463745
1917.2904                0.3545604348182678
1917.3726                0.3535456061363220
1917.4575                0.3505774140357971
1917.5397                0.3476117849349976
1917.6246                0.3456631004810333
1917.7096                0.3454119563102722
1917.7917                0.3465122878551483
1917.8767                0.3478290438652039
1917.9589                0.3487211167812347
1918.0438                0.3501611351966858
1918.1260                0.3521750569343567
1918.2054                0.3540421128273010
1918.2904                0.3548795878887177
1918.3726                0.3534223735332489
1918.4575                0.3503990471363068
1918.5397                0.3468474149703979
1918.6246                0.3445930778980255
1918.7096                0.3443732857704163
1918.7917                0.3452350497245789
1918.8767                0.3467432558536530
1918.9589                0.3476333618164062
1919.0438                0.3492775857448578
1919.1260                0.3510991930961609
1919.2054                0.3526573181152344
1919.2904                0.3536500930786133
1919.3726                0.3520139455795288
1919.4575                0.3486976623535156
1919.5397                0.3450229167938232
1919.6246                0.3431086838245392
1919.7096                0.3430834412574768
1919.7917                0.3440176248550415
1919.8767                0.3451099693775177
1919.9589                0.3464618921279907
1920.0437                0.3479583263397217
1920.1257                0.3499539196491241
1920.2076                0.3518451452255249
1920.2924                0.3524105548858643
1920.3743                0.3510710895061493
1920.4590                0.3479707837104797
1920.5410                0.3446557223796844
1920.6257                0.3430062830448151
1920.7103                0.3430616259574890
1920.7924                0.3438251912593842
1920.8771                0.3449746966362000
1920.9590                0.3460668027400970
1921.0438                0.3476337790489197
1921.1260                0.3493651151657104
1921.2054                0.3514911234378815
1921.2904                0.3523561954498291
1921.3726                0.3510337173938751
1921.4575                0.3479765653610229
1921.5397                0.3444511592388153
1921.6246                0.3424458205699921
1921.7096                0.3422925770282745
1921.7917                0.3434094786643982
1921.8767                0.3445666134357452
1921.9589                0.3458755016326904
1922.0438                0.3472118079662323
1922.1260                0.3487870395183563
1922.2054                0.3508199155330658
1922.2904                0.3519804179668427
1922.3726                0.3504881262779236
1922.4575                0.3473362326622009
1922.5397                0.3437456488609314
1922.6246                0.3417218029499054
1922.7096                0.3418117761611938
1922.7917                0.3427970409393311
1922.8767                0.3440695405006409
1922.9589                0.3452579677104950
1923.0438                0.3469016253948212
1923.1260                0.3486589789390564
1923.2054                0.3505891263484955
1923.2904                0.3515030145645142
1923.3726                0.3500347435474396
1923.4575                0.3469173312187195
1923.5397                0.3436810076236725
1923.6246                0.3418689072132111
1923.7096                0.3418076038360596
1923.7917                0.3429180681705475
1923.8767                0.3440919816493988
1923.9589                0.3453726768493652
1924.0437                0.3470987677574158
1924.1257                0.3487843871116638
1924.2076                0.3505716323852539
1924.2924                0.3514128327369690
1924.3743                0.3499537408351898
1924.4590                0.3468684852123260
1924.5410                0.3435514569282532
1924.6257                0.3414086401462555
1924.7103                0.3414090871810913
1924.7924                0.3424634933471680
1924.8771                0.3437545895576477
1924.9590                0.3445850908756256
1925.0438                0.3460908830165863
1925.1260                0.3479737937450409
1925.2054                0.3498028218746185
1925.2904                0.3504605889320374
1925.3726                0.3490600287914276
1925.4575                0.3460054397583008
1925.5397                0.3427550792694092
1925.6246                0.3408117592334747
1925.7096                0.3409931361675262
1925.7917                0.3420079946517944
1925.8767                0.3429400324821472
1925.9589                0.3439609706401825
1926.0438                0.3453434109687805
1926.1260                0.3473099172115326
1926.2054                0.3494520783424377
1926.2904                0.3503762185573578
1926.3726                0.3490597903728485
1926.4575                0.3459007740020752
1926.5397                0.3425982892513275
1926.6246                0.3401962816715240
1926.7096                0.3401081860065460
1926.7917                0.3413683772087097
1926.8767                0.3426417112350464
1926.9589                0.3433958888053894
1927.0438                0.3448581695556641
1927.1260                0.3468729555606842
1927.2054                0.3488006889820099
1927.2904                0.3496882617473602
1927.3726                0.3481485247612000
1927.4575                0.3450303375720978
1927.5397                0.3417143225669861
1927.6246                0.3400276899337769
1927.7096                0.3398213684558868
1927.7917                0.3408123552799225
1927.8767                0.3420204222202301
1927.9589                0.3429163396358490
1928.0437                0.3442435562610626
1928.1257                0.3464230597019196
1928.2076                0.3485631644725800
1928.2924                0.3493601381778717
1928.3743                0.3477757871150970
1928.4590                0.3447002172470093
1928.5410                0.3410920798778534
1928.6257                0.3392011523246765
1928.7103                0.3391165435314178
1928.7924                0.3402997851371765
1928.8771                0.3415555953979492
1928.9590                0.3426264524459839
1929.0438                0.3439262807369232
1929.1260                0.3457356989383698
1929.2054                0.3475589454174042
1929.2904                0.3482334911823273
1929.3726                0.3467820286750793
1929.4575                0.3436365127563477
1929.5397                0.3402813076972961
1929.6246                0.3383411169052124
1929.7096                0.3382368683815002
1929.7917                0.3393385708332062
1929.8767                0.3407094478607178
1929.9589                0.3419516384601593
1930.0438                0.3434324860572815
1930.1260                0.3451673388481140
1930.2054                0.3470599055290222
1930.2904                0.3479599952697754
1930.3726                0.3466844260692596
1930.4575                0.3434766232967377
1930.5397                0.3399953842163086
1930.6246                0.3380844891071320
1930.7096                0.3379839956760406
1930.7917                0.3390179276466370
1930.8767                0.3401823043823242
1930.9589                0.3411002457141876
1931.0438                0.3424898982048035
1931.1260                0.3444417119026184
1931.2054                0.3464195728302002
1931.2904                0.3475303649902344
1931.3726                0.3461216092109680
1931.4575                0.3428663313388824
1931.5397                0.3396555483341217
1931.6246                0.3376455605030060
1931.7096                0.3376109004020691
1931.7917                0.3386184871196747
1931.8767                0.3397005498409271
1931.9589                0.3406893610954285
1932.0437                0.3421015143394470
1932.1257                0.3439622819423676
1932.2076                0.3457552194595337
1932.2924                0.3465695083141327
1932.3743                0.3452588915824890
1932.4590                0.3421187996864319
1932.5410                0.3387823998928070
1932.6257                0.3367196023464203
1932.7103                0.3365590572357178
1932.7924                0.3376350402832031
1932.8771                0.3385517895221710
1932.9590                0.3394839763641357
1933.0438                0.3409355580806732
1933.1260                0.3428447544574738
1933.2054                0.3446649312973022
1933.2904                0.3456691503524780
1933.3726                0.3442108929157257
1933.4575                0.3412398695945740
1933.5397                0.3380936980247498
1933.6246                0.3364932537078857
1933.7096                0.3366317451000214
1933.7917                0.3376699984073639
1933.8767                0.3389431834220886
1933.9589                0.3397054672241211
1934.0438                0.3410763442516327
1934.1260                0.3433325886726379
1934.2054                0.3453006744384766
1934.2904                0.3462213277816772
1934.3726                0.3450354337692261
1934.4575                0.3420070111751556
1934.5397                0.3387174308300018
1934.6246                0.3367349803447723
1934.7096                0.3364082276821136
1934.7917                0.3374383151531219
1934.8767                0.3384798169136047
1934.9589                0.3393993973731995
1935.0438                0.3408594131469727
1935.1260                0.3427275121212006
1935.2054                0.3445521295070648
1935.2904                0.3457212448120117
1935.3726                0.3442829549312592
1935.4575                0.3410078287124634
1935.5397                0.3375911414623260
1935.6246                0.3355314731597900
1935.7096                0.3352518081665039
1935.7917                0.3359221816062927
1935.8767                0.3372032046318054
1935.9589                0.3383682370185852
1936.0437                0.3397002518177032
1936.1257                0.3419249355792999
1936.2076                0.3441021442413330
1936.2924                0.3452159166336060
1936.3743                0.3440251350402832
1936.4590                0.3411156833171844
1936.5410                0.3377796113491058
1936.6257                0.3358790576457977
1936.7103                0.3359099328517914
1936.7924                0.3370054662227631
1936.8771                0.3380863368511200
1936.9590                0.3390489816665649
1937.0438                0.3404757678508759
1937.1260                0.3423095047473907
1937.2054                0.3443171083927155
1937.2904                0.3449206054210663
1937.3726                0.3431942760944366
1937.4575                0.3402713239192963
1937.5397                0.3370270133018494
1937.6246                0.3352102041244507
1937.7096                0.3352143168449402
1937.7917                0.3362191021442413
1937.8767                0.3372294604778290
1937.9589                0.3381830155849457
1938.0438                0.3397571146488190
1938.1260                0.3416128158569336
1938.2054                0.3438184261322021
1938.2904                0.3446257710456848
1938.3726                0.3432564139366150
1938.4575                0.3402968347072601
1938.5397                0.3369809091091156
1938.6246                0.3349258899688721
1938.7096                0.3347165286540985
1938.7917                0.3356731534004211
1938.8767                0.3365643918514252
1938.9589                0.3375034034252167
1939.0438                0.3388718068599701
1939.1260                0.3407870829105377
1939.2054                0.3429128825664520
1939.2904                0.3437838256359100
1939.3726                0.3422625958919525
1939.4575                0.3389760255813599
1939.5397                0.3354912698268890
1939.6246                0.3334656953811646
1939.7096                0.3333332240581512
1939.7917                0.3343410789966583
1939.8767                0.3354809582233429
1939.9589                0.3363950848579407
1940.0437                0.3379852473735809
1940.1257                0.3397916853427887
1940.2076                0.3419560790061951
1940.2924                0.3427819907665253
1940.3743                0.3413282334804535
1940.4590                0.3382134139537811
1940.5410                0.3349963426589966
1940.6257                0.3332282900810242
1940.7103                0.3331676125526428
1940.7924                0.3340022265911102
1940.8771                0.3352575004100800
1940.9590                0.3363714218139648
1941.0438                0.3375850617885590
1941.1260                0.3396732211112976
1941.2054                0.3419126570224762
1941.2904                0.3429395258426666
1941.3726                0.3413724899291992
1941.4575                0.3380749821662903
1941.5397                0.3348200619220734
1941.6246                0.3328006267547607
1941.7096                0.3325518667697906
1941.7917                0.3332691490650177
1941.8767                0.3345413804054260
1941.9589                0.3356599509716034
1942.0438                0.3369089663028717
1942.1260                0.3388102054595947
1942.2054                0.3410486578941345
1942.2904                0.3420408964157104
1942.3726                0.3406941890716553
1942.4575                0.3376460969448090
1942.5397                0.3342748582363129
1942.6246                0.3322898745536804
1942.7096                0.3322129845619202
1942.7917                0.3332455456256866
1942.8767                0.3345214426517487
1942.9589                0.3356431126594543
1943.0438                0.3371922373771667
1943.1260                0.3394307494163513
1943.2054                0.3413483202457428
1943.2904                0.3422273397445679
1943.3726                0.3408459424972534
1943.4575                0.3379173874855042
1943.5397                0.3347355425357819
1943.6246                0.3328617513179779
1943.7096                0.3325376212596893
1943.7917                0.3331378698348999
1943.8767                0.3345489501953125
1943.9589                0.3359374105930328
1944.0437                0.3376199007034302
1944.1257                0.3399234116077423
1944.2076                0.3417788743972778
1944.2924                0.3428498506546021
1944.3743                0.3414931297302246
1944.4590                0.3382735848426819
1944.5410                0.3349450528621674
1944.6257                0.3330527245998383
1944.7103                0.3330074250698090
1944.7924                0.3340736031532288
1944.8771                0.3352138400077820
1944.9590                0.3361991941928864
1945.0438                0.3377415239810944
1945.1260                0.3396816849708557
1945.2054                0.3416942656040192
1945.2904                0.3424932658672333
1945.3726                0.3411300778388977
1945.4575                0.3381795585155487
1945.5397                0.3347288370132446
1945.6246                0.3328785896301270
1945.7096                0.3327888846397400
1945.7917                0.3340691328048706
1945.8767                0.3354823291301727
1945.9589                0.3362928926944733
1946.0438                0.3378873467445374
1946.1260                0.3399719595909119
1946.2054                0.3417554795742035
1946.2904                0.3428710699081421
1946.3726                0.3412919938564301
1946.4575                0.3379162847995758
1946.5397                0.3340554237365723
1946.6246                0.3320756852626801
1946.7096                0.3318728506565094
1946.7917                0.3327223658561707
1946.8767                0.3336042761802673
1946.9589                0.3345558345317841
1947.0438                0.3357686102390289
1947.1260                0.3376617729663849
1947.2054                0.3395497798919678
1947.2904                0.3406560420989990
1947.3726                0.3393173813819885
1947.4575                0.3359885811805725
1947.5397                0.3325716853141785
1947.6246                0.3305567800998688
1947.7096                0.3304423689842224
1947.7917                0.3316624164581299
1947.8767                0.3328962624073029
1947.9589                0.3339423239231110
1948.0437                0.3355207443237305
1948.1257                0.3375348746776581
1948.2076                0.3393991589546204
1948.2924                0.3399828374385834
1948.3743                0.3384859859943390
1948.4590                0.3353161811828613
1948.5410                0.3320268690586090
1948.6257                0.3304215967655182
1948.7103                0.3306503593921661
1948.7924                0.3316842019557953
1948.8771                0.3331283628940582
1948.9590                0.3342442512512207
1949.0438                0.3357622027397156
1949.1260                0.3378053307533264
1949.2054                0.3395370543003082
1949.2904                0.3404012322425842
1949.3726                0.3390829861164093
1949.4575                0.3361297547817230
1949.5397                0.3328731060028076
1949.6246                0.3310361504554749
1949.7096                0.3310069739818573
1949.7917                0.3320503234863281
1949.8767                0.3331822454929352
1949.9589                0.3341066837310791
1950.0438                0.3354980647563934
1950.1260                0.3374378383159637
1950.2054                0.3393730521202087
1950.2904                0.3405010700225830
1950.3726                0.3390407562255859
1950.4575                0.3356507122516632
1950.5397                0.3324492871761322
1950.6246                0.3304072320461273
1950.7096                0.3302552998065948
1950.7917                0.3309545814990997
1950.8767                0.3322646319866180
1950.9589                0.3330759406089783
1951.0438                0.3342992365360260
1951.1260                0.3363272249698639
1951.2054                0.3381080031394958
1951.2904                0.3389480412006378
1951.3726                0.3376483619213104
1951.4575                0.3347895145416260
1951.5397                0.3313220441341400
1951.6246                0.3294354975223541
1951.7096                0.3292863368988037
1951.7917                0.3303087055683136
1951.8767                0.3315821886062622
1951.9589                0.3325271308422089
1952.0437                0.3336859047412872
1952.1257                0.3360686898231506
1952.2076                0.3380772769451141
1952.2924                0.3389740884304047
1952.3743                0.3375053703784943
1952.4590                0.3345798552036285
1952.5410                0.3312803804874420
1952.6257                0.3291982710361481
1952.7103                0.3294941782951355
1952.7924                0.3303593695163727
1952.8771                0.3316583335399628
1952.9590                0.3322104513645172
1953.0438                0.3334532380104065
1953.1260                0.3353338837623596
1953.2054                0.3372573256492615
1953.2904                0.3385100066661835
1953.3726                0.3373899459838867
1953.4575                0.3341793119907379
1953.5397                0.3309834599494934
1953.6246                0.3290952444076538
1953.7096                0.3292760848999023
1953.7917                0.3302364051342010
1953.8767                0.3313654065132141
1953.9589                0.3322055637836456
1954.0438                0.3336973786354065
1954.1260                0.3356831073760986
1954.2054                0.3376607298851013
1954.2904                0.3387606441974640
1954.3726                0.3373969197273254
1954.4575                0.3343669772148132
1954.5397                0.3309444785118103
1954.6246                0.3290921151638031
1954.7096                0.3293247520923615
1954.7917                0.3303583860397339
1954.8767                0.3316058814525604
1954.9589                0.3327146172523499
1955.0438                0.3342789113521576
1955.1260                0.3360660672187805
1955.2054                0.3378405272960663
1955.2904                0.3387098014354706
1955.3726                0.3376324772834778
1955.4575                0.3346410691738129
1955.5397                0.3317109942436218
1955.6246                0.3297517001628876
1955.7096                0.3297362327575684
1955.7917                0.3308825790882111
1955.8767                0.3321905136108398
1955.9589                0.3331316709518433
1956.0437                0.3342546224594116
1956.1257                0.3361156582832336
1956.2076                0.3380390107631683
1956.2924                0.3390916883945465
1956.3743                0.3376919627189636
1956.4590                0.3344295322895050
1956.5410                0.3310423493385315
1956.6257                0.3292182087898254
1956.7103                0.3291350603103638
1956.7924                0.3303556442260742
1956.8771                0.3314059972763062
1956.9590                0.3324725329875946
1957.0438                0.3338277339935303
1957.1260                0.3354454934597015
1957.2054                0.3376513421535492
1957.2904                0.3382422626018524
1957.3726                0.3367148935794830
1957.4575                0.3337225914001465
1957.5397                0.3303001821041107
1957.6246                0.3282266855239868
1957.7096                0.3282148838043213
1957.7917                0.3290012776851654
1957.8767                0.3303084373474121
1957.9589                0.3313831090927124
1958.0438                0.3325755894184113
1958.1260                0.3345920741558075
1958.2054                0.3364058732986450
1958.2904                0.3377413451671600
1958.3726                0.3363655507564545
1958.4575                0.3331577777862549
1958.5397                0.3298500478267670
1958.6246                0.3279044926166534
1958.7096                0.3275611996650696
1958.7917                0.3286471962928772
1958.8767                0.3299932181835175
1958.9589                0.3310588598251343
1959.0438                0.3325027525424957
1959.1260                0.3345370590686798
1959.2054                0.3362377882003784
1959.2904                0.3369044065475464
1959.3726                0.3355219066143036
1959.4575                0.3323078751564026
1959.5397                0.3288104832172394
1959.6246                0.3268041908740997
1959.7096                0.3265377581119537
1959.7917                0.3273847103118896
1959.8767                0.3285849988460541
1959.9589                0.3297131359577179
1960.0437                0.3311485350131989
1960.1257                0.3333975076675415
1960.2076                0.3355665504932404
1960.2924                0.3364690542221069
1960.3743                0.3353174030780792
1960.4590                0.3322634994983673
1960.5410                0.3287724256515503
1960.6257                0.3271437883377075
1960.7103                0.3273445367813110
1960.7924                0.3285214006900787
1960.8771                0.3298214673995972
1960.9590                0.3309348225593567
1961.0438                0.3330017924308777
1961.1260                0.3350608944892883
1961.2054                0.3367294073104858
1961.2904                0.3375871777534485
1961.3726                0.3360669910907745
1961.4575                0.3332009911537170
1961.5397                0.3296844661235809
1961.6246                0.3276993036270142
1961.7096                0.3278480470180511
1961.7917                0.3288826346397400
1961.8767                0.3300949037075043
1961.9589                0.3309099972248077
1962.0438                0.3324693143367767
1962.1260                0.3346247673034668
1962.2054                0.3366532027721405
1962.2904                0.3375170230865479
1962.3726                0.3361206650733948
1962.4575                0.3330813348293304
1962.5397                0.3297819197177887
1962.6246                0.3278582096099854
1962.7096                0.3277213573455811
1962.7917                0.3284524679183960
1962.8767                0.3297866880893707
1962.9589                0.3307642936706543
1963.0438                0.3322410285472870
1963.1260                0.3344807028770447
1963.2054                0.3366491496562958
1963.2904                0.3374167382717133
1963.3726                0.3359490036964417
1963.4575                0.3331387639045715
1963.5397                0.3299344480037689
1963.6246                0.3279217481613159
1963.7096                0.3277488052845001
1963.7917                0.3289106488227844
1963.8767                0.3301595449447632
1963.9589                0.3312660455703735
1964.0437                0.3329322040081024
1964.1257                0.3350016474723816
1964.2076                0.3370273411273956
1964.2924                0.3380239605903625
1964.3743                0.3368214368820190
1964.4590                0.3338007330894470
1964.5410                0.3302593231201172
1964.6257                0.3281812369823456
1964.7103                0.3281477689743042
1964.7924                0.3293796777725220
1964.8771                0.3303185105323792
1964.9590                0.3317742049694061
1965.0438                0.3332027196884155
1965.1260                0.3353270590305328
1965.2054                0.3374618887901306
1965.2904                0.3383220434188843
1965.3726                0.3370281457901001
1965.4575                0.3338833153247833
1965.5397                0.3305087387561798
1965.6246                0.3285223543643951
1965.7096                0.3283204734325409
1965.7917                0.3293663263320923
1965.8767                0.3306907117366791
1965.9589                0.3317852020263672
1966.0438                0.3332218527793884
1966.1260                0.3352478146553040
1966.2054                0.3374210000038147
1966.2904                0.3383986055850983
1966.3726                0.3371725082397461
1966.4575                0.3341203033924103
1966.5397                0.3309672176837921
1966.6246                0.3289874196052551
1966.7096                0.3288486599922180
1966.7917                0.3300438821315765
1966.8767                0.3316243588924408
1966.9589                0.3327373564243317
1967.0438                0.3341311216354370
1967.1260                0.3360895216464996
1967.2054                0.3381068408489227
1967.2904                0.3391117751598358
1967.3726                0.3377543389797211
1967.4575                0.3346763253211975
1967.5397                0.3315391242504120
1967.6246                0.3295953571796417
1967.7096                0.3296523392200470
1967.7917                0.3307679295539856
1967.8767                0.3321328163146973
1967.9589                0.3330935239791870
1968.0437                0.3347219824790955
1968.1257                0.3368691802024841
1968.2076                0.3388611972332001
1968.2924                0.3398521542549133
1968.3743                0.3384847342967987
1968.4590                0.3354338407516479
1968.5410                0.3319491446018219
1968.6257                0.3300336003303528
1968.7103                0.3300278484821320
1968.7924                0.3311296403408051
1968.8771                0.3324058651924133
1968.9590                0.3336617052555084
1969.0438                0.3352001011371613
1969.1260                0.3372541964054108
1969.2054                0.3392326533794403
1969.2904                0.3400706648826599
1969.3726                0.3385922610759735
1969.4575                0.3355994522571564
1969.5397                0.3325189650058746
1969.6246                0.3304303884506226
1969.7096                0.3301284909248352
1969.7917                0.3312634229660034
1969.8767                0.3324518203735352
1969.9589                0.3336029648780823
1970.0438                0.3351333737373352
1970.1260                0.3371766209602356
1970.2054                0.3391994237899780
1970.2904                0.3400333523750305
1970.3726                0.3388462364673615
1970.4575                0.3357387185096741
1970.5397                0.3324725627899170
1970.6246                0.3305509686470032
1970.7096                0.3306344747543335
1970.7917                0.3318224847316742
1970.8767                0.3330410420894623
1970.9589                0.3338505923748016
1971.0438                0.3355318009853363
1971.1260                0.3374595940113068
1971.2054                0.3394709825515747
1971.2904                0.3405316770076752
1971.3726                0.3392266929149628
1971.4575                0.3360861241817474
1971.5397                0.3324154019355774
1971.6246                0.3304757773876190
1971.7096                0.3304530978202820
1971.7917                0.3314701020717621
1971.8767                0.3324365019798279
1971.9589                0.3333641886711121
1972.0437                0.3351375460624695
1972.1257                0.3373142778873444
1972.2076                0.3392743766307831
1972.2924                0.3402221202850342
1972.3743                0.3390127718448639
1972.4590                0.3359223604202271
1972.5410                0.3327046334743500
1972.6257                0.3306919932365417
1972.7103                0.3306970298290253
1972.7924                0.3318239450454712
1972.8771                0.3331509828567505
1972.9590                0.3341304063796997
1973.0438                0.3353249132633209
1973.1260                0.3375408649444580
1973.2054                0.3395709991455078
1973.2904                0.3404325842857361
1973.3726                0.3391675055027008
1973.4575                0.3360828757286072
1973.5397                0.3331018984317780
1973.6246                0.3315226137638092
1973.7096                0.3318590223789215
1973.7917                0.3329218327999115
1973.8767                0.3339786529541016
1973.9589                0.3349991738796234
1974.0438                0.3363448083400726
1974.1260                0.3384061157703400
1974.2054                0.3404068052768707
1974.2904                0.3413571119308472
1974.3726                0.3401385843753815
1974.4575                0.3373087048530579
1974.5397                0.3340210914611816
1974.6246                0.3321221470832825
1974.7096                0.3321051895618439
1974.7917                0.3330197334289551
1974.8767                0.3342839181423187
1974.9589                0.3351804614067078
1975.0438                0.3368164896965027
1975.1260                0.3386811614036560
1975.2054                0.3404950797557831
1975.2904                0.3414165079593658
1975.3726                0.3401534855365753
1975.4575                0.3370073139667511
1975.5397                0.3338109850883484
1975.6246                0.3319346904754639
1975.7096                0.3319983780384064
1975.7917                0.3332964479923248
1975.8767                0.3342614173889160
1975.9589                0.3351317048072815
1976.0437                0.3366817831993103
1976.1257                0.3386241793632507
1976.2076                0.3406185805797577
1976.2924                0.3414365351200104
1976.3743                0.3403641283512115
1976.4590                0.3372007608413696
1976.5410                0.3336225450038910
1976.6257                0.3317717909812927
1976.7103                0.3318707942962646
1976.7924                0.3329670131206512
1976.8771                0.3343727290630341
1976.9590                0.3355391323566437
1977.0438                0.3370698690414429
1977.1260                0.3388012647628784
1977.2054                0.3411405682563782
1977.2904                0.3420966565608978
1977.3726                0.3409831225872040
1977.4575                0.3378725051879883
1977.5397                0.3345277607440948
1977.6246                0.3323768377304077
1977.7096                0.3325787484645844
1977.7917                0.3336254358291626
1977.8767                0.3346275985240936
1977.9589                0.3358877897262573
1978.0438                0.3371896445751190
1978.1260                0.3393693864345551
1978.2054                0.3415154814720154
1978.2904                0.3423663377761841
1978.3726                0.3407540023326874
1978.4575                0.3378120660781860
1978.5397                0.3347420394420624
1978.6246                0.3329313099384308
1978.7096                0.3327459096908569
1978.7917                0.3337446749210358
1978.8767                0.3351234495639801
1978.9589                0.3362359702587128
1979.0438                0.3376936614513397
1979.1260                0.3395518958568573
1979.2054                0.3417500853538513
1979.2904                0.3424549400806427
1979.3726                0.3411915302276611
1979.4575                0.3384693264961243
1979.5397                0.3354152739048004
1979.6246                0.3338627517223358
1979.7096                0.3337617516517639
1979.7917                0.3346101641654968
1979.8767                0.3359158635139465
1979.9589                0.3368739485740662
1980.0437                0.3381356000900269
1980.1257                0.3403768539428711
1980.2076                0.3424763381481171
1980.2924                0.3435298204421997
1980.3743                0.3422344028949738
1980.4590                0.3390802145004272
1980.5410                0.3361339271068573
1980.6257                0.3340918421745300
1980.7103                0.3342548012733459
1980.7924                0.3353819847106934
1980.8771                0.3367089331150055
1980.9590                0.3377830684185028
1981.0438                0.3395140469074249
1981.1260                0.3417373597621918
1981.2054                0.3438820242881775
1981.2904                0.3453297317028046
1981.3726                0.3443241417407990
1981.4575                0.3414646685123444
1981.5397                0.3382877409458160
1981.6246                0.3363894224166870
1981.7096                0.3366396129131317
1981.7917                0.3377676904201508
1981.8767                0.3388878703117371
1981.9589                0.3398425281047821
1982.0438                0.3411925733089447
1982.1260                0.3432023823261261
1982.2054                0.3453958034515381
1982.2904                0.3462993502616882
1982.3726                0.3451886475086212
1982.4575                0.3420978486537933
1982.5397                0.3386990427970886
1982.6246                0.3368064761161804
1982.7096                0.3369787335395813
1982.7917                0.3381112515926361
1982.8767                0.3393872082233429
1982.9589                0.3404091596603394
1983.0438                0.3420430123806000
1983.1260                0.3440965414047241
1983.2054                0.3458113968372345
1983.2904                0.3468039929866791
1983.3726                0.3453989028930664
1983.4575                0.3424665033817291
1983.5397                0.3393299579620361
1983.6246                0.3374279737472534
1983.7096                0.3376447558403015
1983.7917                0.3386342227458954
1983.8767                0.3397422730922699
1983.9589                0.3409048914909363
1984.0437                0.3424215316772461
1984.1257                0.3444635272026062
1984.2076                0.3468361496925354
1984.2924                0.3479810953140259
1984.3743                0.3466871082782745
1984.4590                0.3433771431446075
1984.5410                0.3401060700416565
1984.6257                0.3383485972881317
1984.7103                0.3384580910205841
1984.7924                0.3396699130535126
1984.8771                0.3410495221614838
1984.9590                0.3422135710716248
1985.0438                0.3436626493930817
1985.1260                0.3456180989742279
1985.2054                0.3476926982402802
1985.2904                0.3489579558372498
1985.3726                0.3478007912635803
1985.4575                0.3447680473327637
1985.5397                0.3414221405982971
1985.6246                0.3394707739353180
1985.7096                0.3391367793083191
1985.7917                0.3401273488998413
1985.8767                0.3414090573787689
1985.9589                0.3424390852451324
1986.0438                0.3438144922256470
1986.1260                0.3460928499698639
1986.2054                0.3481948673725128
1986.2904                0.3489622473716736
1986.3726                0.3477270305156708
1986.4575                0.3446680903434753
1986.5397                0.3413997590541840
1986.6246                0.3393974304199219
1986.7096                0.3397294282913208
1986.7917                0.3409491479396820
1986.8767                0.3420842885971069
1986.9589                0.3429180383682251
1987.0438                0.3445048034191132
1987.1260                0.3464971482753754
1987.2054                0.3488155603408813
1987.2904                0.3496466577053070
1987.3726                0.3483769893646240
1987.4575                0.3452428281307220
1987.5397                0.3417586386203766
1987.6246                0.3401705920696259
1987.7096                0.3400765061378479
1987.7917                0.3412801921367645
1987.8767                0.3427604436874390
1987.9589                0.3440600633621216
1988.0437                0.3455062806606293
1988.1257                0.3475213348865509
1988.2076                0.3496536910533905
1988.2924                0.3506368994712830
1988.3743                0.3493419587612152
1988.4590                0.3466019034385681
1988.5410                0.3436048328876495
1988.6257                0.3417121469974518
1988.7103                0.3420412242412567
1988.7924                0.3430719375610352
1988.8771                0.3442876040935516
1988.9590                0.3454850912094116
1989.0438                0.3468689620494843
1989.1260                0.3486311137676239
1989.2054                0.3507693409919739
1989.2904                0.3520577251911163
1989.3726                0.3507165312767029
1989.4575                0.3474975228309631
1989.5397                0.3443688750267029
1989.6246                0.3424611985683441
1989.7096                0.3425175845623016
1989.7917                0.3436410129070282
1989.8767                0.3448285460472107
1989.9589                0.3458698093891144
1990.0438                0.3471862971782684
1990.1260                0.3492117226123810
1990.2054                0.3516829907894135
1990.2904                0.3527759611606598
1990.3726                0.3518363535404205
1990.4575                0.3486336171627045
1990.5397                0.3451809287071228
1990.6246                0.3431812822818756
1990.7096                0.3433836400508881
1990.7917                0.3442210853099823
1990.8767                0.3453719913959503
1990.9589                0.3464586734771729
1991.0438                0.3480274379253387
1991.1260                0.3502767682075500
1991.2054                0.3521084487438202
1991.2904                0.3531569540500641
1991.3726                0.3519956767559052
1991.4575                0.3488011360168457
1991.5397                0.3460196256637573
1991.6246                0.3443429768085480
1991.7096                0.3446801006793976
1991.7917                0.3458579778671265
1991.8767                0.3470758795738220
1991.9589                0.3481819927692413
1992.0437                0.3497616052627563
1992.1257                0.3516748547554016
1992.2076                0.3538088798522949
1992.2924                0.3548665344715118
1992.3743                0.3534597456455231
1992.4590                0.3503814935684204
1992.5410                0.3471262156963348
1992.6257                0.3453205227851868
1992.7103                0.3455444276332855
1992.7924                0.3467926383018494
1992.8771                0.3480313122272491
1992.9590                0.3492716550827026
1993.0438                0.3507334291934967
1993.1260                0.3526825606822968
1993.2054                0.3548097312450409
1993.2904                0.3559572696685791
1993.3726                0.3547243773937225
1993.4575                0.3515876829624176
1993.5397                0.3485387861728668
1993.6246                0.3467866480350494
1993.7096                0.3464892804622650
1993.7917                0.3474828898906708
1993.8767                0.3489278852939606
1993.9589                0.3500074744224548
1994.0438                0.3516535758972168
1994.1260                0.3539737164974213
1994.2054                0.3562632799148560
1994.2904                0.3573529720306396
1994.3726                0.3558968305587769
1994.4575                0.3524640500545502
1994.5397                0.3491784930229187
1994.6246                0.3476971387863159
1994.7096                0.3477492630481720
1994.7917                0.3487161993980408
1994.8767                0.3499767184257507
1994.9589                0.3515118062496185
1995.0438                0.3529393970966339
1995.1260                0.3548837900161743
1995.2054                0.3569808900356293
1995.2904                0.3581200242042542
1995.3726                0.3569435179233551
1995.4575                0.3541116118431091
1995.5397                0.3505260944366455
1995.6246                0.3488402664661407
1995.7096                0.3486412167549133
1995.7917                0.3495834767818451
1995.8767                0.3507279157638550
1995.9589                0.3518818318843842
1996.0437                0.3535180091857910
1996.1257                0.3556595146656036
1996.2076                0.3578308224678040
1996.2924                0.3586900532245636
1996.3743                0.3571513891220093
1996.4590                0.3540084064006805
1996.5410                0.3508619666099548
1996.6257                0.3490640521049500
1996.7103                0.3489411771297455
1996.7924                0.3496869802474976
1996.8771                0.3508190512657166
1996.9590                0.3517842888832092
1997.0438                0.3532665967941284
1997.1260                0.3552636504173279
1997.2054                0.3570548593997955
1997.2904                0.3580518364906311
1997.3726                0.3567817807197571
1997.4575                0.3537653088569641
1997.5397                0.3503827452659607
1997.6246                0.3486602306365967
1997.7096                0.3487578332424164
1997.7917                0.3499818742275238
1997.8767                0.3513371944427490
1997.9589                0.3523881733417511
1998.0438                0.3538519740104675
1998.1260                0.3558285534381866
1998.2054                0.3578510582447052
1998.2904                0.3588446378707886
1998.3726                0.3578104674816132
1998.4575                0.3548911213874817
1998.5397                0.3519000113010406
1998.6246                0.3503906726837158
1998.7096                0.3506171107292175
1998.7917                0.3520847856998444
1998.8767                0.3533389270305634
1998.9589                0.3545683324337006
1999.0438                0.3560425937175751
1999.1260                0.3581604361534119
1999.2054                0.3604539036750793
1999.2904                0.3610921800136566
1999.3726                0.3596200048923492
1999.4575                0.3567424416542053
1999.5397                0.3533271849155426
1999.6246                0.3516040444374084
1999.7096                0.3519304692745209
1999.7917                0.3530216813087463
1999.8767                0.3540350198745728
1999.9589                0.3550710678100586
2000.0437                0.3567192852497101
2000.1257                0.3587394654750824
2000.2076                0.3609454035758972
2000.2924                0.3620131015777588
2000.3743                0.3605736792087555
2000.4590                0.3575959503650665
2000.5410                0.3541935086250305
2000.6257                0.3523861169815063
2000.7103                0.3524023294448853
2000.7924                0.3533520996570587
2000.8771                0.3547188341617584
2000.9590                0.3560361266136169
