1850.0438                0.0001827558298828
1850.1260               -0.0000733386841603
1850.2054                0.0001011458371067
1850.2904               -0.0000865032488946
1850.3726               -0.0001389508543070
1850.4575                0.0001043515003403
1850.5397                0.0002010774187511
1850.6246                0.0002150030632038
1850.7096                0.0001089857687475
1850.7917                0.0002165597688872
1850.8767                0.0001965554256458
1850.9589                0.0001133950063377
1851.0438                0.0000952965274337
1851.1260                0.0003741466789506
1851.2054                0.0003119558095932
1851.2904                0.0004272088699508
1851.3726                0.0002364660176681
1851.4575                0.0001790703681763
1851.5397                0.0002312516007805
1851.6246                0.0002546193427406
1851.7096                0.0002833077742252
1851.7917                0.0003056704590563
1851.8767                0.0001652494102018
1851.9589                0.0000979779288173
1852.0437               -0.0001066511249519
1852.1257               -0.0000610160059296
1852.2076               -0.0000552986493858
1852.2924               -0.0000683118123561
1852.3743                0.0000531691002834
1852.4590                0.0002746981626842
1852.5410                0.0003651607839856
1852.6257                0.0003785657754634
1852.7103                0.0004809632373508
1852.7924                0.0003098538145423
1852.8771                0.0005781580694020
1852.9590                0.0007120118243620
1853.0438                0.0007319554570131
1853.1260                0.0006851938087493
1853.2054                0.0005311668501236
1853.2904                0.0001889764243970
1853.3726                0.0001326933415839
1853.4575               -0.0000018893524611
1853.5397               -0.0000423904457421
1853.6246               -0.0001118610016420
1853.7096                0.0000268893509201
1853.7917               -0.0001489358546678
1853.8767               -0.0002998092386406
1853.9589               -0.0001977628126042
1854.0438               -0.0002172645472456
1854.1260               -0.0001291655498790
1854.2054                0.0000475000342703
1854.2904                0.0002377461059950
1854.3726                0.0002920695696957
1854.4575                0.0003514817508403
1854.5397                0.0006124677020125
1854.6246                0.0006688433350064
1854.7096                0.0006959666498005
1854.7917                0.0007865137304179
1854.8767                0.0008411919116043
1854.9589                0.0006971596740186
1855.0438                0.0005978468107060
1855.1260                0.0003520213067532
1855.2054                0.0003448773641139
1855.2904                0.0001220221165568
1855.3726                0.0001033803127939
1855.4575               -0.0000034947788663
1855.5397                0.0001315684494330
1855.6246                0.0002131996734533
1855.7096                0.0002536352840252
1855.7917                0.0000745685319998
1855.8767                0.0001317016285611
1855.9589                0.0001846259256126
1856.0437                0.0002989056229126
1856.1257                0.0000201119692065
1856.2076                0.0001831860718084
1856.2924                0.0003754116187338
1856.3743                0.0003145574883092
1856.4590                0.0003594035224523
1856.5410                0.0003889177460223
1856.6257                0.0002488035243005
1856.7103                0.0005498020327650
1856.7924                0.0005687528755516
1856.8771                0.0007183427806012
1856.9590                0.0004962230450474
1857.0438                0.0004146489081904
1857.1260                0.0003205898392480
1857.2054                0.0003096185100731
1857.2904               -0.0002783346862998
1857.3726               -0.0002482132113073
1857.4575               -0.0003062011965085
1857.5397               -0.0002369979774812
1857.6246               -0.0001654615625739
1857.7096               -0.0002027562441071
1857.7917               -0.0003530733811203
1857.8767               -0.0000909630762180
1857.9589                0.0000086636528067
1858.0438                0.0002820973750204
1858.1260               -0.0000193220766960
1858.2054               -0.0000455468580185
1858.2904               -0.0002723975048866
1858.3726               -0.0002590410003904
1858.4575               -0.0001735906844260
1858.5397               -0.0000806060415925
1858.6246               -0.0000138611048897
1858.7096                0.0001912279549288
1858.7917               -0.0000245018145506
1858.8767                0.0003593458095565
1858.9589                0.0002489365579095
1859.0438                0.0002622623578645
1859.1260                0.0002423978439765
1859.2054                0.0002860942040570
1859.2904                0.0002146141050616
1859.3726                0.0000511134021508
1859.4575               -0.0000442471791757
1859.5397               -0.0000220544716285
1859.6246               -0.0001063484451151
1859.7096               -0.0001137796789408
1859.7917               -0.0000814121303847
1859.8767                0.0000509766286996
1859.9589                0.0001261959259864
1860.0437                0.0004717182309832
1860.1257                0.0009704338153824
1860.2076                0.0009942871984094
1860.2924                0.0007009610999376
1860.3743                0.0003646894765552
1860.4590                0.0004301317094360
1860.5410                0.0004938432248309
1860.6257                0.0006523751653731
1860.7103                0.0008920324034989
1860.7924                0.0008316435269080
1860.8771                0.0005687688826583
1860.9590                0.0004112171009183
1861.0438                0.0008697099983692
1861.1260                0.0011781902285293
1861.2054                0.0013642233097926
1861.2904                0.0013581352541223
1861.3726                0.0012548166560009
1861.4575                0.0013694372028112
1861.5397                0.0012798405950889
1861.6246                0.0011997277615592
1861.7096                0.0014159841230139
1861.7917                0.0016887558158487
1861.8767                0.0015338289085776
1861.9589                0.0013707212638110
1862.0438                0.0010652345372364
1862.1260                0.0011616126867011
1862.2054                0.0011270680697635
1862.2904                0.0013160220114514
1862.3726                0.0010307971388102
1862.4575                0.0010402797488496
1862.5397                0.0011856416240335
1862.6246                0.0012964223278686
1862.7096                0.0012868017656729
1862.7917                0.0012824985897169
1862.8767                0.0015381524572149
1862.9589                0.0014998643891886
1863.0438                0.0015453574014828
1863.1260                0.0016526664840057
1863.2054                0.0018052246887237
1863.2904                0.0017355968011543
1863.3726                0.0016569833969697
1863.4575                0.0016572949243709
1863.5397                0.0015038199489936
1863.6246                0.0013405191712081
1863.7096                0.0013749962672591
1863.7917                0.0014751499984413
1863.8767                0.0017089322209358
1863.9589                0.0015432325890288
1864.0437                0.0015777985099703
1864.1257                0.0012988324742764
1864.2076                0.0011585771571845
1864.2924                0.0012755574425682
1864.3743                0.0012156073935330
1864.4590                0.0010218431707472
1864.5410                0.0010248787002638
1864.6257                0.0010337283601984
1864.7103                0.0011169956997037
1864.7924                0.0013661135453731
1864.8771                0.0013634829083458
1864.9590                0.0015629744157195
1865.0438                0.0016700866399333
1865.1260                0.0016752149676904
1865.2054                0.0016604526899755
1865.2904                0.0017812073929235
1865.3726                0.0017159119015560
1865.4575                0.0017995900707319
1865.5397                0.0017959396354854
1865.6246                0.0020392485894263
1865.7096                0.0020058706868440
1865.7917                0.0019514111336321
1865.8767                0.0021658209152520
1865.9589                0.0021491057705134
1866.0438                0.0021076365374029
1866.1260                0.0022650822065771
1866.2054                0.0020698700100183
1866.2904                0.0020331591367722
1866.3726                0.0017632616218179
1866.4575                0.0016759963473305
1866.5397                0.0015037162229419
1866.6246                0.0018286132253706
1866.7096                0.0017406838014722
1866.7917                0.0018917112611234
1866.8767                0.0018221678910777
1866.9589                0.0018463996239007
1867.0438                0.0021463911980391
1867.1260                0.0024034485686570
1867.2054                0.0025837414432317
1867.2904                0.0024405347649008
1867.3726                0.0024359459057450
1867.4575                0.0023700133897364
1867.5397                0.0022391132079065
1867.6246                0.0021116514690220
1867.7096                0.0020180512219667
1867.7917                0.0018835478695109
1867.8767                0.0019549315329641
1867.9589                0.0019632540643215
1868.0437                0.0021099566947669
1868.1257                0.0023618338163942
1868.2076                0.0024518510326743
1868.2924                0.0023776048328727
1868.3743                0.0021458282135427
1868.4590                0.0020073577761650
1868.5410                0.0019444040954113
1868.6257                0.0018965118797496
1868.7103                0.0022761230356991
1868.7924                0.0019451795378700
1868.8771                0.0017534568905830
1868.9590                0.0017335023730993
1869.0438                0.0019674641080201
1869.1260                0.0020482884719968
1869.2054                0.0017079381505027
1869.2904                0.0015468113124371
1869.3726                0.0018015964888036
1869.4575                0.0019327842164785
1869.5397                0.0016877220477909
1869.6246                0.0017001855885610
1869.7096                0.0017531395424157
1869.7917                0.0017641087761149
1869.8767                0.0019024156499654
1869.9589                0.0018390755867586
1870.0438                0.0019178072689101
1870.1260                0.0018108495278284
1870.2054                0.0018041160656139
1870.2904                0.0020323847420514
1870.3726                0.0021311910822988
1870.4575                0.0019870682153851
1870.5397                0.0020895919296890
1870.6246                0.0020677051506937
1870.7096                0.0019304155139253
1870.7917                0.0017132934881374
1870.8767                0.0019420713651925
1870.9589                0.0019310162169859
1871.0438                0.0020375496242195
1871.1260                0.0018397719832137
1871.2054                0.0016360536683351
1871.2904                0.0014336243038997
1871.3726                0.0017527764430270
1871.4575                0.0017526327865198
1871.5397                0.0016801879974082
1871.6246                0.0015741037204862
1871.7096                0.0016899320762604
1871.7917                0.0014907040167600
1871.8767                0.0016978306230158
1871.9589                0.0019166665151715
1872.0437                0.0019607492722571
1872.1257                0.0018569288076833
1872.2076                0.0019948882982135
1872.2924                0.0017568924231455
1872.3743                0.0019894656725228
1872.4590                0.0018722198437899
1872.5410                0.0017191531369463
1872.6257                0.0019094637827948
1872.7103                0.0018504805630073
1872.7924                0.0020763250067830
1872.8771                0.0021039447747171
1872.9590                0.0019916717428714
1873.0438                0.0017714670393616
1873.1260                0.0018854369409382
1873.2054                0.0018885897006840
1873.2904                0.0016389631200582
1873.3726                0.0016235416987911
1873.4575                0.0016516114119440
1873.5397                0.0015412694774568
1873.6246                0.0016383646288887
1873.7096                0.0017819410422817
1873.7917                0.0017144547309726
1873.8767                0.0018640336347744
1873.9589                0.0016808513319120
1874.0438                0.0014696039725095
1874.1260                0.0018307416466996
1874.2054                0.0017659117002040
1874.2904                0.0020185906905681
1874.3726                0.0018481287406757
1874.4575                0.0018530635861680
1874.5397                0.0017135085072368
1874.6246                0.0016758254496381
1874.7096                0.0015230637509376
1874.7917                0.0013426113873720
1874.8767                0.0016117134364322
1874.9589                0.0019452780252323
1875.0438                0.0019168969010934
1875.1260                0.0017176219262183
1875.2054                0.0019466564990580
1875.2904                0.0020671179518104
1875.3726                0.0022118326742202
1875.4575                0.0022927329409868
1875.5397                0.0024175597354770
1875.6246                0.0025078533217311
1875.7096                0.0023795336019248
1875.7917                0.0020744297653437
1875.8767                0.0022922970820218
1875.9589                0.0023027732968330
1876.0437                0.0024933710228652
1876.1257                0.0025115844327956
1876.2076                0.0024151299148798
1876.2924                0.0024964474141598
1876.3743                0.0027748337015510
1876.4590                0.0029108489397913
1876.5410                0.0028968076221645
1876.6257                0.0030122566968203
1876.7103                0.0029793020803481
1876.7924                0.0026609632186592
1876.8771                0.0023815634194762
1876.9590                0.0025396945420653
1877.0438                0.0026900207158178
1877.1260                0.0030193042475730
1877.2054                0.0026756806764752
1877.2904                0.0023554025683552
1877.3726                0.0023540125694126
1877.4575                0.0026474189944565
1877.5397                0.0027162965852767
1877.6246                0.0028002383187413
1877.7096                0.0028629205189645
1877.7917                0.0028860336169600
1877.8767                0.0029784357175231
1877.9589                0.0027003383729607
1878.0438                0.0023001392837614
1878.1260                0.0023272910621017
1878.2054                0.0022910321131349
1878.2904                0.0023899108637124
1878.3726                0.0024297698400915
1878.4575                0.0026206499896944
1878.5397                0.0027076250407845
1878.6246                0.0026849017012864
1878.7096                0.0026219873689115
1878.7917                0.0024862592108548
1878.8767                0.0027005760930479
1878.9589                0.0026292675174773
1879.0438                0.0025987010449171
1879.1260                0.0026312312111259
1879.2054                0.0025314379017800
1879.2904                0.0026132685597986
1879.3726                0.0025919482577592
1879.4575                0.0029093772172928
1879.5397                0.0027690085116774
1879.6246                0.0028195150662214
1879.7096                0.0029164873994887
1879.7917                0.0029618863482028
1879.8767                0.0026535782963037
1879.9589                0.0027014142833650
1880.0437                0.0025846662465483
1880.1257                0.0027334461919963
1880.2076                0.0026727945078164
1880.2924                0.0023810931015760
1880.3743                0.0024900743737817
1880.4590                0.0027601358015090
1880.5410                0.0029077210929245
1880.6257                0.0028844650369138
1880.7103                0.0030248481780291
1880.7924                0.0030358282383531
1880.8771                0.0027893015649170
1880.9590                0.0028945636004210
1881.0438                0.0028890201356262
1881.1260                0.0032382379285991
1881.2054                0.0033289273269475
1881.2904                0.0031844540499151
1881.3726                0.0034517843741924
1881.4575                0.0031129801645875
1881.5397                0.0029758566524833
1881.6246                0.0029757006559521
1881.7096                0.0029801805503666
1881.7917                0.0028973289299756
1881.8767                0.0029286032076925
1881.9589                0.0030304607935250
1882.0438                0.0032829432748258
1882.1260                0.0035717869177461
1882.2054                0.0031893511768430
1882.2904                0.0031510831322521
1882.3726                0.0034454704727978
1882.4575                0.0032334486022592
1882.5397                0.0031760795973241
1882.6246                0.0031846647616476
1882.7096                0.0030755312182009
1882.7917                0.0030802560504526
1882.8767                0.0030852057971060
1882.9589                0.0032945058774203
1883.0438                0.0034440725576133
1883.1260                0.0033613047562540
1883.2054                0.0034953339491040
1883.2904                0.0033339103683829
1883.3726                0.0035567046143115
1883.4575                0.0035155441146344
1883.5397                0.0034324051812291
1883.6246                0.0032216662075371
1883.7096                0.0030106899794191
1883.7917                0.0028059494215995
1883.8767                0.0030371882021427
1883.9589                0.0032889342401177
1884.0437                0.0033822171390057
1884.1257                0.0032371764536947
1884.2076                0.0031124646775424
1884.2924                0.0034153105225414
1884.3743                0.0033276395406574
1884.4590                0.0033185156062245
1884.5410                0.0033814499620348
1884.6257                0.0032322597689927
1884.7103                0.0032907493878156
1884.7924                0.0032811202108860
1884.8771                0.0037337690591812
1884.9590                0.0036578418221325
1885.0438                0.0033358684740961
1885.1260                0.0033624696079642
1885.2054                0.0036168543156236
1885.2904                0.0036047897301614
1885.3726                0.0035981193650514
1885.4575                0.0037249790038913
1885.5397                0.0038593546487391
1885.6246                0.0037115374580026
1885.7096                0.0037953965365887
1885.7917                0.0037471053656191
1885.8767                0.0039679231122136
1885.9589                0.0037172238808125
1886.0438                0.0033378538209945
1886.1260                0.0036847966257483
1886.2054                0.0034106269013137
1886.2904                0.0033321974333376
1886.3726                0.0032578224781901
1886.4575                0.0031332804355770
1886.5397                0.0032320048194379
1886.6246                0.0032111199107021
1886.7096                0.0031233301851898
1886.7917                0.0029619859997183
1886.8767                0.0029619601555169
1886.9589                0.0029599273111671
1887.0438                0.0028994095046073
1887.1260                0.0029652290977538
1887.2054                0.0030586472712457
1887.2904                0.0029441921506077
1887.3726                0.0030618240125477
1887.4575                0.0030001732520759
1887.5397                0.0032817372120917
1887.6246                0.0031626010313630
1887.7096                0.0032314478885382
1887.7917                0.0030374864581972
1887.8767                0.0031717300880700
1887.9589                0.0031730346381664
1888.0437                0.0034591506700963
1888.1257                0.0036988062784076
1888.2076                0.0036104146856815
1888.2924                0.0036512045189738
1888.3743                0.0036144924815744
1888.4590                0.0037045199424028
1888.5410                0.0036672733258456
1888.6257                0.0037577762268484
1888.7103                0.0037207535933703
1888.7924                0.0034829827491194
1888.8771                0.0033547133207321
1888.9590                0.0033012449275702
1889.0438                0.0032258420251310
1889.1260                0.0032097673974931
1889.2054                0.0032993089407682
1889.2904                0.0029404386878014
1889.3726                0.0030615911819041
1889.4575                0.0028637237846851
1889.5397                0.0030003644060344
1889.6246                0.0029957287479192
1889.7096                0.0033558441791683
1889.7917                0.0033827861770988
1889.8767                0.0033037709072232
1889.9589                0.0031280925031751
1890.0438                0.0028210941236466
1890.1260                0.0029931657481939
1890.2054                0.0031128453556448
1890.2904                0.0030219035688788
1890.3726                0.0031882203184068
1890.4575                0.0032563640270382
1890.5397                0.0033923967275769
1890.6246                0.0035562738776207
1890.7096                0.0035011665895581
1890.7917                0.0034694795031101
1890.8767                0.0033963315654546
1890.9589                0.0035805585794151
1891.0438                0.0036902057472616
1891.1260                0.0037046910729259
1891.2054                0.0037115816958249
1891.2904                0.0038084972184151
1891.3726                0.0040404624305665
1891.4575                0.0039178780280054
1891.5397                0.0041183996945620
1891.6246                0.0040811281651258
1891.7096                0.0039997571147978
1891.7917                0.0039355987682939
1891.8767                0.0037136303726584
1891.9589                0.0038518493529409
1892.0437                0.0039975307881832
1892.1257                0.0040297196246684
1892.2076                0.0039724642410874
1892.2924                0.0041689453646541
1892.3743                0.0040050772950053
1892.4590                0.0040103909559548
1892.5410                0.0040994957089424
1892.6257                0.0040758759714663
1892.7103                0.0041010221466422
1892.7924                0.0039568087086082
1892.8771                0.0039748521521688
1892.9590                0.0039510652422905
1893.0438                0.0039407024160028
1893.1260                0.0033777926582843
1893.2054                0.0034192733000964
1893.2904                0.0032277442514896
1893.3726                0.0031685223802924
1893.4575                0.0033114119432867
1893.5397                0.0034704566933215
1893.6246                0.0034859888255596
1893.7096                0.0036738526541740
1893.7917                0.0037504578940570
1893.8767                0.0038613276556134
1893.9589                0.0040751742199063
1894.0438                0.0040048426017165
1894.1260                0.0038143943529576
1894.2054                0.0040283137932420
1894.2904                0.0042495517991483
1894.3726                0.0043216631747782
1894.4575                0.0043789497576654
1894.5397                0.0044017960317433
1894.6246                0.0044173272326589
1894.7096                0.0044804192148149
1894.7917                0.0046482849866152
1894.8767                0.0044837328605354
1894.9589                0.0046954490244389
1895.0438                0.0048590204678476
1895.1260                0.0049377637915313
1895.2054                0.0052141887135804
1895.2904                0.0050655365921557
1895.3726                0.0048987376503646
1895.4575                0.0049439975991845
1895.5397                0.0050165234133601
1895.6246                0.0048764692619443
1895.7096                0.0049432567320764
1895.7917                0.0047877668403089
1895.8767                0.0047070374712348
1895.9589                0.0045069456100464
1896.0437                0.0045261569321156
1896.1257                0.0047111115418375
1896.2076                0.0052803382277489
1896.2924                0.0052236849442124
1896.3743                0.0052430820651352
1896.4590                0.0054063047282398
1896.5410                0.0054936115629971
1896.6257                0.0055820127017796
1896.7103                0.0057149203494191
1896.7924                0.0058098291046917
1896.8771                0.0055929399095476
1896.9590                0.0058949287049472
1897.0438                0.0062059164047241
1897.1260                0.0059126177802682
1897.2054                0.0058754510246217
1897.2904                0.0057374858297408
1897.3726                0.0058338735252619
1897.4575                0.0057737436145544
1897.5397                0.0055321208201349
1897.6246                0.0054238187149167
1897.7096                0.0055159488692880
1897.7917                0.0055928565561771
1897.8767                0.0056787789799273
1897.9589                0.0053720879368484
1898.0438                0.0050501436926425
1898.1260                0.0048721604980528
1898.2054                0.0050458949990571
1898.2904                0.0051484773866832
1898.3726                0.0051964344456792
1898.4575                0.0051391897723079
1898.5397                0.0051649273373187
1898.6246                0.0049533070996404
1898.7096                0.0049948031082749
1898.7917                0.0050809131935239
1898.8767                0.0051137404516339
1898.9589                0.0054586878977716
1899.0438                0.0056506819091737
1899.1260                0.0055897929705679
1899.2054                0.0057067973539233
1899.2904                0.0059582078829408
1899.3726                0.0058290017768741
1899.4575                0.0056219859980047
1899.5397                0.0057560228742659
1899.6246                0.0057886219583452
1899.7096                0.0056733931414783
1899.7917                0.0057335542514920
1899.8767                0.0056178285740316
1899.9589                0.0059547047130764
1900.0438                0.0057689463719726
1900.1260                0.0056842719204724
1900.2054                0.0055744070559740
1900.2904                0.0057052043266594
1900.3726                0.0058285947889090
1900.4575                0.0056416126899421
1900.5397                0.0059187193401158
1900.6246                0.0061522666364908
1900.7096                0.0058995643630624
1900.7917                0.0058303843252361
1900.8767                0.0057798731140792
1900.9589                0.0058725774288177
1901.0438                0.0058389310725033
1901.1260                0.0057588578201830
1901.2054                0.0057624671608210
1901.2904                0.0059253107756376
1901.3726                0.0060069160535932
1901.4575                0.0060227168723941
1901.5397                0.0058738784864545
1901.6246                0.0058254008181393
1901.7096                0.0057645249180496
1901.7917                0.0055304248817265
1901.8767                0.0054687513038516
1901.9589                0.0056958030909300
1902.0438                0.0057142544537783
1902.1260                0.0057901060208678
1902.2054                0.0058785947039723
1902.2904                0.0063392175361514
1902.3726                0.0062898229807615
1902.4575                0.0063542737625539
1902.5397                0.0063067260198295
1902.6246                0.0062963245436549
1902.7096                0.0062345694750547
1902.7917                0.0059274611994624
1902.8767                0.0058513642288744
1902.9589                0.0059365150518715
1903.0438                0.0059981602244079
1903.1260                0.0058876564726233
1903.2054                0.0060865622945130
1903.2904                0.0063049299642444
1903.3726                0.0063234614208341
1903.4575                0.0061727170832455
1903.5397                0.0061095203272998
1903.6246                0.0059914654120803
1903.7096                0.0060653393156826
1903.7917                0.0063087888993323
1903.8767                0.0060566784814000
1903.9589                0.0062495307065547
1904.0437                0.0063498090021312
1904.1257                0.0063769910484552
1904.2076                0.0065660495311022
1904.2924                0.0066410787403584
1904.3743                0.0069345645606518
1904.4590                0.0067361625842750
1904.5410                0.0066767116077244
1904.6257                0.0065243276767433
1904.7103                0.0065709315240383
1904.7924                0.0066327904351056
1904.8771                0.0065604909323156
1904.9590                0.0070513333193958
1905.0438                0.0069819688796997
1905.1260                0.0073224608786404
1905.2054                0.0073832273483276
1905.2904                0.0076161539182067
1905.3726                0.0076218205504119
1905.4575                0.0075543122366071
1905.5397                0.0074485838413239
1905.6246                0.0073435376398265
1905.7096                0.0072599905543029
1905.7917                0.0074413157999516
1905.8767                0.0075020082294941
1905.9589                0.0075149312615395
1906.0438                0.0072903623804450
1906.1260                0.0071968464180827
1906.2054                0.0071228574961424
1906.2904                0.0070067849010229
1906.3726                0.0071839326992631
1906.4575                0.0071057816967368
1906.5397                0.0070821144618094
1906.6246                0.0070535046979785
1906.7096                0.0069740759208798
1906.7917                0.0071173324249685
1906.8767                0.0071807806380093
1906.9589                0.0071612410247326
1907.0438                0.0072623593732715
1907.1260                0.0071934233419597
1907.2054                0.0073568569496274
1907.2904                0.0073154573328793
1907.3726                0.0072618168778718
1907.4575                0.0073391464538872
1907.5397                0.0073345322161913
1907.6246                0.0076402262784541
1907.7096                0.0076090716756880
1907.7917                0.0074580223299563
1907.8767                0.0076675284653902
1907.9589                0.0079061873257160
1908.0437                0.0081312442198396
1908.1257                0.0082023143768311
1908.2076                0.0083813425153494
1908.2924                0.0084173521026969
1908.3743                0.0083703761920333
1908.4590                0.0083239544183016
1908.5410                0.0083642378449440
1908.6257                0.0082691945135593
1908.7103                0.0079816570505500
1908.7924                0.0080400500446558
1908.8771                0.0078969700261950
1908.9590                0.0082125626504421
1909.0438                0.0084407525137067
1909.1260                0.0085421483963728
1909.2054                0.0087303621694446
1909.2904                0.0089410422369838
1909.3726                0.0088455332443118
1909.4575                0.0089517226442695
1909.5397                0.0090120993554592
1909.6246                0.0089582409709692
1909.7096                0.0090269064530730
1909.7917                0.0088883182033896
1909.8767                0.0091450195759535
1909.9589                0.0091335503384471
1910.0438                0.0094760842621326
1910.1260                0.0095660043880343
1910.2054                0.0097585972398520
1910.2904                0.0097134169191122
1910.3726                0.0099579198285937
1910.4575                0.0099067827686667
1910.5397                0.0099138477817178
1910.6246                0.0099458582699299
1910.7096                0.0099582895636559
1910.7917                0.0097881322726607
1910.8767                0.0096610533073545
1910.9589                0.0097652627155185
1911.0438                0.0099506042897701
1911.1260                0.0100313657894731
1911.2054                0.0097552491351962
1911.2904                0.0099246473982930
1911.3726                0.0098863067105412
1911.4575                0.0097383661195636
1911.5397                0.0096281357109547
1911.6246                0.0096209999173880
1911.7096                0.0095370458438993
1911.7917                0.0093142464756966
1911.8767                0.0093441586941481
1911.9589                0.0094128539785743
1912.0437                0.0095838643610477
1912.1257                0.0093860281631351
1912.2076                0.0090761855244637
1912.2924                0.0092877512797713
1912.3743                0.0093575492501259
1912.4590                0.0092692468315363
1912.5410                0.0093774031847715
1912.6257                0.0094839548692107
1912.7103                0.0094197317957878
1912.7924                0.0096868891268969
1912.8771                0.0098826494067907
1912.9590                0.0100671928375959
1913.0438                0.0101226922124624
1913.1260                0.0098278205841780
1913.2054                0.0097153410315514
1913.2904                0.0096817901358008
1913.3726                0.0097396215423942
1913.4575                0.0096757765859365
1913.5397                0.0094754174351692
1913.6246                0.0094954231753945
1913.7096                0.0093922493979335
1913.7917                0.0094755711033940
1913.8767                0.0097207883372903
1913.9589                0.0100897606462240
1914.0438                0.0101297358050942
1914.1260                0.0102338604629040
1914.2054                0.0103442482650280
1914.2904                0.0103715946897864
1914.3726                0.0104282498359680
1914.4575                0.0104007050395012
1914.5397                0.0104260789230466
1914.6246                0.0103354463353753
1914.7096                0.0102279065176845
1914.7917                0.0102349463850260
1914.8767                0.0103917755186558
1914.9589                0.0104778995737433
1915.0438                0.0105015076696873
1915.1260                0.0106285260990262
1915.2054                0.0106483008712530
1915.2904                0.0107436133548617
1915.3726                0.0107825165614486
1915.4575                0.0109791038557887
1915.5397                0.0108366804197431
1915.6246                0.0107989003881812
1915.7096                0.0107492329552770
1915.7917                0.0107714245095849
1915.8767                0.0107835028320551
1915.9589                0.0106967007741332
1916.0437                0.0103138191625476
1916.1257                0.0103473737835884
1916.2076                0.0106029268354177
1916.2924                0.0104964273050427
1916.3743                0.0104803331196308
1916.4590                0.0105670392513275
1916.5410                0.0106282792985439
1916.6257                0.0103636393323541
1916.7103                0.0103710107505322
1916.7924                0.0107710836455226
1916.8771                0.0108254803344607
1916.9590                0.0110617652535439
1917.0438                0.0107029769569635
1917.1260                0.0107757160440087
1917.2054                0.0103835547342896
1917.2904                0.0104418713599443
1917.3726                0.0105153117328882
1917.4575                0.0107830874621868
1917.5397                0.0106965098530054
1917.6246                0.0106755085289478
1917.7096                0.0106380274519324
1917.7917                0.0105896014720201
1917.8767                0.0106433695182204
1917.9589                0.0104840649291873
1918.0438                0.0106983631849289
1918.1260                0.0106389336287975
1918.2054                0.0103619080036879
1918.2904                0.0103260148316622
1918.3726                0.0101668816059828
1918.4575                0.0101808533072472
1918.5397                0.0101722246035933
1918.6246                0.0099372612312436
1918.7096                0.0099170375615358
1918.7917                0.0099073210731149
1918.8767                0.0101763242855668
1918.9589                0.0098692327737808
1919.0438                0.0096981180831790
1919.1260                0.0095653496682644
1919.2054                0.0096904356032610
1919.2904                0.0097192861139774
1919.3726                0.0100915199145675
1919.4575                0.0102766817435622
1919.5397                0.0103404000401497
1919.6246                0.0102464845404029
1919.7096                0.0103980014100671
1919.7917                0.0102380942553282
1919.8767                0.0103059699758887
1919.9589                0.0100569454953074
1920.0437                0.0102553730830550
1920.1257                0.0100570656359196
1920.2076                0.0100709898397326
1920.2924                0.0102275554090738
1920.3743                0.0103349797427654
1920.4590                0.0100957117974758
1920.5410                0.0101843476295471
1920.6257                0.0102980388328433
1920.7103                0.0103846918791533
1920.7924                0.0106061631813645
1920.8771                0.0105841364711523
1920.9590                0.0105454120784998
1921.0438                0.0104676708579063
1921.1260                0.0102795297279954
1921.2054                0.0104701304808259
1921.2904                0.0105780689045787
1921.3726                0.0106340376660228
1921.4575                0.0108744436874986
1921.5397                0.0109876645728946
1921.6246                0.0113338343799114
1921.7096                0.0113827837631106
1921.7917                0.0112723931670189
1921.8767                0.0115457456558943
1921.9589                0.0113690234720707
1922.0438                0.0115699432790279
1922.1260                0.0114741809666157
1922.2054                0.0113570019602776
1922.2904                0.0111763412132859
1922.3726                0.0113914748653769
1922.4575                0.0115336971357465
1922.5397                0.0116376364603639
1922.6246                0.0113907353952527
1922.7096                0.0113783245906234
1922.7917                0.0114809116348624
1922.8767                0.0117816487327218
1922.9589                0.0119155449792743
1923.0438                0.0121291466057301
1923.1260                0.0121078956872225
1923.2054                0.0117595074698329
1923.2904                0.0118007073178887
1923.3726                0.0117661189287901
1923.4575                0.0119224600493908
1923.5397                0.0118329077959061
1923.6246                0.0116998963057995
1923.7096                0.0116754341870546
1923.7917                0.0116319721564651
1923.8767                0.0116553567349911
1923.9589                0.0115035297349095
1924.0437                0.0113265207037330
1924.1257                0.0112442709505558
1924.2076                0.0115397423505783
1924.2924                0.0116597414016724
1924.3743                0.0114635797217488
1924.4590                0.0114524997770786
1924.5410                0.0114809349179268
1924.6257                0.0116485012695193
1924.7103                0.0115321567282081
1924.7924                0.0114733185619116
1924.8771                0.0114995297044516
1924.9590                0.0116583835333586
1925.0438                0.0120238177478313
1925.1260                0.0121279964223504
1925.2054                0.0121764363721013
1925.2904                0.0123155722394586
1925.3726                0.0122203165665269
1925.4575                0.0120899816974998
1925.5397                0.0120627749711275
1925.6246                0.0118505898863077
1925.7096                0.0119374124333262
1925.7917                0.0121356733143330
1925.8767                0.0116778817027807
1925.9589                0.0119447587057948
1926.0438                0.0119975572451949
1926.1260                0.0123330522328615
1926.2054                0.0124450586736202
1926.2904                0.0124498745426536
1926.3726                0.0126213002949953
1926.4575                0.0127202654257417
1926.5397                0.0126870684325695
1926.6246                0.0126111684367061
1926.7096                0.0127387223765254
1926.7917                0.0126483002677560
1926.8767                0.0129262693226337
1926.9589                0.0128483921289444
1927.0438                0.0129822511225939
1927.1260                0.0132554844021797
1927.2054                0.0132173346355557
1927.2904                0.0136388605460525
1927.3726                0.0137869948521256
1927.4575                0.0137005494907498
1927.5397                0.0134970275685191
1927.6246                0.0133967492729425
1927.7096                0.0135967815294862
1927.7917                0.0137928556650877
1927.8767                0.0136824594810605
1927.9589                0.0135868852958083
1928.0437                0.0138805499300361
1928.1257                0.0139929754659534
1928.2076                0.0140332486480474
1928.2924                0.0140070347115397
1928.3743                0.0139742195606232
1928.4590                0.0136954309418797
1928.5410                0.0137881152331829
1928.6257                0.0138746546581388
1928.7103                0.0138478521257639
1928.7924                0.0137779172509909
1928.8771                0.0136622302234173
1928.9590                0.0138746965676546
1929.0438                0.0139233674854040
1929.1260                0.0141776753589511
1929.2054                0.0140206385403872
1929.2904                0.0141962096095085
1929.3726                0.0143559230491519
1929.4575                0.0140405753627419
1929.5397                0.0141159873455763
1929.6246                0.0141081744804978
1929.7096                0.0142702953889966
1929.7917                0.0142882447689772
1929.8767                0.0140149565413594
1929.9589                0.0140019953250885
1930.0438                0.0140746999531984
1930.1260                0.0141246682032943
1930.2054                0.0140557587146759
1930.2904                0.0141144180670381
1930.3726                0.0141984475776553
1930.4575                0.0140091869980097
1930.5397                0.0140210855752230
1930.6246                0.0140310395509005
1930.7096                0.0139721529558301
1930.7917                0.0140068847686052
1930.8767                0.0141528882086277
1930.9589                0.0143586341291666
1931.0438                0.0143908495083451
1931.1260                0.0144673483446240
1931.2054                0.0145956641063094
1931.2904                0.0145679386332631
1931.3726                0.0148409092798829
1931.4575                0.0147797279059887
1931.5397                0.0147660365328193
1931.6246                0.0143534373492002
1931.7096                0.0142045440152287
1931.7917                0.0142979966476560
1931.8767                0.0142555944621563
1931.9589                0.0141609869897366
1932.0437                0.0144020561128855
1932.1257                0.0144133027642965
1932.2076                0.0143457064405084
1932.2924                0.0146439112722874
1932.3743                0.0147170340642333
1932.4590                0.0147602260112762
1932.5410                0.0148083223029971
1932.6257                0.0147757166996598
1932.7103                0.0148743418976665
1932.7924                0.0150105608627200
1932.8771                0.0149966254830360
1932.9590                0.0150300413370132
1933.0438                0.0153352282941341
1933.1260                0.0151358116418123
1933.2054                0.0152545813471079
1933.2904                0.0154794473201036
1933.3726                0.0157927777618170
1933.4575                0.0157173629850149
1933.5397                0.0155102694407105
1933.6246                0.0153213124722242
1933.7096                0.0153089305385947
1933.7917                0.0154259400442243
1933.8767                0.0153647195547819
1933.9589                0.0153798433020711
1934.0438                0.0153494756668806
1934.1260                0.0158219877630472
1934.2054                0.0157309751957655
1934.2904                0.0159247312694788
1934.3726                0.0160470306873322
1934.4575                0.0160442888736725
1934.5397                0.0161258224397898
1934.6246                0.0159050021320581
1934.7096                0.0157399252057076
1934.7917                0.0159821454435587
1934.8767                0.0161154903471470
1934.9589                0.0161767248064280
1935.0438                0.0163222085684538
1935.1260                0.0161754041910172
1935.2054                0.0160814728587866
1935.2904                0.0164739210158587
1935.3726                0.0166767518967390
1935.4575                0.0167823079973459
1935.5397                0.0166240725666285
1935.6246                0.0164506342262030
1935.7096                0.0164104439318180
1935.7917                0.0164125878363848
1935.8767                0.0166480187326670
1935.9589                0.0164400637149811
1936.0437                0.0162795670330524
1936.1257                0.0161505341529846
1936.2076                0.0160747636109591
1936.2924                0.0161025803536177
1936.3743                0.0159990210086107
1936.4590                0.0162171013653278
1936.5410                0.0161931663751602
1936.6257                0.0163520704954863
1936.7103                0.0165240354835987
1936.7924                0.0164733678102493
1936.8771                0.0167271476238966
1936.9590                0.0166528951376677
1937.0438                0.0169257707893848
1937.1260                0.0173103455454111
1937.2054                0.0172880776226521
1937.2904                0.0172888766974211
1937.3726                0.0176771245896816
1937.4575                0.0177423264831305
1937.5397                0.0178472604602575
1937.6246                0.0180565137416124
1937.7096                0.0179600846022367
1937.7917                0.0179154984652996
1937.8767                0.0177443679422140
1937.9589                0.0176102798432112
1938.0438                0.0174825079739094
1938.1260                0.0172721352428198
1938.2054                0.0174947120249271
1938.2904                0.0176976099610329
1938.3726                0.0179778952151537
1938.4575                0.0180657338351011
1938.5397                0.0179184321314096
1938.6246                0.0178767293691635
1938.7096                0.0177515931427479
1938.7917                0.0176143944263458
1938.8767                0.0178188662976027
1938.9589                0.0175566077232361
1939.0438                0.0176903549581766
1939.1260                0.0182149708271027
1939.2054                0.0183428246527910
1939.2904                0.0184337869286537
1939.3726                0.0184371173381805
1939.4575                0.0184169616550207
1939.5397                0.0184282530099154
1939.6246                0.0184246171265841
1939.7096                0.0185410901904106
1939.7917                0.0186346750706434
1939.8767                0.0187963228672743
1939.9589                0.0188243668526411
1940.0437                0.0188644863665104
1940.1257                0.0191395655274391
1940.2076                0.0190584156662226
1940.2924                0.0192809309810400
1940.3743                0.0193618237972260
1940.4590                0.0192906893789768
1940.5410                0.0194030031561852
1940.6257                0.0195025280117989
1940.7103                0.0193396694958210
1940.7924                0.0193050093948841
1940.8771                0.0194365549832582
1940.9590                0.0196613818407059
1941.0438                0.0193696673959494
1941.1260                0.0193227995187044
1941.2054                0.0191619694232941
1941.2904                0.0191185772418976
1941.3726                0.0191370509564877
1941.4575                0.0191308464854956
1941.5397                0.0191442649811506
1941.6246                0.0190284382551908
1941.7096                0.0189983230084181
1941.7917                0.0189218558371067
1941.8767                0.0189068578183651
1941.9589                0.0190212335437536
1942.0438                0.0188532806932926
1942.1260                0.0188597459346056
1942.2054                0.0189125668257475
1942.2904                0.0190365780144930
1942.3726                0.0190447382628918
1942.4575                0.0189916901290417
1942.5397                0.0189407747238874
1942.6246                0.0188413932919502
1942.7096                0.0187763758003712
1942.7917                0.0188828539103270
1942.8767                0.0185740236192942
1942.9589                0.0186630263924599
1943.0438                0.0189900882542133
1943.1260                0.0192578826099634
1943.2054                0.0194085966795683
1943.2904                0.0193720255047083
1943.3726                0.0193943120539188
1943.4575                0.0194163601845503
1943.5397                0.0193969607353210
1943.6246                0.0194643717259169
1943.7096                0.0196229834109545
1943.7917                0.0197001826018095
1943.8767                0.0195876657962799
1943.9589                0.0196163989603519
1944.0437                0.0197408422827721
1944.1257                0.0196764189749956
1944.2076                0.0196657218039036
1944.2924                0.0195244327187538
1944.3743                0.0195918753743172
1944.4590                0.0198261924088001
1944.5410                0.0195089224725962
1944.6257                0.0195436123758554
1944.7103                0.0197104029357433
1944.7924                0.0195240136235952
1944.8771                0.0193170774728060
1944.9590                0.0192290339618921
1945.0438                0.0191984269768000
1945.1260                0.0196639318019152
1945.2054                0.0196442306041718
1945.2904                0.0196023546159267
1945.3726                0.0198245011270046
1945.4575                0.0198770314455032
1945.5397                0.0199881643056870
1945.6246                0.0203586742281914
1945.7096                0.0203527417033911
1945.7917                0.0203831065446138
1945.8767                0.0205502156168222
1945.9589                0.0206877570599318
1946.0438                0.0204258374869823
1946.1260                0.0209693554788828
1946.2054                0.0212111379951239
1946.2904                0.0211046282202005
1946.3726                0.0211494639515877
1946.4575                0.0211937297135592
1946.5397                0.0214407686144114
1946.6246                0.0212685968726873
1946.7096                0.0213575251400471
1946.7917                0.0213653668761253
1946.8767                0.0212565567344427
1946.9589                0.0211689043790102
1947.0438                0.0216340795159340
1947.1260                0.0217562112957239
1947.2054                0.0218164417892694
1947.2904                0.0218493472784758
1947.3726                0.0220264159142971
1947.4575                0.0220986083149910
1947.5397                0.0220658592879772
1947.6246                0.0221499763429165
1947.7096                0.0219841226935387
1947.7917                0.0221843942999840
1947.8767                0.0219200439751148
1947.9589                0.0217815060168505
1948.0437                0.0217207893729210
1948.1257                0.0216714646667242
1948.2076                0.0218890830874443
1948.2924                0.0220812968909740
1948.3743                0.0220742132514715
1948.4590                0.0218551550060511
1948.5410                0.0219675749540329
1948.6257                0.0219672061502934
1948.7103                0.0218004994094372
1948.7924                0.0220086649060249
1948.8771                0.0220680441707373
1948.9590                0.0224530734121799
1949.0438                0.0224996674805880
1949.1260                0.0227707829326391
1949.2054                0.0229123551398516
1949.2904                0.0232260618358850
1949.3726                0.0231377966701984
1949.4575                0.0230151303112507
1949.5397                0.0231677200645208
1949.6246                0.0231046397238970
1949.7096                0.0230439528822899
1949.7917                0.0230801273137331
1949.8767                0.0232129637151957
1949.9589                0.0232243537902832
1950.0438                0.0230395179241896
1950.1260                0.0232016220688820
1950.2054                0.0235933344811201
1950.2904                0.0237031001597643
1950.3726                0.0236839726567268
1950.4575                0.0236215107142925
1950.5397                0.0234338697046041
1950.6246                0.0235828366130590
1950.7096                0.0234757848083973
1950.7917                0.0230971742421389
1950.8767                0.0232317131012678
1950.9589                0.0230365730822086
1951.0438                0.0230418723076582
1951.1260                0.0229915045201778
1951.2054                0.0230412296950817
1951.2904                0.0228746831417084
1951.3726                0.0228189509361982
1951.4575                0.0229431372135878
1951.5397                0.0229308065026999
1951.6246                0.0229717306792736
1951.7096                0.0228880569338799
1951.7917                0.0229308828711510
1951.8767                0.0228483956307173
1951.9589                0.0229733306914568
1952.0437                0.0229173265397549
1952.1257                0.0228934399783611
1952.2076                0.0232544653117657
1952.2924                0.0230811703950167
1952.3743                0.0233040899038315
1952.4590                0.0232114996761084
1952.5410                0.0232143290340900
1952.6257                0.0232370439916849
1952.7103                0.0233905203640461
1952.7924                0.0234978143125772
1952.8771                0.0234743412584066
1952.9590                0.0231809057295322
1953.0438                0.0233993232250214
1953.1260                0.0234742816537619
1953.2054                0.0237244106829166
1953.2904                0.0239774025976658
1953.3726                0.0237121973186731
1953.4575                0.0236265752464533
1953.5397                0.0235696472227573
1953.6246                0.0235510356724262
1953.7096                0.0237159002572298
1953.7917                0.0237015224993229
1953.8767                0.0236763302236795
1953.9589                0.0237116292119026
1954.0438                0.0238837711513042
1954.1260                0.0238793138414621
1954.2054                0.0240096338093281
1954.2904                0.0239044558256865
1954.3726                0.0239841956645250
1954.4575                0.0240780934691429
1954.5397                0.0238104686141014
1954.6246                0.0236664339900017
1954.7096                0.0235296878963709
1954.7917                0.0236974339932203
1954.8767                0.0238635409623384
1954.9589                0.0240311082452536
1955.0438                0.0241074785590172
1955.1260                0.0243217870593071
1955.2054                0.0241677947342396
1955.2904                0.0239320062100887
1955.3726                0.0241107717156410
1955.4575                0.0243891328573227
1955.5397                0.0243802908807993
1955.6246                0.0243877489119768
1955.7096                0.0243299398571253
1955.7917                0.0243860166519880
1955.8767                0.0241673719137907
1955.9589                0.0243187751621008
1956.0437                0.0242603961378336
1956.1257                0.0245217904448509
1956.2076                0.0247088298201561
1956.2924                0.0248014871031046
1956.3743                0.0250771418213844
1956.4590                0.0251556038856506
1956.5410                0.0251396130770445
1956.6257                0.0249854698777199
1956.7103                0.0249371509999037
1956.7924                0.0250632874667645
1956.8771                0.0253686439245939
1956.9590                0.0251720100641251
1957.0438                0.0251308903098106
1957.1260                0.0251587107777596
1957.2054                0.0254439096897840
1957.2904                0.0254006274044514
1957.3726                0.0254311244934797
1957.4575                0.0254024229943752
1957.5397                0.0254934728145599
1957.6246                0.0253648068755865
1957.7096                0.0255416464060545
1957.7917                0.0256897713989019
1957.8767                0.0254223607480526
1957.9589                0.0255779121071100
1958.0438                0.0256210826337337
1958.1260                0.0257719643414021
1958.2054                0.0259275063872337
1958.2904                0.0258580390363932
1958.3726                0.0259230416268110
1958.4575                0.0260738059878349
1958.5397                0.0261061694473028
1958.6246                0.0260119568556547
1958.7096                0.0260275863111019
1958.7917                0.0261517670005560
1958.8767                0.0256813932210207
1958.9589                0.0256103668361902
1959.0438                0.0252647511661053
1959.1260                0.0253134109079838
1959.2054                0.0254149604588747
1959.2904                0.0254562571644783
1959.3726                0.0256815869361162
1959.4575                0.0261719133704901
1959.5397                0.0263143125921488
1959.6246                0.0262809507548809
1959.7096                0.0263576265424490
1959.7917                0.0263546910136938
1959.8767                0.0262597594410181
1959.9589                0.0260999221354723
1960.0437                0.0260452944785357
1960.1257                0.0261740218847990
1960.2076                0.0258375667035580
1960.2924                0.0256582815200090
1960.3743                0.0257038529962301
1960.4590                0.0258944947272539
1960.5410                0.0259361062198877
1960.6257                0.0260332301259041
1960.7103                0.0259735900908709
1960.7924                0.0257601160556078
1960.8771                0.0259053036570549
1960.9590                0.0260406062006950
1961.0438                0.0256320945918560
1961.1260                0.0252525284886360
1961.2054                0.0254118796437979
1961.2904                0.0253080613911152
1961.3726                0.0254774298518896
1961.4575                0.0253596026450396
1961.5397                0.0252912994474173
1961.6246                0.0253827217966318
1961.7096                0.0255818739533424
1961.7917                0.0255891159176826
1961.8767                0.0254997275769711
1961.9589                0.0260616727173328
1962.0438                0.0260824803262949
1962.1260                0.0262319222092628
1962.2054                0.0267197899520397
1962.2904                0.0268314462155104
1962.3726                0.0271414536982775
1962.4575                0.0272296741604805
1962.5397                0.0275272615253925
1962.6246                0.0276339203119278
1962.7096                0.0277500357478857
1962.7917                0.0277143754065037
1962.8767                0.0275479368865490
1962.9589                0.0275117475539446
1963.0438                0.0275620166212320
1963.1260                0.0275454018265009
1963.2054                0.0275948513299227
1963.2904                0.0275896731764078
1963.3726                0.0275383796542883
1963.4575                0.0275586713105440
1963.5397                0.0273926407098770
1963.6246                0.0274246707558632
1963.7096                0.0277545955032110
1963.7917                0.0280684269964695
1963.8767                0.0277792103588581
1963.9589                0.0278692226856947
1964.0437                0.0279616042971611
1964.1257                0.0279640350490808
1964.2076                0.0278875287622213
1964.2924                0.0278170276433229
1964.3743                0.0280485451221466
1964.4590                0.0281346701085567
1964.5410                0.0280392691493034
1964.6257                0.0278836376965046
1964.7103                0.0281517095863819
1964.7924                0.0283212102949619
1964.8771                0.0283155590295792
1964.9590                0.0281686466187239
1965.0438                0.0284818373620510
1965.1260                0.0284597091376781
1965.2054                0.0284177623689175
1965.2904                0.0285952240228653
1965.3726                0.0287749227136374
1965.4575                0.0287836249917746
1965.5397                0.0288645364344120
1965.6246                0.0289225857704878
1965.7096                0.0289345122873783
1965.7917                0.0290106907486916
1965.8767                0.0289890412241220
1965.9589                0.0291326120495796
1966.0438                0.0291509497910738
1966.1260                0.0294550955295563
1966.2054                0.0296987164765596
1966.2904                0.0298465583473444
1966.3726                0.0299112144857645
1966.4575                0.0297591723501682
1966.5397                0.0295195933431387
1966.6246                0.0293568242341280
1966.7096                0.0294873137027025
1966.7917                0.0295371320098639
1966.8767                0.0296100918203592
1966.9589                0.0296338405460119
1967.0438                0.0296456404030323
1967.1260                0.0295784473419189
1967.2054                0.0294880326837301
1967.2904                0.0293968208134174
1967.3726                0.0294697228819132
1967.4575                0.0296582952141762
1967.5397                0.0296418983489275
1967.6246                0.0297394748777151
1967.7096                0.0299634486436844
1967.7917                0.0300303362309933
1967.8767                0.0301131829619408
1967.9589                0.0300838891416788
1968.0437                0.0304714813828468
1968.1257                0.0303988400846720
1968.2076                0.0304682701826096
1968.2924                0.0307013690471649
1968.3743                0.0309357810765505
1968.4590                0.0306211486458778
1968.5410                0.0308512039482594
1968.6257                0.0306627154350281
1968.7103                0.0307935792952776
1968.7924                0.0306080020964146
1968.8771                0.0304928049445152
1968.9590                0.0302313584834337
1969.0438                0.0305588711053133
1969.1260                0.0305734779685736
1969.2054                0.0306634809821844
1969.2904                0.0306882411241531
1969.3726                0.0307524651288986
1969.4575                0.0305204782634974
1969.5397                0.0306159425526857
1969.6246                0.0305816531181335
1969.7096                0.0305746216326952
1969.7917                0.0306711960583925
1969.8767                0.0305214934051037
1969.9589                0.0307577177882195
1970.0438                0.0311188828200102
1970.1260                0.0312527492642403
1970.2054                0.0314014852046967
1970.2904                0.0313923954963684
1970.3726                0.0314181707799435
1970.4575                0.0315170735120773
1970.5397                0.0316709429025650
1970.6246                0.0316252633929253
1970.7096                0.0317851006984711
1970.7917                0.0320773571729660
1970.8767                0.0322674550116062
1970.9589                0.0324569307267666
1971.0438                0.0326756499707699
1971.1260                0.0327742882072926
1971.2054                0.0326260998845100
1971.2904                0.0327124930918217
1971.3726                0.0329035073518753
1971.4575                0.0327237322926521
1971.5397                0.0325979068875313
1971.6246                0.0324615389108658
1971.7096                0.0325649715960026
1971.7917                0.0327225737273693
1971.8767                0.0327630825340748
1971.9589                0.0330311730504036
1972.0437                0.0331974215805531
1972.1257                0.0329398438334465
1972.2076                0.0331294536590576
1972.2924                0.0330419652163982
1972.3743                0.0331759750843048
1972.4590                0.0331196114420891
1972.5410                0.0332273505628109
1972.6257                0.0330532640218735
1972.7103                0.0331701971590519
1972.7924                0.0332531519234180
1972.8771                0.0333768501877785
1972.9590                0.0332439281046391
1973.0438                0.0335993878543377
1973.1260                0.0332147404551506
1973.2054                0.0333694405853748
1973.2904                0.0332253910601139
1973.3726                0.0332767553627491
1973.4575                0.0335208661854267
1973.5397                0.0337161272764206
1973.6246                0.0337690785527229
1973.7096                0.0337475799024105
1973.7917                0.0339067131280899
1973.8767                0.0339416936039925
1973.9589                0.0338553451001644
1974.0438                0.0341931469738483
1974.1260                0.0340772941708565
1974.2054                0.0342423766851425
1974.2904                0.0344794839620590
1974.3726                0.0343622528016567
1974.4575                0.0343863330781460
1974.5397                0.0345505177974701
1974.6246                0.0344920344650745
1974.7096                0.0342557616531849
1974.7917                0.0342168472707272
1974.8767                0.0345580950379372
1974.9589                0.0345627479255199
1975.0438                0.0344736687839031
1975.1260                0.0345341376960278
1975.2054                0.0348178707063198
1975.2904                0.0352978073060513
1975.3726                0.0353006571531296
1975.4575                0.0355710722506046
1975.5397                0.0355788916349411
1975.6246                0.0356539003551006
1975.7096                0.0354922302067280
1975.7917                0.0354676842689514
1975.8767                0.0355243831872940
1975.9589                0.0355381481349468
1976.0437                0.0358008518815041
1976.1257                0.0361605100333691
1976.2076                0.0364542528986931
1976.2924                0.0365932472050190
1976.3743                0.0365594625473022
1976.4590                0.0367968380451202
1976.5410                0.0367833897471428
1976.6257                0.0366847924888134
1976.7103                0.0367749035358429
1976.7924                0.0370016023516655
1976.8771                0.0368895567953587
1976.9590                0.0369167365133762
1977.0438                0.0370020605623722
1977.1260                0.0370393432676792
1977.2054                0.0371558479964733
1977.2904                0.0373933389782906
1977.3726                0.0372018627822399
1977.4575                0.0373242795467377
1977.5397                0.0375509597361088
1977.6246                0.0375035628676414
1977.7096                0.0375277064740658
1977.7917                0.0379897654056549
1977.8767                0.0380684211850166
1977.9589                0.0379348956048489
1978.0438                0.0376069471240044
1978.1260                0.0378011614084244
1978.2054                0.0378331206738949
1978.2904                0.0378448478877544
1978.3726                0.0379855968058109
1978.4575                0.0381558202207088
1978.5397                0.0381314568221569
1978.6246                0.0382137447595596
1978.7096                0.0383863747119904
1978.7917                0.0385952033102512
1978.8767                0.0387411527335644
1978.9589                0.0390450209379196
1979.0438                0.0391655154526234
1979.1260                0.0394172556698322
1979.2054                0.0394416190683842
1979.2904                0.0396703854203224
1979.3726                0.0400458462536335
1979.4575                0.0401846207678318
1979.5397                0.0400752127170563
1979.6246                0.0397068671882153
1979.7096                0.0399219878017902
1979.7917                0.0400468334555626
1979.8767                0.0401375070214272
1979.9589                0.0402159392833710
1980.0437                0.0401699468493462
1980.1257                0.0400742851197720
1980.2076                0.0404410660266876
1980.2924                0.0406034030020237
1980.3743                0.0407389700412750
1980.4590                0.0407524481415749
1980.5410                0.0407612472772598
1980.6257                0.0407314486801624
1980.7103                0.0407310947775841
1980.7924                0.0406689085066319
1980.8771                0.0410196408629417
1980.9590                0.0411554872989655
1981.0438                0.0412799082696438
1981.1260                0.0415021665394306
1981.2054                0.0416590534150600
1981.2904                0.0420375578105450
1981.3726                0.0423319004476070
1981.4575                0.0424722097814083
1981.5397                0.0424176193773746
1981.6246                0.0424147993326187
1981.7096                0.0424634255468845
1981.7917                0.0426203496754169
1981.8767                0.0424876473844051
1981.9589                0.0425291508436203
1982.0438                0.0428984835743904
1982.1260                0.0428037308156490
1982.2054                0.0429187715053558
1982.2904                0.0431046932935715
1982.3726                0.0431799516081810
1982.4575                0.0433619208633900
1982.5397                0.0434081330895424
1982.6246                0.0433491058647633
1982.7096                0.0431606173515320
1982.7917                0.0432234928011894
1982.8767                0.0435021780431271
1982.9589                0.0436091050505638
1983.0438                0.0434579961001873
1983.1260                0.0435100160539150
1983.2054                0.0437355078756809
1983.2904                0.0436042211949825
1983.3726                0.0439065955579281
1983.4575                0.0441930182278156
1983.5397                0.0442075133323669
1983.6246                0.0441115610301495
1983.7096                0.0440597310662270
1983.7917                0.0440826937556267
1983.8767                0.0439466126263142
1983.9589                0.0438723191618919
1984.0437                0.0439500920474529
1984.1257                0.0441532135009766
1984.2076                0.0440883599221706
1984.2924                0.0445101112127304
1984.3743                0.0448238402605057
1984.4590                0.0448045320808887
1984.5410                0.0448331087827682
1984.6257                0.0448963083326817
1984.7103                0.0449433773756027
1984.7924                0.0451782010495663
1984.8771                0.0455345883965492
1984.9590                0.0453528463840485
1985.0438                0.0452912077307701
1985.1260                0.0453279465436935
1985.2054                0.0453677140176296
1985.2904                0.0456792600452900
1985.3726                0.0459635183215141
1985.4575                0.0459995418787003
1985.5397                0.0460337772965431
1985.6246                0.0462075062096119
1985.7096                0.0463887676596642
1985.7917                0.0463502854108810
1985.8767                0.0463564209640026
1985.9589                0.0462900139391422
1986.0438                0.0464183762669563
1986.1260                0.0462251901626587
1986.2054                0.0463475175201893
1986.2904                0.0469052791595459
1986.3726                0.0467715635895729
1986.4575                0.0468988381326199
1986.5397                0.0469116903841496
1986.6246                0.0469063892960548
1986.7096                0.0466404706239700
1986.7917                0.0468640774488449
1986.8767                0.0469377823174000
1986.9589                0.0470038279891014
1987.0438                0.0469871610403061
1987.1260                0.0468167178332806
1987.2054                0.0467257313430309
1987.2904                0.0468314141035080
1987.3726                0.0470115356147289
1987.4575                0.0470251105725765
1987.5397                0.0471438728272915
1987.6246                0.0472128838300705
1987.7096                0.0475824028253555
1987.7917                0.0478057004511356
1987.8767                0.0477516092360020
1987.9589                0.0477839894592762
1988.0437                0.0481511950492859
1988.1257                0.0481336005032063
1988.2076                0.0485486090183258
1988.2924                0.0489182062447071
1988.3743                0.0493121296167374
1988.4590                0.0494215339422226
1988.5410                0.0495040044188499
1988.6257                0.0494834110140800
1988.7103                0.0494033172726631
1988.7924                0.0494856052100658
1988.8771                0.0497268475592136
1988.9590                0.0496289059519768
1989.0438                0.0498112626373768
1989.1260                0.0500030964612961
1989.2054                0.0502922721207142
1989.2904                0.0503285042941570
1989.3726                0.0503225773572922
1989.4575                0.0503085926175117
1989.5397                0.0504919886589050
1989.6246                0.0506790913641453
1989.7096                0.0506633594632149
1989.7917                0.0508373044431210
1989.8767                0.0510294064879417
1989.9589                0.0510456003248692
1990.0438                0.0513226985931396
1990.1260                0.0517183803021908
1990.2054                0.0518673509359360
1990.2904                0.0521364361047745
1990.3726                0.0524566359817982
1990.4575                0.0526239462196827
1990.5397                0.0526014380156994
1990.6246                0.0525754764676094
1990.7096                0.0524449199438095
1990.7917                0.0529549941420555
1990.8767                0.0530241578817368
1990.9589                0.0530609637498856
1991.0438                0.0534063838422298
1991.1260                0.0538621582090855
1991.2054                0.0538248531520367
1991.2904                0.0541248843073845
1991.3726                0.0541552789509296
1991.4575                0.0539380460977554
1991.5397                0.0541568361222744
1991.6246                0.0541299432516098
1991.7096                0.0543713159859180
1991.7917                0.0544934608042240
1991.8767                0.0545047745108604
1991.9589                0.0545840933918953
1992.0437                0.0548203922808170
1992.1257                0.0548509731888771
1992.2076                0.0551370345056057
1992.2924                0.0551790706813335
1992.3743                0.0550206452608109
1992.4590                0.0548282824456692
1992.5410                0.0550668127834797
1992.6257                0.0553856082260609
1992.7103                0.0556764379143715
1992.7924                0.0557135306298733
1992.8771                0.0558717623353004
1992.9590                0.0560939498245716
1993.0438                0.0560810789465904
1993.1260                0.0565534867346287
1993.2054                0.0567197352647781
1993.2904                0.0567383393645287
1993.3726                0.0568818300962448
1993.4575                0.0570375099778175
1993.5397                0.0570438839495182
1993.6246                0.0571443401277065
1993.7096                0.0568272434175014
1993.7917                0.0571547970175743
1993.8767                0.0571900047361851
1993.9589                0.0572020299732685
1994.0438                0.0574300028383732
1994.1260                0.0575536340475082
1994.2054                0.0576953552663326
1994.2904                0.0579985268414021
1994.3726                0.0580298416316509
1994.4575                0.0580850504338741
1994.5397                0.0580337382853031
1994.6246                0.0582906603813171
1994.7096                0.0583061724901199
1994.7917                0.0584850236773491
1994.8767                0.0587790831923485
1994.9589                0.0590175576508045
1995.0438                0.0593562275171280
1995.1260                0.0597912818193436
1995.2054                0.0600646473467350
1995.2904                0.0602709166705608
1995.3726                0.0602002814412117
1995.4575                0.0603064000606537
1995.5397                0.0602268986403942
1995.6246                0.0602205023169518
1995.7096                0.0603939145803452
1995.7917                0.0608063824474812
1995.8767                0.0608713328838348
1995.9589                0.0611726902425289
1996.0437                0.0615215674042702
1996.1257                0.0615201257169247
1996.2076                0.0617934130132198
1996.2924                0.0618482939898968
1996.3743                0.0621025562286377
1996.4590                0.0620714351534843
1996.5410                0.0620744973421097
1996.6257                0.0624124854803085
1996.7103                0.0625237375497818
1996.7924                0.0627577379345894
1996.8771                0.0627203509211540
1996.9590                0.0630697533488274
1997.0438                0.0631241947412491
1997.1260                0.0632940158247948
1997.2054                0.0637204870581627
1997.2904                0.0638368427753448
1997.3726                0.0638123750686646
1997.4575                0.0638883486390114
1997.5397                0.0639676898717880
1997.6246                0.0639235824346542
1997.7096                0.0638881251215935
1997.7917                0.0641888454556465
1997.8767                0.0644827336072922
1997.9589                0.0645301640033722
1998.0438                0.0646984428167343
1998.1260                0.0651125609874725
1998.2054                0.0647426992654800
1998.2904                0.0648539662361145
1998.3726                0.0651034712791443
1998.4575                0.0651773884892464
1998.5397                0.0652530044317245
1998.6246                0.0655244365334511
1998.7096                0.0658395215868950
1998.7917                0.0657822042703629
1998.8767                0.0660919472575188
1998.9589                0.0662235468626022
1999.0438                0.0664006546139717
1999.1260                0.0665279179811478
1999.2054                0.0666565522551537
1999.2904                0.0668810233473778
1999.3726                0.0668816789984703
1999.4575                0.0670024976134300
1999.5397                0.0671810731291771
1999.6246                0.0673084035515785
1999.7096                0.0675474479794502
1999.7917                0.0680094808340073
1999.8767                0.0677765458822250
1999.9589                0.0677814334630966
2000.0437                0.0679481998085976
2000.1257                0.0680737942457199
2000.2076                0.0681288167834282
2000.2924                0.0684354305267334
2000.3743                0.0686880648136139
2000.4590                0.0688116848468781
2000.5410                0.0688793510198593
2000.6257                0.0692668110132217
2000.7103                0.0690612196922302
2000.7924                0.0691459402441978
2000.8771                0.0694760754704475
2000.9590                0.0694801583886147
