1880.0437                0.1199996769428253
1880.1257                0.1284039616584778
1880.2076                0.1362715363502502
1880.2924                0.1416719853878021
1880.3743                0.1417062878608704
1880.4590                0.1275790035724640
1880.5410                0.1073019802570343
1880.6257                0.1021159738302231
1880.7103                0.1058924198150635
1880.7924                0.1152559816837311
1880.8771                0.1187207698822021
1880.9590                0.1148023158311844
1881.0438                0.1220020204782486
1881.1260                0.1318942606449127
1881.2054                0.1405576318502426
1881.2904                0.1459921598434448
1881.3726                0.1479488611221313
1881.4575                0.1366949677467346
1881.5397                0.1136568188667297
1881.6246                0.1061648279428482
1881.7096                0.1100909784436226
1881.7917                0.1190775707364082
1881.8767                0.1225584745407104
1881.9589                0.1218436509370804
1882.0438                0.1267518401145935
1882.1260                0.1354688107967377
1882.2054                0.1439585685729980
1882.2904                0.1488197892904282
1882.3726                0.1489275842905045
1882.4575                0.1337066590785980
1882.5397                0.1147574484348297
1882.6246                0.1105413958430290
1882.7096                0.1151008456945419
1882.7917                0.1254417747259140
1882.8767                0.1246797814965248
1882.9589                0.1207323595881462
1883.0438                0.1270712912082672
1883.1260                0.1354658454656601
1883.2054                0.1443255245685577
1883.2904                0.1494798660278320
1883.3726                0.1503707170486450
1883.4575                0.1342483162879944
1883.5397                0.1136022061109543
1883.6246                0.1086695492267609
1883.7096                0.1145339831709862
1883.7917                0.1241771951317787
1883.8767                0.1230391040444374
1883.9589                0.1169172748923302
1884.0437                0.1224256902933121
1884.1257                0.1305668205022812
1884.2076                0.1394061893224716
1884.2924                0.1430205106735229
1884.3743                0.1453887820243835
1884.4590                0.1327722966670990
1884.5410                0.1115049645304680
1884.6257                0.1043660119175911
1884.7103                0.1094157323241234
1884.7924                0.1185268163681030
1884.8771                0.1179663613438606
1884.9590                0.1145876571536064
1885.0438                0.1189247816801071
1885.1260                0.1275488138198853
1885.2054                0.1360738873481750
1885.2904                0.1406897306442261
1885.3726                0.1421908140182495
1885.4575                0.1283458769321442
1885.5397                0.1072669476270676
1885.6246                0.1017607748508453
1885.7096                0.1068948283791542
1885.7917                0.1169765889644623
1885.8767                0.1173961237072945
1885.9589                0.1126039773225784
1886.0438                0.1195816248655319
1886.1260                0.1268878579139709
1886.2054                0.1356933116912842
1886.2904                0.1407963335514069
1886.3726                0.1450739800930023
1886.4575                0.1338910460472107
1886.5397                0.1124534085392952
1886.6246                0.1060804575681686
1886.7096                0.1112043559551239
1886.7917                0.1217075288295746
1886.8767                0.1240428760647774
1886.9589                0.1181301549077034
1887.0438                0.1233265846967697
1887.1260                0.1308208107948303
1887.2054                0.1388154029846191
1887.2904                0.1427910178899765
1887.3726                0.1447117924690247
1887.4575                0.1348764598369598
1887.5397                0.1164039820432663
1887.6246                0.1106856912374496
1887.7096                0.1167385205626488
1887.7917                0.1268665194511414
1887.8767                0.1285042762756348
1887.9589                0.1208787038922310
1888.0437                0.1259752213954926
1888.1257                0.1335915327072144
1888.2076                0.1424421966075897
1888.2924                0.1480166018009186
1888.3743                0.1495070457458496
1888.4590                0.1359004676342010
1888.5410                0.1140516698360443
1888.6257                0.1087965592741966
1888.7103                0.1142285689711571
1888.7924                0.1211652755737305
1888.8771                0.1215135902166367
1888.9590                0.1183663010597229
1889.0438                0.1239149421453476
1889.1260                0.1310657858848572
1889.2054                0.1396153718233109
1889.2904                0.1444393694400787
1889.3726                0.1449895948171616
1889.4575                0.1319136619567871
1889.5397                0.1116806119680405
1889.6246                0.1050630807876587
1889.7096                0.1098155081272125
1889.7917                0.1181832924485207
1889.8767                0.1201821640133858
1889.9589                0.1155989170074463
1890.0438                0.1208072602748871
1890.1260                0.1306255757808685
1890.2054                0.1387801170349121
1890.2904                0.1429764479398727
1890.3726                0.1456817090511322
1890.4575                0.1327074021100998
1890.5397                0.1134537607431412
1890.6246                0.1072602272033691
1890.7096                0.1119958013296127
1890.7917                0.1216976568102837
1890.8767                0.1246658414602280
1890.9589                0.1214894950389862
1891.0438                0.1261080503463745
1891.1260                0.1344513893127441
1891.2054                0.1438485682010651
1891.2904                0.1480825096368790
1891.3726                0.1506173610687256
1891.4575                0.1379193067550659
1891.5397                0.1137092560529709
1891.6246                0.1085916236042976
1891.7096                0.1144950836896896
1891.7917                0.1242010891437531
1891.8767                0.1265408694744110
1891.9589                0.1208147332072258
1892.0437                0.1260639131069183
1892.1257                0.1335832327604294
1892.2076                0.1427970230579376
1892.2924                0.1480329632759094
1892.3743                0.1487673521041870
1892.4590                0.1347878426313400
1892.5410                0.1137313023209572
1892.6257                0.1110103353857994
1892.7103                0.1169429644942284
1892.7924                0.1257099211215973
1892.8771                0.1268292367458344
1892.9590                0.1222223863005638
1893.0438                0.1285305321216583
1893.1260                0.1355218291282654
1893.2054                0.1440638154745102
1893.2904                0.1469093561172485
1893.3726                0.1483968645334244
1893.4575                0.1358386278152466
1893.5397                0.1147591844201088
1893.6246                0.1109575107693672
1893.7096                0.1174162924289703
1893.7917                0.1253768354654312
1893.8767                0.1280963122844696
1893.9589                0.1217077746987343
1894.0438                0.1283583045005798
1894.1260                0.1371150612831116
1894.2054                0.1441880762577057
1894.2904                0.1496579796075821
1894.3726                0.1508867144584656
1894.4575                0.1382957845926285
1894.5397                0.1183315813541412
1894.6246                0.1153286471962929
1894.7096                0.1193830296397209
1894.7917                0.1289878785610199
1894.8767                0.1304207891225815
1894.9589                0.1269095838069916
1895.0438                0.1316748261451721
1895.1260                0.1396326124668121
1895.2054                0.1491151452064514
1895.2904                0.1532364040613174
1895.3726                0.1554387211799622
1895.4575                0.1433450281620026
1895.5397                0.1225342154502869
1895.6246                0.1188452020287514
1895.7096                0.1240145713090897
1895.7917                0.1344409286975861
1895.8767                0.1346107423305511
1895.9589                0.1301438063383102
1896.0437                0.1351719051599503
1896.1257                0.1430079936981201
1896.2076                0.1502408981323242
1896.2924                0.1566725820302963
1896.3743                0.1580637693405151
1896.4590                0.1424566209316254
1896.5410                0.1210252717137337
1896.6257                0.1167989820241928
1896.7103                0.1228027120232582
1896.7924                0.1309856474399567
1896.8771                0.1308910846710205
1896.9590                0.1273665428161621
1897.0438                0.1338417232036591
1897.1260                0.1407542526721954
1897.2054                0.1494821012020111
1897.2904                0.1541516482830048
1897.3726                0.1557236164808273
1897.4575                0.1418002992868423
1897.5397                0.1201779767870903
1897.6246                0.1148564517498016
1897.7096                0.1190014630556107
1897.7917                0.1285806596279144
1897.8767                0.1281235665082932
1897.9589                0.1282496154308319
1898.0438                0.1343653798103333
1898.1260                0.1422683298587799
1898.2054                0.1507251858711243
1898.2904                0.1544630825519562
1898.3726                0.1525318175554276
1898.4575                0.1392418444156647
1898.5397                0.1172885894775391
1898.6246                0.1123362034559250
1898.7096                0.1164326667785645
1898.7917                0.1267758011817932
1898.8767                0.1269421428442001
1898.9589                0.1240772828459740
1899.0438                0.1289228796958923
1899.1260                0.1363987177610397
1899.2054                0.1454651355743408
1899.2904                0.1506232172250748
1899.3726                0.1515681594610214
1899.4575                0.1377471089363098
1899.5397                0.1195606589317322
1899.6246                0.1135884746909142
1899.7096                0.1195849254727364
1899.7917                0.1272878199815750
1899.8767                0.1309247910976410
1899.9589                0.1259937584400177
1900.0438                0.1296753287315369
1900.1260                0.1375230103731155
1900.2054                0.1444846242666245
1900.2904                0.1516511291265488
1900.3726                0.1543591618537903
1900.4575                0.1391483545303345
1900.5397                0.1182132139801979
1900.6246                0.1133521720767021
1900.7096                0.1164540052413940
1900.7917                0.1271030753850937
1900.8767                0.1276906728744507
1900.9589                0.1222544983029366
1901.0438                0.1269909739494324
1901.1260                0.1343799531459808
1901.2054                0.1427591145038605
1901.2904                0.1475641727447510
1901.3726                0.1479083001613617
1901.4575                0.1342509686946869
1901.5397                0.1165131852030754
1901.6246                0.1125475466251373
1901.7096                0.1184972971677780
1901.7917                0.1279356181621552
1901.8767                0.1286546587944031
1901.9589                0.1241988837718964
1902.0438                0.1290570199489594
1902.1260                0.1363941282033920
1902.2054                0.1444745063781738
1902.2904                0.1496412307024002
1902.3726                0.1508864760398865
1902.4575                0.1356200128793716
1902.5397                0.1175165623426437
1902.6246                0.1143903806805611
1902.7096                0.1198361739516258
1902.7917                0.1288421601057053
1902.8767                0.1303700208663940
1902.9589                0.1235639825463295
1903.0438                0.1291464269161224
1903.1260                0.1366621404886246
1903.2054                0.1435349285602570
1903.2904                0.1500734537839890
1903.3726                0.1511024534702301
1903.4575                0.1362078636884689
1903.5397                0.1179891005158424
1903.6246                0.1138112917542458
1903.7096                0.1205354183912277
1903.7917                0.1300827115774155
1903.8767                0.1312702894210815
1903.9589                0.1251890957355499
1904.0437                0.1282548308372498
1904.1257                0.1368079036474228
1904.2076                0.1454797387123108
1904.2924                0.1512951105833054
1904.3743                0.1512404382228851
1904.4590                0.1347235441207886
1904.5410                0.1145474389195442
1904.6257                0.1126056388020515
1904.7103                0.1193468868732452
1904.7924                0.1289848983287811
1904.8771                0.1298426836729050
1904.9590                0.1232957988977432
1905.0438                0.1263264566659927
1905.1260                0.1350083351135254
1905.2054                0.1435911655426025
1905.2904                0.1497780978679657
1905.3726                0.1536799669265747
1905.4575                0.1407100558280945
1905.5397                0.1212268844246864
1905.6246                0.1186399459838867
1905.7096                0.1249796152114868
1905.7917                0.1340848058462143
1905.8767                0.1349601894617081
1905.9589                0.1273384988307953
1906.0438                0.1335407197475433
1906.1260                0.1412480324506760
1906.2054                0.1496927142143250
1906.2904                0.1555042564868927
1906.3726                0.1582570970058441
1906.4575                0.1481373161077499
1906.5397                0.1268655955791473
1906.6246                0.1230223551392555
1906.7096                0.1289807856082916
1906.7917                0.1378615200519562
1906.8767                0.1400192975997925
1906.9589                0.1316159218549728
1907.0438                0.1345626115798950
1907.1260                0.1435433626174927
1907.2054                0.1523832529783249
1907.2904                0.1570558696985245
1907.3726                0.1592634469270706
1907.4575                0.1481658071279526
1907.5397                0.1282078623771667
1907.6246                0.1240473017096519
1907.7096                0.1282716989517212
1907.7917                0.1361847966909409
1907.8767                0.1374683827161789
1907.9589                0.1314298510551453
1908.0437                0.1355218291282654
1908.1257                0.1445945799350739
1908.2076                0.1526697278022766
1908.2924                0.1579290479421616
1908.3743                0.1585769951343536
1908.4590                0.1426081210374832
1908.5410                0.1220238804817200
1908.6257                0.1167748868465424
1908.7103                0.1220541596412659
1908.7924                0.1319530904293060
1908.8771                0.1340759396553040
1908.9590                0.1324316114187241
1909.0438                0.1352739036083221
1909.1260                0.1427139490842819
1909.2054                0.1508667320013046
1909.2904                0.1554157137870789
1909.3726                0.1574960052967072
1909.4575                0.1427449733018875
1909.5397                0.1215459257364273
1909.6246                0.1162916719913483
1909.7096                0.1208944395184517
1909.7917                0.1311342567205429
1909.8767                0.1327713876962662
1909.9589                0.1282458901405334
1910.0438                0.1338899582624435
1910.1260                0.1432957649230957
1910.2054                0.1514868438243866
1910.2904                0.1571836471557617
1910.3726                0.1566651463508606
1910.4575                0.1402618288993835
1910.5397                0.1191852614283562
1910.6246                0.1150964796543121
1910.7096                0.1194828078150749
1910.7917                0.1289216578006744
1910.8767                0.1320097148418427
1910.9589                0.1287568509578705
1911.0438                0.1343750655651093
1911.1260                0.1434101164340973
1911.2054                0.1532496064901352
1911.2904                0.1577158868312836
1911.3726                0.1554460525512695
1911.4575                0.1399505138397217
1911.5397                0.1181469634175301
1911.6246                0.1142147928476334
1911.7096                0.1187622249126434
1911.7917                0.1288549602031708
1911.8767                0.1320978105068207
1911.9589                0.1297917962074280
1912.0437                0.1368851214647293
1912.1257                0.1443322300910950
1912.2076                0.1511766612529755
1912.2924                0.1560173928737640
1912.3743                0.1569032967090607
1912.4590                0.1415938735008240
1912.5410                0.1215192601084709
1912.6257                0.1160682514309883
1912.7103                0.1217666417360306
1912.7924                0.1311406195163727
1912.8771                0.1342500150203705
1912.9590                0.1305267661809921
1913.0438                0.1360795795917511
1913.1260                0.1448255181312561
1913.2054                0.1534497439861298
1913.2904                0.1597582399845123
1913.3726                0.1587229818105698
1913.4575                0.1435547918081284
1913.5397                0.1220190525054932
1913.6246                0.1175875812768936
1913.7096                0.1229389682412148
1913.7917                0.1324119865894318
1913.8767                0.1340466886758804
1913.9589                0.1301732063293457
1914.0438                0.1367777884006500
1914.1260                0.1446472257375717
1914.2054                0.1546770930290222
1914.2904                0.1612775325775146
1914.3726                0.1629582792520523
1914.4575                0.1485941857099533
1914.5397                0.1249451637268066
1914.6246                0.1191084310412407
1914.7096                0.1242128610610962
1914.7917                0.1331129074096680
1914.8767                0.1368109285831451
1914.9589                0.1356190294027328
1915.0438                0.1416956633329391
1915.1260                0.1519160717725754
1915.2054                0.1603029370307922
1915.2904                0.1658322662115097
1915.3726                0.1650200486183167
1915.4575                0.1495917290449142
1915.5397                0.1257290840148926
1915.6246                0.1195515245199203
1915.7096                0.1243518963456154
1915.7917                0.1337630748748779
1915.8767                0.1380002796649933
1915.9589                0.1350104808807373
1916.0437                0.1419852077960968
1916.1257                0.1508312821388245
1916.2076                0.1581212878227234
1916.2924                0.1638863980770111
1916.3743                0.1655348688364029
1916.4590                0.1483570784330368
1916.5410                0.1263061165809631
1916.6257                0.1209612861275673
1916.7103                0.1246772408485413
1916.7924                0.1347449421882629
1916.8771                0.1367934942245483
1916.9590                0.1367710530757904
1917.0438                0.1434020996093750
1917.1260                0.1517609059810638
1917.2054                0.1592844575643539
1917.2904                0.1638192534446716
1917.3726                0.1639956086874008
1917.4575                0.1476893275976181
1917.5397                0.1248973608016968
1917.6246                0.1171808764338493
1917.7096                0.1239910274744034
1917.7917                0.1337475478649139
1917.8767                0.1357237994670868
1917.9589                0.1338637024164200
1918.0438                0.1401646435260773
1918.1260                0.1481768190860748
1918.2054                0.1572991013526917
1918.2904                0.1616042256355286
1918.3726                0.1583490073680878
1918.4575                0.1425877809524536
1918.5397                0.1217041313648224
1918.6246                0.1191405355930328
1918.7096                0.1252166032791138
1918.7917                0.1356471776962280
1918.8767                0.1407929658889771
1918.9589                0.1351973265409470
1919.0438                0.1404938101768494
1919.1260                0.1493174582719803
1919.2054                0.1584506928920746
1919.2904                0.1642732769250870
1919.3726                0.1665605008602142
1919.4575                0.1520898640155792
1919.5397                0.1289685368537903
1919.6246                0.1230509057641029
1919.7096                0.1287358105182648
1919.7917                0.1375562250614166
1919.8767                0.1413215100765228
1919.9589                0.1357131600379944
1920.0437                0.1416383087635040
1920.1257                0.1501007527112961
1920.2076                0.1606670320034027
1920.2924                0.1663072556257248
1920.3743                0.1651794314384460
1920.4590                0.1509479284286499
1920.5410                0.1287245601415634
1920.6257                0.1232517138123512
1920.7103                0.1280435025691986
1920.7924                0.1385263204574585
1920.8771                0.1411662250757217
1920.9590                0.1325712502002716
1921.0438                0.1385068893432617
1921.1260                0.1477265506982803
1921.2054                0.1568722426891327
1921.2904                0.1621473580598831
1921.3726                0.1610391736030579
1921.4575                0.1458870172500610
1921.5397                0.1239132508635521
1921.6246                0.1194430366158485
1921.7096                0.1249308586120605
1921.7917                0.1351792663335800
1921.8767                0.1375577151775360
1921.9589                0.1343559324741364
1922.0438                0.1407611966133118
1922.1260                0.1505834609270096
1922.2054                0.1594114452600479
1922.2904                0.1652286499738693
1922.3726                0.1651172041893005
1922.4575                0.1512382030487061
1922.5397                0.1297250837087631
1922.6246                0.1218816637992859
1922.7096                0.1289450377225876
1922.7917                0.1386772245168686
1922.8767                0.1401891857385635
1922.9589                0.1384885609149933
1923.0438                0.1439693868160248
1923.1260                0.1526394635438919
1923.2054                0.1610675454139709
1923.2904                0.1672555059194565
1923.3726                0.1668809801340103
1923.4575                0.1547166258096695
1923.5397                0.1331481039524078
1923.6246                0.1273748129606247
1923.7096                0.1313582211732864
1923.7917                0.1394876539707184
1923.8767                0.1442642509937286
1923.9589                0.1405342221260071
1924.0437                0.1465638577938080
1924.1257                0.1550627052783966
1924.2076                0.1627512574195862
1924.2924                0.1673990041017532
1924.3743                0.1668438166379929
1924.4590                0.1511060893535614
1924.5410                0.1307871043682098
1924.6257                0.1269316375255585
1924.7103                0.1322085261344910
1924.7924                0.1432996243238449
1924.8771                0.1466574668884277
1924.9590                0.1428299248218536
1925.0438                0.1494305431842804
1925.1260                0.1567883789539337
1925.2054                0.1661287546157837
1925.2904                0.1699798554182053
1925.3726                0.1713814735412598
1925.4575                0.1539906561374664
1925.5397                0.1333374381065369
1925.6246                0.1288843750953674
1925.7096                0.1345321834087372
1925.7917                0.1437289863824844
1925.8767                0.1463121175765991
1925.9589                0.1411662548780441
1926.0438                0.1487759053707123
1926.1260                0.1560664325952530
1926.2054                0.1649020612239838
1926.2904                0.1710887551307678
1926.3726                0.1697478592395782
1926.4575                0.1522566229104996
1926.5397                0.1314677596092224
1926.6246                0.1274331510066986
1926.7096                0.1328209787607193
1926.7917                0.1418076753616333
1926.8767                0.1442674696445465
1926.9589                0.1390399634838104
1927.0438                0.1458861976861954
1927.1260                0.1556105315685272
1927.2054                0.1630781292915344
1927.2904                0.1686831116676331
1927.3726                0.1705480068922043
1927.4575                0.1554833799600601
1927.5397                0.1342383921146393
1927.6246                0.1297965943813324
1927.7096                0.1353309452533722
1927.7917                0.1456884443759918
1927.8767                0.1473976671695709
1927.9589                0.1457386165857315
1928.0437                0.1528804749250412
1928.1257                0.1612407118082047
1928.2076                0.1711972057819366
1928.2924                0.1759374737739563
1928.3743                0.1736898124217987
1928.4590                0.1559250056743622
1928.5410                0.1326907277107239
1928.6257                0.1269648075103760
1928.7103                0.1316478252410889
1928.7924                0.1417086720466614
1928.8771                0.1461455523967743
1928.9590                0.1447294056415558
1929.0438                0.1517917662858963
1929.1260                0.1604262888431549
1929.2054                0.1680901497602463
1929.2904                0.1720506846904755
1929.3726                0.1712693870067596
1929.4575                0.1551764309406281
1929.5397                0.1320632547140121
1929.6246                0.1266757547855377
1929.7096                0.1319120079278946
1929.7917                0.1430347859859467
1929.8767                0.1467133164405823
1929.9589                0.1436539143323898
1930.0438                0.1493508219718933
1930.1260                0.1579468846321106
1930.2054                0.1662620306015015
1930.2904                0.1730583459138870
1930.3726                0.1720654368400574
1930.4575                0.1565101295709610
1930.5397                0.1352315843105316
1930.6246                0.1296218335628510
1930.7096                0.1347534060478210
1930.7917                0.1442542672157288
1930.8767                0.1441822648048401
1930.9589                0.1421930491924286
1931.0438                0.1506810188293457
1931.1260                0.1580614149570465
1931.2054                0.1675001531839371
1931.2904                0.1712785065174103
1931.3726                0.1702184826135635
1931.4575                0.1532760858535767
1931.5397                0.1300518512725830
1931.6246                0.1269636452198029
1931.7096                0.1316793262958527
1931.7917                0.1412046104669571
1931.8767                0.1456685662269592
1931.9589                0.1412253528833389
1932.0437                0.1486560702323914
1932.1257                0.1587803959846497
1932.2076                0.1667705774307251
1932.2924                0.1707151681184769
1932.3743                0.1712984889745712
1932.4590                0.1567284315824509
1932.5410                0.1365073621273041
1932.6257                0.1303006857633591
1932.7103                0.1348598897457123
1932.7924                0.1426212936639786
1932.8771                0.1451622396707535
1932.9590                0.1452667415142059
1933.0438                0.1505971997976303
1933.1260                0.1592998355627060
1933.2054                0.1689539253711700
1933.2904                0.1721961200237274
1933.3726                0.1727512478828430
1933.4575                0.1563429981470108
1933.5397                0.1342796832323074
1933.6246                0.1268755197525024
1933.7096                0.1325145959854126
1933.7917                0.1432296335697174
1933.8767                0.1484344452619553
1933.9589                0.1476665288209915
1934.0438                0.1535737663507462
1934.1260                0.1617528796195984
1934.2054                0.1699549853801727
1934.2904                0.1754509657621384
1934.3726                0.1749024689197540
1934.4575                0.1558968424797058
1934.5397                0.1353064030408859
1934.6246                0.1287165284156799
1934.7096                0.1340896487236023
1934.7917                0.1436009854078293
1934.8767                0.1488683819770813
1934.9589                0.1471702158451080
1935.0438                0.1546852886676788
1935.1260                0.1622702777385712
1935.2054                0.1710599660873413
1935.2904                0.1756141334772110
1935.3726                0.1723768264055252
1935.4575                0.1525879651308060
1935.5397                0.1307987272739410
1935.6246                0.1247307807207108
1935.7096                0.1301746964454651
1935.7917                0.1412573009729385
1935.8767                0.1444803774356842
1935.9589                0.1441944539546967
1936.0437                0.1506386399269104
1936.1257                0.1600480526685715
1936.2076                0.1692177653312683
1936.2924                0.1743173748254776
1936.3743                0.1741354465484619
1936.4590                0.1545201241970062
1936.5410                0.1332389265298843
1936.6257                0.1249116733670235
1936.7103                0.1309287101030350
1936.7924                0.1405635476112366
1936.8771                0.1436744034290314
1936.9590                0.1426442712545395
1937.0438                0.1504495143890381
1937.1260                0.1588706374168396
1937.2054                0.1667727977037430
1937.2904                0.1715742945671082
1937.3726                0.1703346967697144
1937.4575                0.1528351604938507
1937.5397                0.1297930330038071
1937.6246                0.1253769397735596
1937.7096                0.1318112015724182
1937.7917                0.1429229974746704
1937.8767                0.1460269689559937
1937.9589                0.1428488790988922
1938.0438                0.1520694047212601
1938.1260                0.1609250903129578
1938.2054                0.1695691049098969
1938.2904                0.1764671206474304
1938.3726                0.1758517473936081
1938.4575                0.1592222750186920
1938.5397                0.1365431249141693
1938.6246                0.1309803426265717
1938.7096                0.1380617022514343
1938.7917                0.1492105871438980
1938.8767                0.1521674543619156
1938.9589                0.1487507224082947
1939.0438                0.1537386775016785
1939.1260                0.1619642376899719
1939.2054                0.1705457717180252
1939.2904                0.1760752499103546
1939.3726                0.1757643818855286
1939.4575                0.1609006077051163
1939.5397                0.1396214067935944
1939.6246                0.1348614394664764
1939.7096                0.1412800699472427
1939.7917                0.1516684591770172
1939.8767                0.1547030359506607
1939.9589                0.1508062779903412
1940.0437                0.1585194021463394
1940.1257                0.1662043929100037
1940.2076                0.1735940724611282
1940.2924                0.1791555136442184
1940.3743                0.1790659278631210
1940.4590                0.1627312302589417
1940.5410                0.1390747129917145
1940.6257                0.1342112421989441
1940.7103                0.1387172639369965
1940.7924                0.1461937129497528
1940.8771                0.1500140428543091
1940.9590                0.1496335566043854
1941.0438                0.1573707759380341
1941.1260                0.1665777266025543
1941.2054                0.1754301041364670
1941.2904                0.1814496070146561
1941.3726                0.1798027306795120
1941.4575                0.1616802662611008
1941.5397                0.1380962133407593
1941.6246                0.1320337653160095
1941.7096                0.1368441879749298
1941.7917                0.1470040529966354
1941.8767                0.1484844833612442
1941.9589                0.1477166563272476
1942.0438                0.1572940647602081
1942.1260                0.1657549291849136
1942.2054                0.1743651032447815
1942.2904                0.1790083348751068
1942.3726                0.1783706545829773
1942.4575                0.1573364734649658
1942.5397                0.1343374252319336
1942.6246                0.1303748935461044
1942.7096                0.1347972601652145
1942.7917                0.1445766091346741
1942.8767                0.1470399498939514
1942.9589                0.1478703171014786
1943.0438                0.1573593914508820
1943.1260                0.1665230691432953
1943.2054                0.1765191555023193
1943.2904                0.1809386312961578
1943.3726                0.1785389631986618
1943.4575                0.1585693359375000
1943.5397                0.1370449960231781
1943.6246                0.1323876976966858
1943.7096                0.1381191015243530
1943.7917                0.1483607143163681
1943.8767                0.1523801833391190
1943.9589                0.1509379297494888
1944.0437                0.1594245135784149
1944.1257                0.1695549488067627
1944.2076                0.1772131621837616
1944.2924                0.1827629059553146
1944.3743                0.1826185882091522
1944.4590                0.1643967181444168
1944.5410                0.1411282420158386
1944.6257                0.1372521966695786
1944.7103                0.1429300010204315
1944.7924                0.1540189683437347
1944.8771                0.1559066623449326
1944.9590                0.1507321149110794
1945.0438                0.1585270464420319
1945.1260                0.1675408184528351
1945.2054                0.1766555905342102
1945.2904                0.1805549561977386
1945.3726                0.1796605139970779
1945.4575                0.1626110672950745
1945.5397                0.1407646536827087
1945.6246                0.1376328170299530
1945.7096                0.1442884802818298
1945.7917                0.1551956236362457
1945.8767                0.1574737429618835
1945.9589                0.1543468981981277
1946.0438                0.1609936505556107
1946.1260                0.1702187359333038
1946.2054                0.1781833171844482
1946.2904                0.1837179511785507
1946.3726                0.1856515705585480
1946.4575                0.1672581583261490
1946.5397                0.1443217247724533
1946.6246                0.1397988498210907
1946.7096                0.1451300531625748
1946.7917                0.1556438058614731
1946.8767                0.1600978523492813
1946.9589                0.1563404798507690
1947.0438                0.1609559655189514
1947.1260                0.1698105186223984
1947.2054                0.1781648695468903
1947.2904                0.1829157620668411
1947.3726                0.1826710253953934
1947.4575                0.1674524843692780
1947.5397                0.1462692916393280
1947.6246                0.1405589580535889
1947.7096                0.1457059681415558
1947.7917                0.1543968170881271
1947.8767                0.1573381423950195
1947.9589                0.1522320359945297
1948.0437                0.1603320091962814
1948.1257                0.1689941287040710
1948.2076                0.1768899857997894
1948.2924                0.1827975660562515
1948.3743                0.1833131015300751
1948.4590                0.1681956499814987
1948.5410                0.1463953703641891
1948.6257                0.1415637433528900
1948.7103                0.1469205021858215
1948.7924                0.1571685969829559
1948.8771                0.1598916202783585
1948.9590                0.1567703783512115
1949.0438                0.1640982925891876
1949.1260                0.1731167733669281
1949.2054                0.1808327287435532
1949.2904                0.1870987862348557
1949.3726                0.1891434490680695
1949.4575                0.1716250777244568
1949.5397                0.1471373438835144
1949.6246                0.1417954564094543
1949.7096                0.1479983329772949
1949.7917                0.1582463085651398
1949.8767                0.1623113453388214
1949.9589                0.1571508049964905
1950.0438                0.1620536446571350
1950.1260                0.1726834625005722
1950.2054                0.1804853081703186
1950.2904                0.1846322715282440
1950.3726                0.1846809685230255
1950.4575                0.1688127964735031
1950.5397                0.1463504135608673
1950.6246                0.1413990557193756
1950.7096                0.1449614465236664
1950.7917                0.1542247235774994
1950.8767                0.1565568894147873
1950.9589                0.1552009135484695
1951.0438                0.1619881242513657
1951.1260                0.1695007681846619
1951.2054                0.1778431832790375
1951.2904                0.1833145171403885
1951.3726                0.1815174520015717
1951.4575                0.1634385287761688
1951.5397                0.1420182287693024
1951.6246                0.1374219357967377
1951.7096                0.1427939683198929
1951.7917                0.1532391160726547
1951.8767                0.1561744809150696
1951.9589                0.1548819690942764
1952.0437                0.1643529832363129
1952.1257                0.1735210418701172
1952.2076                0.1827539950609207
1952.2924                0.1874434649944305
1952.3743                0.1873161643743515
1952.4590                0.1687571555376053
1952.5410                0.1437138617038727
1952.6257                0.1371717005968094
1952.7103                0.1421828418970108
1952.7924                0.1524405181407928
1952.8771                0.1573905050754547
1952.9590                0.1607584655284882
1953.0438                0.1690248996019363
1953.1260                0.1785632371902466
1953.2054                0.1860882341861725
1953.2904                0.1891406774520874
1953.3726                0.1880273371934891
1953.4575                0.1703930348157883
1953.5397                0.1470558792352676
1953.6246                0.1418346166610718
1953.7096                0.1462398469448090
1953.7917                0.1574872434139252
1953.8767                0.1617864966392517
1953.9589                0.1597807109355927
1954.0438                0.1674489229917526
1954.1260                0.1768241375684738
1954.2054                0.1860680580139160
1954.2904                0.1905712932348251
1954.3726                0.1911526173353195
1954.4575                0.1706658154726028
1954.5397                0.1482471823692322
1954.6246                0.1427603214979172
1954.7096                0.1486162096261978
1954.7917                0.1585685014724731
1954.8767                0.1636025607585907
1954.9589                0.1622923761606216
1955.0438                0.1705945283174515
1955.1260                0.1787974685430527
1955.2054                0.1871879994869232
1955.2904                0.1914307922124863
1955.3726                0.1929668039083481
1955.4575                0.1750018000602722
1955.5397                0.1533369570970535
1955.6246                0.1482296139001846
1955.7096                0.1558314561843872
1955.7917                0.1671590507030487
1955.8767                0.1706748306751251
1955.9589                0.1649308502674103
1956.0437                0.1703689098358154
1956.1257                0.1798380762338638
1956.2076                0.1881802082061768
1956.2924                0.1944749653339386
1956.3743                0.1947722434997559
1956.4590                0.1805863529443741
1956.5410                0.1592405587434769
1956.6257                0.1526084244251251
1956.7103                0.1586152613162994
1956.7924                0.1689376085996628
1956.8771                0.1696932762861252
1956.9590                0.1674281358718872
1957.0438                0.1744303107261658
1957.1260                0.1837348639965057
1957.2054                0.1921330094337463
1957.2904                0.1956399679183960
1957.3726                0.1949278265237808
1957.4575                0.1770729124546051
1957.5397                0.1542118489742279
1957.6246                0.1485910266637802
1957.7096                0.1540283262729645
1957.7917                0.1636920869350433
1957.8767                0.1668475419282913
1957.9589                0.1661396324634552
1958.0438                0.1721453666687012
1958.1260                0.1807544529438019
1958.2054                0.1898100823163986
1958.2904                0.1955330371856689
1958.3726                0.1937262564897537
1958.4575                0.1786031126976013
1958.5397                0.1570490598678589
1958.6246                0.1521341353654861
1958.7096                0.1562742292881012
1958.7917                0.1668484210968018
1958.8767                0.1708976328372955
1958.9589                0.1664460003376007
1959.0438                0.1733077019453049
1959.1260                0.1815877258777618
1959.2054                0.1903811842203140
1959.2904                0.1959699839353561
1959.3726                0.1953510493040085
1959.4575                0.1804563701152802
1959.5397                0.1608711183071136
1959.6246                0.1569572836160660
1959.7096                0.1621108204126358
1959.7917                0.1705322265625000
1959.8767                0.1710097789764404
1959.9589                0.1676352322101593
1960.0437                0.1754842698574066
1960.1257                0.1858455985784531
1960.2076                0.1937014311552048
1960.2924                0.1980443894863129
1960.3743                0.1992567032575607
1960.4590                0.1810891181230545
1960.5410                0.1597992777824402
1960.6257                0.1547133326530457
1960.7103                0.1609929203987122
1960.7924                0.1699949353933334
1960.8771                0.1732490360736847
1960.9590                0.1663913726806641
1961.0438                0.1745358705520630
1961.1260                0.1829568743705750
1961.2054                0.1909821629524231
1961.2904                0.1983636170625687
1961.3726                0.1990225762128830
1961.4575                0.1821047365665436
1961.5397                0.1595970094203949
1961.6246                0.1542588621377945
1961.7096                0.1587916165590286
1961.7917                0.1708735972642899
1961.8767                0.1728101372718811
1961.9589                0.1702277958393097
1962.0438                0.1768748313188553
1962.1260                0.1869002580642700
1962.2054                0.1945205777883530
1962.2904                0.1987611651420593
1962.3726                0.1995661705732346
1962.4575                0.1845580488443375
1962.5397                0.1645571440458298
1962.6246                0.1603651344776154
1962.7096                0.1660476326942444
1962.7917                0.1771331131458282
1962.8767                0.1791152656078339
1962.9589                0.1762943714857101
1963.0438                0.1831140965223312
1963.1260                0.1917089223861694
1963.2054                0.1988493353128433
1963.2904                0.2045639604330063
1963.3726                0.2060102373361588
1963.4575                0.1874693930149078
1963.5397                0.1654970049858093
1963.6246                0.1601154506206512
1963.7096                0.1643369495868683
1963.7917                0.1738118082284927
1963.8767                0.1789972186088562
1963.9589                0.1742618680000305
1964.0437                0.1805178225040436
1964.1257                0.1897765398025513
1964.2076                0.1979435235261917
1964.2924                0.2033268213272095
1964.3743                0.2032922059297562
1964.4590                0.1855798810720444
1964.5410                0.1628388762474060
1964.6257                0.1567442715167999
1964.7103                0.1608771085739136
1964.7924                0.1704354584217072
1964.8771                0.1748205721378326
1964.9590                0.1719224750995636
1965.0438                0.1805836856365204
1965.1260                0.1887077242136002
1965.2054                0.1968143284320831
1965.2904                0.2029510438442230
1965.3726                0.2021163702011108
1965.4575                0.1864244788885117
1965.5397                0.1648055762052536
1965.6246                0.1593430042266846
1965.7096                0.1641929447650909
1965.7917                0.1748431324958801
1965.8767                0.1775398105382919
1965.9589                0.1746814101934433
1966.0438                0.1810366511344910
1966.1260                0.1893242448568344
1966.2054                0.1984788477420807
1966.2904                0.2037039399147034
1966.3726                0.2017473131418228
1966.4575                0.1842927634716034
1966.5397                0.1638887673616409
1966.6246                0.1583892852067947
1966.7096                0.1622276455163956
1966.7917                0.1727437376976013
1966.8767                0.1772212684154510
1966.9589                0.1759950816631317
1967.0438                0.1830112934112549
1967.1260                0.1909444630146027
1967.2054                0.1991315931081772
1967.2904                0.2040604203939438
1967.3726                0.2025038599967957
1967.4575                0.1847094297409058
1967.5397                0.1606828868389130
1967.6246                0.1555406153202057
1967.7096                0.1617127507925034
1967.7917                0.1724836826324463
1967.8767                0.1741006076335907
1967.9589                0.1726150363683701
1968.0437                0.1782874315977097
1968.1257                0.1873423308134079
1968.2076                0.1970317810773849
1968.2924                0.2004700452089310
1968.3743                0.2011381536722183
1968.4590                0.1810707449913025
1968.5410                0.1579436361789703
1968.6257                0.1527032405138016
1968.7103                0.1574110984802246
1968.7924                0.1672560572624207
1968.8771                0.1713957190513611
1968.9590                0.1698087751865387
1969.0438                0.1780029684305191
1969.1260                0.1881567984819412
1969.2054                0.1971732228994370
1969.2904                0.2029426842927933
1969.3726                0.2015598714351654
1969.4575                0.1819407790899277
1969.5397                0.1587005704641342
1969.6246                0.1549717485904694
1969.7096                0.1604396998882294
1969.7917                0.1716865897178650
1969.8767                0.1757727712392807
1969.9589                0.1725487411022186
1970.0438                0.1799053549766541
1970.1260                0.1895714849233627
1970.2054                0.1995638012886047
1970.2904                0.2023112624883652
1970.3726                0.2024901658296585
1970.4575                0.1820870190858841
1970.5397                0.1590297371149063
1970.6246                0.1557931602001190
1970.7096                0.1623478531837463
1970.7917                0.1715697646141052
1970.8767                0.1783314049243927
1970.9589                0.1745626330375671
1971.0438                0.1806749105453491
1971.1260                0.1891992390155792
1971.2054                0.1979279369115829
1971.2904                0.2019317001104355
1971.3726                0.2002311348915100
1971.4575                0.1823413968086243
1971.5397                0.1615036278963089
1971.6246                0.1568031311035156
1971.7096                0.1633927673101425
1971.7917                0.1760188788175583
1971.8767                0.1764290928840637
1971.9589                0.1740196943283081
1972.0437                0.1799284964799881
1972.1257                0.1884816288948059
1972.2076                0.1985056549310684
1972.2924                0.2028256803750992
1972.3743                0.2035075575113297
1972.4590                0.1874646246433258
1972.5410                0.1652642041444778
1972.6257                0.1601473540067673
1972.7103                0.1646731197834015
1972.7924                0.1760338693857193
1972.8771                0.1775400489568710
1972.9590                0.1761534214019775
1973.0438                0.1845241934061050
1973.1260                0.1935863643884659
1973.2054                0.2018732726573944
1973.2904                0.2064287364482880
1973.3726                0.2083994597196579
1973.4575                0.1901449561119080
1973.5397                0.1683881878852844
1973.6246                0.1626889705657959
1973.7096                0.1697080433368683
1973.7917                0.1799202710390091
1973.8767                0.1834811717271805
1973.9589                0.1813475042581558
1974.0438                0.1877519190311432
1974.1260                0.1971464604139328
1974.2054                0.2053020000457764
1974.2904                0.2128653079271317
1974.3726                0.2131743282079697
1974.4575                0.1942818015813828
1974.5397                0.1726547777652740
1974.6246                0.1671907454729080
1974.7096                0.1735949069261551
1974.7917                0.1835870891809464
1974.8767                0.1860590875148773
1974.9589                0.1803455948829651
1975.0438                0.1873431950807571
1975.1260                0.1952072530984879
1975.2054                0.2035301476716995
1975.2904                0.2086353302001953
1975.3726                0.2085965722799301
1975.4575                0.1906108409166336
1975.5397                0.1694543659687042
1975.6246                0.1647506505250931
1975.7096                0.1673741340637207
1975.7917                0.1777484863996506
1975.8767                0.1801072508096695
1975.9589                0.1774787902832031
1976.0437                0.1858661770820618
1976.1257                0.1954583078622818
1976.2076                0.2017050534486771
1976.2924                0.2060405015945435
1976.3743                0.2048920392990112
1976.4590                0.1874512434005737
1976.5410                0.1677981317043304
1976.6257                0.1624078303575516
1976.7103                0.1680189073085785
1976.7924                0.1780362576246262
1976.8771                0.1816089600324631
1976.9590                0.1813229918479919
1977.0438                0.1910285949707031
1977.1260                0.1995408833026886
1977.2054                0.2087190300226212
1977.2904                0.2139260619878769
1977.3726                0.2142022401094437
1977.4575                0.1952924430370331
1977.5397                0.1710816323757172
1977.6246                0.1661871373653412
1977.7096                0.1709410101175308
1977.7917                0.1802842319011688
1977.8767                0.1831420063972473
1977.9589                0.1837328374385834
1978.0438                0.1921116560697556
1978.1260                0.1994808167219162
1978.2054                0.2086289077997208
1978.2904                0.2124581634998322
1978.3726                0.2144212871789932
1978.4575                0.1962698400020599
1978.5397                0.1751237660646439
1978.6246                0.1703082919120789
1978.7096                0.1752545833587646
1978.7917                0.1886280030012131
1978.8767                0.1895468682050705
1978.9589                0.1861530095338821
1979.0438                0.1945701539516449
1979.1260                0.2042559981346130
1979.2054                0.2121715545654297
1979.2904                0.2171134203672409
1979.3726                0.2176594287157059
1979.4575                0.2004651725292206
1979.5397                0.1774975657463074
1979.6246                0.1714244186878204
1979.7096                0.1759363263845444
1979.7917                0.1864792108535767
1979.8767                0.1900908350944519
1979.9589                0.1901598572731018
1980.0437                0.1989129781723022
1980.1257                0.2074593305587769
1980.2076                0.2155223637819290
1980.2924                0.2191043496131897
1980.3743                0.2196545153856277
1980.4590                0.2022928446531296
1980.5410                0.1818623095750809
1980.6257                0.1758815646171570
1980.7103                0.1816413998603821
1980.7924                0.1913813650608063
1980.8771                0.1944528818130493
1980.9590                0.1922421753406525
1981.0438                0.1991065442562103
1981.1260                0.2082430869340897
1981.2054                0.2164641469717026
1981.2904                0.2212041020393372
1981.3726                0.2205295860767365
1981.4575                0.2044781893491745
1981.5397                0.1827039420604706
1981.6246                0.1767206788063049
1981.7096                0.1822201460599899
1981.7917                0.1929147541522980
1981.8767                0.1969327777624130
1981.9589                0.1952099949121475
1982.0438                0.2025909274816513
1982.1260                0.2100660055875778
1982.2054                0.2182853370904922
1982.2904                0.2228006571531296
1982.3726                0.2236066758632660
1982.4575                0.2083923369646072
1982.5397                0.1857302486896515
1982.6246                0.1805996298789978
1982.7096                0.1851746439933777
1982.7917                0.1952292174100876
1982.8767                0.1979069113731384
1982.9589                0.1941679865121841
1983.0438                0.2008174806833267
1983.1260                0.2096131891012192
1983.2054                0.2174154669046402
1983.2904                0.2233123481273651
1983.3726                0.2221850007772446
1983.4575                0.2057832032442093
1983.5397                0.1837170422077179
1983.6246                0.1785818636417389
1983.7096                0.1818768978118896
1983.7917                0.1935728490352631
1983.8767                0.1962662637233734
1983.9589                0.1937537491321564
1984.0437                0.1994561553001404
1984.1257                0.2087896317243576
1984.2076                0.2182975858449936
1984.2924                0.2224406749010086
1984.3743                0.2249116897583008
1984.4590                0.2078342139720917
1984.5410                0.1856389492750168
1984.6257                0.1782067567110062
1984.7103                0.1841318607330322
1984.7924                0.1947219371795654
1984.8771                0.1974093317985535
1984.9590                0.1939215362071991
1985.0438                0.2019042521715164
1985.1260                0.2106355577707291
1985.2054                0.2176480144262314
1985.2904                0.2244813144207001
1985.3726                0.2230176031589508
1985.4575                0.2067338675260544
1985.5397                0.1836971342563629
1985.6246                0.1764405369758606
1985.7096                0.1807863861322403
1985.7917                0.1923829913139343
1985.8767                0.1964786797761917
1985.9589                0.1939522922039032
1986.0438                0.2007330954074860
1986.1260                0.2090840190649033
1986.2054                0.2170116603374481
1986.2904                0.2228498756885529
1986.3726                0.2238801717758179
1986.4575                0.2065032124519348
1986.5397                0.1829378008842468
1986.6246                0.1765808910131454
1986.7096                0.1829858124256134
1986.7917                0.1928634196519852
1986.8767                0.1985719949007034
1986.9589                0.1966365873813629
1987.0438                0.2048575431108475
1987.1260                0.2132046073675156
1987.2054                0.2210902124643326
1987.2904                0.2257317304611206
1987.3726                0.2242499589920044
1987.4575                0.2053923606872559
1987.5397                0.1842624992132187
1987.6246                0.1779285520315170
1987.7096                0.1816054880619049
1987.7917                0.1907043308019638
1987.8767                0.1971977800130844
1987.9589                0.1957998871803284
1988.0437                0.2042398303747177
1988.1257                0.2133529335260391
1988.2076                0.2231058925390244
1988.2924                0.2269116193056107
1988.3743                0.2238594740629196
1988.4590                0.2046127468347549
1988.5410                0.1827162653207779
1988.6257                0.1779538840055466
1988.7103                0.1840464472770691
1988.7924                0.1926716417074203
1988.8771                0.1960857361555099
1988.9590                0.1948335021734238
1989.0438                0.2022417932748795
1989.1260                0.2112102806568146
1989.2054                0.2197908908128738
1989.2904                0.2233458310365677
1989.3726                0.2211802154779434
1989.4575                0.2014675289392471
1989.5397                0.1777784079313278
1989.6246                0.1725607365369797
1989.7096                0.1795589476823807
1989.7917                0.1904631853103638
1989.8767                0.1963802278041840
1989.9589                0.1947974413633347
1990.0438                0.2027276456356049
1990.1260                0.2111019790172577
1990.2054                0.2199150472879410
1990.2904                0.2245093584060669
1990.3726                0.2241005152463913
1990.4575                0.2038788795471191
1990.5397                0.1814967393875122
1990.6246                0.1754157841205597
1990.7096                0.1817473918199539
1990.7917                0.1934116333723068
1990.8767                0.2017099857330322
1990.9589                0.2006064057350159
1991.0438                0.2062024921178818
1991.1260                0.2139538377523422
1991.2054                0.2236403077840805
1991.2904                0.2287557870149612
1991.3726                0.2269792556762695
1991.4575                0.2070393413305283
1991.5397                0.1851267367601395
1991.6246                0.1787890493869781
1991.7096                0.1831109374761581
1991.7917                0.1930354237556458
1991.8767                0.1986938565969467
1991.9589                0.2017026841640472
1992.0437                0.2077448368072510
1992.1257                0.2158827483654022
1992.2076                0.2244673520326614
1992.2924                0.2284060716629028
1992.3743                0.2266871333122253
1992.4590                0.2092846333980560
1992.5410                0.1865014433860779
1992.6257                0.1814257055521011
1992.7103                0.1855017542839050
1992.7924                0.1959465146064758
1992.8771                0.2005728632211685
1992.9590                0.2005720585584641
1993.0438                0.2073390483856201
1993.1260                0.2160926908254623
1993.2054                0.2259082794189453
1993.2904                0.2289316952228546
1993.3726                0.2277168333530426
1993.4575                0.2073105871677399
1993.5397                0.1846393942832947
1993.6246                0.1773054152727127
1993.7096                0.1837023496627808
1993.7917                0.1963668465614319
1993.8767                0.1982543617486954
1993.9589                0.1978093087673187
1994.0438                0.2065919935703278
1994.1260                0.2144597768783569
1994.2054                0.2227704674005508
1994.2904                0.2271897345781326
1994.3726                0.2261450141668320
1994.4575                0.2065663635730743
1994.5397                0.1846671104431152
1994.6246                0.1803594529628754
1994.7096                0.1864756494760513
1994.7917                0.1966539919376373
1994.8767                0.1997925341129303
1994.9589                0.1967140883207321
1995.0438                0.2061157375574112
1995.1260                0.2143676877021790
1995.2054                0.2225172072649002
1995.2904                0.2275815308094025
1995.3726                0.2256001979112625
1995.4575                0.2053346186876297
1995.5397                0.1846914887428284
1995.6246                0.1791971623897552
1995.7096                0.1838185191154480
1995.7917                0.1947959214448929
1995.8767                0.2006187140941620
1995.9589                0.2000797241926193
1996.0437                0.2080360203981400
1996.1257                0.2175247818231583
1996.2076                0.2275492399930954
1996.2924                0.2337249219417572
1996.3743                0.2327137291431427
1996.4590                0.2130306363105774
1996.5410                0.1904415786266327
1996.6257                0.1850520074367523
1996.7103                0.1899124979972839
1996.7924                0.2016421705484390
1996.8771                0.2034614235162735
1996.9590                0.2055444866418839
1997.0438                0.2132347226142883
1997.1260                0.2209116518497467
1997.2054                0.2312366217374802
1997.2904                0.2342600077390671
1997.3726                0.2339941710233688
1997.4575                0.2140951603651047
1997.5397                0.1928224563598633
1997.6246                0.1860276013612747
1997.7096                0.1905503422021866
1997.7917                0.2010147869586945
1997.8767                0.2086000144481659
1997.9589                0.2075067758560181
1998.0438                0.2141509652137756
1998.1260                0.2239090651273727
1998.2054                0.2337983399629593
1998.2904                0.2402871251106262
1998.3726                0.2400665283203125
1998.4575                0.2210276424884796
1998.5397                0.1969642639160156
1998.6246                0.1920557916164398
1998.7096                0.1972086280584335
1998.7917                0.2079889625310898
1998.8767                0.2123860716819763
1998.9589                0.2117446660995483
1999.0438                0.2178267836570740
1999.1260                0.2275216281414032
1999.2054                0.2358829677104950
1999.2904                0.2415519356727600
1999.3726                0.2419832348823547
1999.4575                0.2253376096487045
1999.5397                0.2044329494237900
1999.6246                0.1986506730318069
1999.7096                0.2036346644163132
1999.7917                0.2133411765098572
1999.8767                0.2183397114276886
1999.9589                0.2149339616298676
2000.0437                0.2210497409105301
2000.1257                0.2305352091789246
2000.2076                0.2400584518909454
2000.2924                0.2442854642868042
2000.3743                0.2441888302564621
2000.4590                0.2254114151000977
2000.5410                0.2026205360889435
2000.6257                0.1975432932376862
2000.7103                0.2036039382219315
2000.7924                0.2137631326913834
2000.8771                0.2185589373111725
2000.9590                0.2164566814899445
2001.0438                0.2242051512002945
2001.1260                0.2343831509351730
2001.2054                0.2431766837835312
2001.2904                0.2490983307361603
2001.3726                0.2483651936054230
2001.4575                0.2292049825191498
2001.5397                0.2076642364263535
2001.6246                0.2014931291341782
2001.7096                0.2075248807668686
2001.7917                0.2174408137798309
2001.8767                0.2206497639417648
2001.9589                0.2186687141656876
2002.0438                0.2267169058322906
2002.1260                0.2364527285099030
2002.2054                0.2438246011734009
2002.2904                0.2480708658695221
2002.3726                0.2466922104358673
2002.4575                0.2288208752870560
2002.5397                0.2081471383571625
2002.6246                0.2034043520689011
2002.7096                0.2096228301525116
2002.7917                0.2182753235101700
2002.8767                0.2218110412359238
2002.9589                0.2209129482507706
2003.0438                0.2278847694396973
2003.1260                0.2373608648777008
2003.2054                0.2462055087089539
2003.2904                0.2511755526065826
2003.3726                0.2487437278032303
2003.4575                0.2298464477062225
2003.5397                0.2083561569452286
2003.6246                0.2031993865966797
2003.7096                0.2079381346702576
2003.7917                0.2188325524330139
2003.8767                0.2208163291215897
2003.9589                0.2205775827169418
