1871.5013                0.0000000000000000
1872.5027                0.0009120063041337
1873.5013                0.0006331763579510
1874.5013                0.0004530986479949
1875.5013                0.0035492728929967
1876.5027                0.0049259955994785
1877.5013                0.0044089984148741
1878.5013                0.0063085276633501
1879.5013                0.0055882167071104
1880.5027                0.0035725086927414
1881.5013                0.0056869690306485
1882.5013                0.0071740620769560
1883.5013                0.0069300858303905
1884.5027                0.0109789287671447
1885.5013                0.0118328453972936
1886.5013                0.0148418853059411
1887.5013                0.0143132703378797
1888.5027                0.0139473062008619
1889.5013                0.0137149477377534
1890.5013                0.0165032465010881
1891.5013                0.0135522969067097
1892.5027                0.0144178317859769
1893.5013                0.0187455043196678
1894.5013                0.0191869847476482
1895.5013                0.0199770033359528
1896.5027                0.0197969265282154
1897.5013                0.0212433561682701
1898.5013                0.0233926698565483
1899.5013                0.0214699059724808
1900.5013                0.0226955953985453
1901.5013                0.0244208555668592
1902.5013                0.0274705588817596
1903.5013                0.0290447864681482
1904.5027                0.0274357050657272
1905.5013                0.0283419024199247
1906.5013                0.0296721532940865
1907.5013                0.0316878631711006
1908.5027                0.0347491838037968
1909.5013                0.0363931171596050
1910.5013                0.0347898453474045
1911.5013                0.0336106270551682
1912.5027                0.0338487923145294
1913.5013                0.0345052070915699
1914.5013                0.0371076203882694
1915.5013                0.0370146743953228
1916.5027                0.0385772846639156
1917.5013                0.0384262502193451
1918.5013                0.0417664013803005
1919.5013                0.0441655032336712
1920.5027                0.0468492396175861
1921.5013                0.0494923144578934
1922.5013                0.0494342260062695
1923.5013                0.0512350015342236
1924.5027                0.0536805726587772
1925.5013                0.0556440018117428
1926.5013                0.0562539398670197
1927.5013                0.0573111735284328
1928.5027                0.0592920258641243
1929.5013                0.0608488284051418
1930.5013                0.0614878125488758
1931.5013                0.0644445717334747
1932.5027                0.0663847625255585
1933.5013                0.0681971609592438
1934.5013                0.0688012912869453
1935.5013                0.0692079141736031
1936.5027                0.0686502531170845
1937.5013                0.0713456124067307
1938.5013                0.0724725499749184
1939.5013                0.0763703584671021
1940.5027                0.0758533626794815
1941.5013                0.0733613222837448
1942.5013                0.0771197155117989
1943.5013                0.0792516022920609
1944.5027                0.0782873183488846
1945.5013                0.0783221721649170
1946.5013                0.0825162380933762
1947.5013                0.0877559185028076
1948.5027                0.0893185287714005
1949.5013                0.0876745879650116
1950.5013                0.0876862108707428
1951.5013                0.0885633602738380
1952.5027                0.0913342311978340
1953.5013                0.0910379737615585
1954.5013                0.0951913818717003
1955.5013                0.0964983999729156
1956.5027                0.0944013670086861
1957.5013                0.0943607017397881
1958.5013                0.0948951244354248
1959.5013                0.0976195260882378
1960.5027                0.0981249064207077
1961.5013                0.0992460325360298
1962.5013                0.0967598035931587
1963.5013                0.0973348841071129
1964.5027                0.0968178883194923
1965.5013                0.0997630283236504
1966.5013                0.1020401418209076
1967.5013                0.1043521091341972
1968.5027                0.1062922999262810
1969.5013                0.1076748296618462
1970.5013                0.1078026294708252
1971.5013                0.1094291359186172
1972.5027                0.1107710078358650
1973.5013                0.1094639897346497
1974.5013                0.1125078797340393
1975.5013                0.1160629615187645
1976.5027                0.1142099052667618
1977.5013                0.1128448024392128
1978.5013                0.1169923990964890
1979.5013                0.1187931746244431
1980.5027                0.1192462742328644
1981.5013                0.1193334087729454
1982.5013                0.1233415901660919
1983.5013                0.1239573359489441
1984.5027                0.1237424090504646
1985.5013                0.1273555755615234
1986.5013                0.1283256709575653
1987.5013                0.1297837197780609
1988.5027                0.1321189254522324
1989.5013                0.1361561417579651
1990.5013                0.1358424574136734
1991.5013                0.1389270275831223
1992.5027                0.1415236294269562
1993.5013                0.1402805149555206
1994.5013                0.1416397988796234
1995.5013                0.1456189453601837
1996.5027                0.1454795300960541
1997.5013                0.1486279815435410
1998.5013                0.1507831066846848
1999.5013                0.1513349562883377
2000.5027                0.1527232974767685
