1851.0438                0.0027529047802091
1851.1260                0.0033151933457702
1851.2054                0.0041002281941473
1851.2904                0.0046265712007880
1851.3726                0.0044171907939017
1851.4575                0.0035499974619597
1851.5397                0.0026665921323001
1851.6246                0.0022910279221833
1851.7096                0.0032866282854229
1851.7917                0.0037060985341668
1851.8767                0.0037956465967000
1851.9589                0.0031551553402096
1852.0437                0.0024356029462069
1852.1257                0.0020071363542229
1852.2076                0.0021098810248077
1852.2924                0.0024675847962499
1852.3743                0.0019118342315778
1852.4590                0.0010023101931438
1852.5410                0.0001023370641633
1852.6257               -0.0003754060599022
1852.7103                0.0004587640578393
1852.7924                0.0007595648639835
1852.8771                0.0006094119162299
1852.9590                0.0005372648593038
1853.0438                0.0006896427948959
1853.1260                0.0013715971726924
1853.2054                0.0022940412163734
1853.2904                0.0027503198944032
1853.3726                0.0026289513334632
1853.4575                0.0015712945023552
1853.5397                0.0001445744128432
1853.6246               -0.0003927557845600
1853.7096                0.0006653080927208
1853.7917                0.0013180236564949
1853.8767                0.0019767717458308
1853.9589                0.0023369763512164
1854.0438                0.0020962385460734
1854.1260                0.0017907554283738
1854.2054                0.0025417937431484
1854.2904                0.0030654564034194
1854.3726                0.0028670814353973
1854.4575                0.0020631453953683
1854.5397                0.0013861368643120
1854.6246                0.0013017444871366
1854.7096                0.0019866502843797
1854.7917                0.0029434137977660
1854.8767                0.0036388388834894
1854.9589                0.0044800690375268
1855.0438                0.0049652601592243
1855.1260                0.0052434490062296
1855.2054                0.0052248523570597
1855.2904                0.0053213252685964
1855.3726                0.0048434524796903
1855.4575                0.0038120318204165
1855.5397                0.0025965818203986
1855.6246                0.0024978760629892
1855.7096                0.0029998910613358
1855.7917                0.0032017237972468
1855.8767                0.0029312658589333
1855.9589                0.0027104751206934
1856.0437                0.0024578564334661
1856.1257                0.0021134263370186
1856.2076                0.0021310937590897
1856.2924                0.0021127068903297
1856.3743                0.0019235379295424
1856.4590                0.0015410679625347
1856.5410                0.0007887165993452
1856.6257                0.0004264943709131
1856.7103                0.0009786520386115
1856.7924                0.0015948185464367
1856.8771                0.0017582408618182
1856.9590                0.0015799767570570
1857.0438                0.0014820258365944
1857.1260                0.0020899851806462
1857.2054                0.0029013527091593
1857.2904                0.0030070468783379
1857.3726                0.0026259697042406
1857.4575                0.0016126862028614
1857.5397                0.0006716068601236
1857.6246               -0.0000054820420701
1857.7096                0.0006541695911437
1857.7917                0.0005402708775364
1857.8767                0.0006254497566260
1857.9589                0.0010339507134631
1858.0438                0.0007255648379214
1858.1260                0.0012888985220343
1858.2054                0.0016964209498838
1858.2904                0.0018470110371709
1858.3726                0.0016532236477360
1858.4575                0.0004460371274035
1858.5397               -0.0005078350077383
1858.6246               -0.0004439023905434
1858.7096                0.0004413895076141
1858.7917                0.0007263576262631
1858.8767                0.0011110687628388
1858.9589                0.0018063466995955
1859.0438                0.0019992252346128
1859.1260                0.0022474990691990
1859.2054                0.0023872544988990
1859.2904                0.0025719010736793
1859.3726                0.0016924197552726
1859.4575                0.0007145922281779
1859.5397               -0.0000317945341521
1859.6246               -0.0005283080972731
1859.7096                0.0000589187729929
1859.7917                0.0006844341987744
1859.8767                0.0005915779620409
1859.9589                0.0005697199958377
1860.0437                0.0004309361684136
1860.1257                0.0006888034986332
1860.2076                0.0010530207073316
1860.2924                0.0016579226357862
1860.3743                0.0012536058202386
1860.4590                0.0005583717138506
1860.5410               -0.0001198862737510
1860.6257               -0.0003924665215891
1860.7103                0.0001762710890034
1860.7924                0.0009638965129852
1860.8771                0.0013561439700425
1860.9590                0.0018876963295043
1861.0438                0.0019073402509093
1861.1260                0.0020623127929866
1861.2054                0.0023839122150093
1861.2904                0.0029280122835189
1861.3726                0.0028057175222784
1861.4575                0.0018373744096607
1861.5397                0.0008538070251234
1861.6246                0.0004487448895816
1861.7096                0.0012330430326983
1861.7917                0.0015665387036279
1861.8767                0.0015645694220439
1861.9589                0.0013440824113786
1862.0438                0.0010140433441848
1862.1260                0.0016675052465871
1862.2054                0.0022735334932804
1862.2904                0.0028316965326667
1862.3726                0.0024433343205601
1862.4575                0.0015042062150314
1862.5397                0.0001887628750410
1862.6246                0.0001140594540630
1862.7096                0.0005868019652553
1862.7917                0.0005894892965443
1862.8767                0.0005513611249626
1862.9589                0.0005966538446955
1863.0438                0.0004289450007491
1863.1260                0.0011787499533966
1863.2054                0.0014556584646925
1863.2904                0.0015699906507507
1863.3726                0.0017472780309618
1863.4575                0.0007335176924244
1863.5397               -0.0003231872979086
1863.6246               -0.0007025082595646
1863.7096               -0.0003389853227418
1863.7917                0.0003031989035662
1863.8767                0.0013127952115610
1863.9589                0.0015962896868587
1864.0437                0.0015573247801512
1864.1257                0.0019167099380866
1864.2076                0.0025821784511209
1864.2924                0.0031125152017921
1864.3743                0.0028141359798610
1864.4590                0.0016740816645324
1864.5410                0.0005478401435539
1864.6257                0.0003072640101891
1864.7103                0.0006817806861363
1864.7924                0.0010624595452100
1864.8771                0.0012752386974171
1864.9590                0.0009918067371473
1865.0438                0.0006293908809312
1865.1260               -0.0003939023008570
1865.2054               -0.0006488634389825
1865.2904               -0.0003472142270766
1865.3726               -0.0007464418886229
1865.4575               -0.0017437230562791
1865.5397               -0.0031152176670730
1865.6246               -0.0035441555082798
1865.7096               -0.0029435977339745
1865.7917               -0.0027609004173428
1865.8767               -0.0024660390336066
1865.9589               -0.0023643288295716
1866.0438               -0.0017959512770176
1866.1260               -0.0013086145045236
1866.2054               -0.0007183030829765
1866.2904               -0.0005003635305911
1866.3726               -0.0007080248906277
1866.4575               -0.0015117910224944
1866.5397               -0.0021301228553057
1866.6246               -0.0024592031259090
1866.7096               -0.0022177312057465
1866.7917               -0.0017202734015882
1866.8767               -0.0013289566850290
1866.9589               -0.0006847252370790
1867.0438               -0.0001863934303401
1867.1260                0.0003726425638888
1867.2054                0.0006814057705924
1867.2904                0.0010580836096779
1867.3726                0.0005284339422360
1867.4575               -0.0003597365866881
1867.5397               -0.0016332439845428
1867.6246               -0.0023350166156888
1867.7096               -0.0015570500399917
1867.7917               -0.0008370479336008
1867.8767               -0.0003856006951537
1867.9589               -0.0013224193826318
1868.0437               -0.0023459445219487
1868.1257               -0.0025997180491686
1868.2076               -0.0023636694531888
1868.2924               -0.0021970325615257
1868.3743               -0.0021082449238747
1868.4590               -0.0025319964624941
1868.5410               -0.0028082125354558
1868.6257               -0.0031749750487506
1868.7103               -0.0021855821833014
1868.7924               -0.0021292518358678
1868.8771               -0.0017098941607401
1868.9590               -0.0012853326043114
1869.0438               -0.0009074672707357
1869.1260               -0.0002950014895760
1869.2054                0.0002034340286627
1869.2904                0.0009003406157717
1869.3726                0.0011971029452980
1869.4575               -0.0001405205694027
1869.5397               -0.0016061669448391
1869.6246               -0.0022427868098021
1869.7096               -0.0015895081451163
1869.7917               -0.0008599045104347
1869.8767               -0.0010649937903509
1869.9589               -0.0010714612435549
1870.0438               -0.0010067558614537
1870.1260               -0.0009060943266377
1870.2054               -0.0004700242716353
1870.2904               -0.0005977145046927
1870.3726               -0.0006162254139781
1870.4575               -0.0014750056434423
1870.5397               -0.0025138983037323
1870.6246               -0.0028081727214158
1870.7096               -0.0025028595700860
1870.7917               -0.0019326104084030
1870.8767               -0.0015584356151521
1870.9589               -0.0006079373415560
1871.0438               -0.0001203790452564
1871.1260               -0.0000823434966151
1871.2054                0.0007050061249174
1871.2904                0.0010679396800697
1871.3726                0.0012306745629758
1871.4575                0.0006518201553263
1871.5397                0.0000425131656812
1871.6246               -0.0004544771800283
1871.7096               -0.0002189749793615
1871.7917               -0.0002755611203611
1871.8767               -0.0005467504961416
1871.9589               -0.0010163791012019
1872.0437               -0.0013616624055430
1872.1257               -0.0013297703117132
1872.2076               -0.0013336506672204
1872.2924               -0.0011827757116407
1872.3743               -0.0013149833539501
1872.4590               -0.0020331132691354
1872.5410               -0.0031530342530459
1872.6257               -0.0035643817391247
1872.7103               -0.0028534384910017
1872.7924               -0.0022871496621519
1872.8771               -0.0024093603715301
1872.9590               -0.0024708989076316
1873.0438               -0.0027758996002376
1873.1260               -0.0028406933415681
1873.2054               -0.0024529173970222
1873.2904               -0.0021801474504173
1873.3726               -0.0022724657319486
1873.4575               -0.0027021935675293
1873.5397               -0.0034486232325435
1873.6246               -0.0032165555749089
1873.7096               -0.0024417669046670
1873.7917               -0.0019786125048995
1873.8767               -0.0017660023877397
1873.9589               -0.0017421469092369
1874.0438               -0.0019910712726414
1874.1260               -0.0017360098427162
1874.2054               -0.0011122043943033
1874.2904               -0.0003321435069665
1874.3726               -0.0000854790923768
1874.4575               -0.0009617932955734
1874.5397               -0.0018137606093660
1874.6246               -0.0019195466302335
1874.7096               -0.0013849538518116
1874.7917               -0.0012082050088793
1874.8767               -0.0014020046219230
1874.9589               -0.0015817305538803
1875.0438               -0.0014413611497730
1875.1260               -0.0014673280529678
1875.2054               -0.0018512876704335
1875.2904               -0.0018079017754644
1875.3726               -0.0024329733569175
1875.4575               -0.0030845715664327
1875.5397               -0.0040783132426441
1875.6246               -0.0045351088047028
1875.7096               -0.0039682667702436
1875.7917               -0.0033622093033046
1875.8767               -0.0034194982144982
1875.9589               -0.0026795684825629
1876.0437               -0.0020962443668395
1876.1257               -0.0015687552513555
1876.2076               -0.0010580740636215
1876.2924               -0.0007571207243018
1876.3743               -0.0010582247050479
1876.4590               -0.0017216166015714
1876.5410               -0.0026627557817847
1876.6257               -0.0031567388214171
1876.7103               -0.0020697875879705
1876.7924               -0.0017694139387459
1876.8771               -0.0015352170448750
1876.9590               -0.0014165802858770
1877.0438               -0.0023477536160499
1877.1260               -0.0026327895466238
1877.2054               -0.0017741051269695
1877.2904               -0.0011898601660505
1877.3726               -0.0014099687105045
1877.4575               -0.0021303766407073
1877.5397               -0.0032796922605485
1877.6246               -0.0040693511255085
1877.7096               -0.0035026851110160
1877.7917               -0.0030244837980717
1877.8767               -0.0022935552988201
1877.9589               -0.0017958547687158
1878.0438               -0.0018430756172165
1878.1260               -0.0018847869941965
1878.2054               -0.0013417324516922
1878.2904               -0.0009188206749968
1878.3726               -0.0008135763346218
1878.4575               -0.0012760366080329
1878.5397               -0.0022466261871159
1878.6246               -0.0025976733304560
1878.7096               -0.0019772939849645
1878.7917               -0.0019517503678799
1878.8767               -0.0028061582706869
1878.9589               -0.0032447997946292
1879.0438               -0.0039394409395754
1879.1260               -0.0038213988300413
1879.2054               -0.0034933034330606
1879.2904               -0.0035195692908019
1879.3726               -0.0037903038319200
1879.4575               -0.0042893746867776
1879.5397               -0.0050583966076374
1879.6246               -0.0053146872669458
1879.7096               -0.0043806531466544
1879.7917               -0.0035855553578585
1879.8767               -0.0028881307225674
1879.9589               -0.0024795117788017
1880.0437               -0.0024720898363739
1880.1257               -0.0020300219766796
1880.2076               -0.0017362529179081
1880.2924               -0.0011244177585468
1880.3743               -0.0018872125074267
1880.4590               -0.0031624399125576
1880.5410               -0.0046004219911993
1880.6257               -0.0048286151140928
1880.7103               -0.0044263149611652
1880.7924               -0.0044883517548442
1880.8771               -0.0049760974943638
1880.9590               -0.0048825698904693
1881.0438               -0.0055910358205438
1881.1260               -0.0056522469967604
1881.2054               -0.0050050271674991
1881.2904               -0.0045708464458585
1881.3726               -0.0045052873902023
1881.4575               -0.0051182787865400
1881.5397               -0.0059017711319029
1881.6246               -0.0065490887500346
1881.7096               -0.0063343495130539
1881.7917               -0.0057827695272863
1881.8767               -0.0046164984814823
1881.9589               -0.0038933074101806
1882.0438               -0.0035862675867975
1882.1260               -0.0027731470763683
1882.2054               -0.0016766288317740
1882.2904               -0.0009107834193856
1882.3726               -0.0006621415377595
1882.4575               -0.0013500641798601
1882.5397               -0.0020525571890175
1882.6246               -0.0026938789524138
1882.7096               -0.0026374123990536
1882.7917               -0.0027383689302951
1882.8767               -0.0032398100011051
1882.9589               -0.0038075817283243
1883.0438               -0.0040463991463184
1883.1260               -0.0043588383123279
1883.2054               -0.0041194083169103
1883.2904               -0.0036580467130989
1883.3726               -0.0036430959589779
1883.4575               -0.0044166529551148
1883.5397               -0.0055689243599772
1883.6246               -0.0053883171640337
1883.7096               -0.0046652629971504
1883.7917               -0.0041685490868986
1883.8767               -0.0038590701296926
1883.9589               -0.0036345254629850
1884.0437               -0.0031229332089424
1884.1257               -0.0029329801909626
1884.2076               -0.0024980625603348
1884.2924               -0.0022654228378087
1884.3743               -0.0025387236382812
1884.4590               -0.0032860229257494
1884.5410               -0.0044193482026458
1884.6257               -0.0047910409048200
1884.7103               -0.0045720310881734
1884.7924               -0.0040782168507576
1884.8771               -0.0035068781580776
1884.9590               -0.0034454511478543
1885.0438               -0.0031989172566682
1885.1260               -0.0025575065519661
1885.2054               -0.0020440036896616
1885.2904               -0.0014704866334796
1885.3726               -0.0014960000989959
1885.4575               -0.0026227484922856
1885.5397               -0.0038492071907967
1885.6246               -0.0042973468080163
1885.7096               -0.0039553777314723
1885.7917               -0.0041569685563445
1885.8767               -0.0046046157367527
1885.9589               -0.0049629011191428
1886.0438               -0.0057543436996639
1886.1260               -0.0056787342764437
1886.2054               -0.0051408968865871
1886.2904               -0.0047356886789203
1886.3726               -0.0048996564000845
1886.4575               -0.0058325883001089
1886.5397               -0.0070698526687920
1886.6246               -0.0076169422827661
1886.7096               -0.0068992371670902
1886.7917               -0.0061136973090470
1886.8767               -0.0057273050770164
1886.9589               -0.0058161881752312
1887.0438               -0.0068687335588038
1887.1260               -0.0070361411198974
1887.2054               -0.0064925830811262
1887.2904               -0.0056618317030370
1887.3726               -0.0057576061226428
1887.4575               -0.0063689853996038
1887.5397               -0.0075462437234819
1887.6246               -0.0080065336078405
1887.7096               -0.0074323397129774
1887.7917               -0.0066111739724874
1887.8767               -0.0056673535145819
1887.9589               -0.0048139537684619
1888.0437               -0.0041555655188859
1888.1257               -0.0036979780998081
1888.2076               -0.0028479555621743
1888.2924               -0.0024175327271223
1888.3743               -0.0028877444565296
1888.4590               -0.0041168029420078
1888.5410               -0.0053256428800523
1888.6257               -0.0055863200686872
1888.7103               -0.0052624018862844
1888.7924               -0.0046978821046650
1888.8771               -0.0047605182044208
1888.9590               -0.0050904378294945
1889.0438               -0.0057475375942886
1889.1260               -0.0061213448643684
1889.2054               -0.0063610337674618
1889.2904               -0.0065048951655626
1889.3726               -0.0070516499690711
1889.4575               -0.0077024376951158
1889.5397               -0.0087035596370697
1889.6246               -0.0087393596768379
1889.7096               -0.0077428487129509
1889.7917               -0.0066402154043317
1889.8767               -0.0060784742236137
1889.9589               -0.0057026077993214
1890.0438               -0.0053904419764876
1890.1260               -0.0048203631304204
1890.2054               -0.0046270848251879
1890.2904               -0.0045789959840477
1890.3726               -0.0050896629691124
1890.4575               -0.0065360637381673
1890.5397               -0.0081362091004848
1890.6246               -0.0086404150351882
1890.7096               -0.0083497371524572
1890.7917               -0.0081954756751657
1890.8767               -0.0075753601267934
1890.9589               -0.0068507082760334
1891.0438               -0.0063351462595165
1891.1260               -0.0058581712655723
1891.2054               -0.0052135139703751
1891.2904               -0.0043570459820330
1891.3726               -0.0048306197859347
1891.4575               -0.0064170244149864
1891.5397               -0.0077202473767102
1891.6246               -0.0081014800816774
1891.7096               -0.0074962074868381
1891.7917               -0.0069840992800891
1891.8767               -0.0065939789637923
1891.9589               -0.0061095394194126
1892.0437               -0.0060592181980610
1892.1257               -0.0058946046046913
1892.2076               -0.0056742564775050
1892.2924               -0.0049899453297257
1892.3743               -0.0052484078332782
1892.4590               -0.0062407236546278
1892.5410               -0.0076080220751464
1892.6257               -0.0081145204603672
1892.7103               -0.0076342159882188
1892.7924               -0.0072461608797312
1892.8771               -0.0072394623421133
1892.9590               -0.0067949616350234
1893.0438               -0.0060276668518782
1893.1260               -0.0056636873632669
1893.2054               -0.0047516832128167
1893.2904               -0.0041661593131721
1893.3726               -0.0044435048475862
1893.4575               -0.0055035906843841
1893.5397               -0.0065729264169931
1893.6246               -0.0070653059519827
1893.7096               -0.0063824867829680
1893.7917               -0.0059454096481204
1893.8767               -0.0054053491912782
1893.9589               -0.0053408318199217
1894.0438               -0.0054419185034931
1894.1260               -0.0049351872876287
1894.2054               -0.0044790264219046
1894.2904               -0.0036010716576129
1894.3726               -0.0032527609728277
1894.4575               -0.0039351074956357
1894.5397               -0.0051162303425372
1894.6246               -0.0052456040866673
1894.7096               -0.0052416366524994
1894.7917               -0.0051181209273636
1894.8767               -0.0051200874149799
1894.9589               -0.0049592591822147
1895.0438               -0.0049637113697827
1895.1260               -0.0048351478762925
1895.2054               -0.0039439210668206
1895.2904               -0.0042741219513118
1895.3726               -0.0048573291860521
1895.4575               -0.0060713724233210
1895.5397               -0.0072409096173942
1895.6246               -0.0076568578369915
1895.7096               -0.0070502739399672
1895.7917               -0.0066002812236547
1895.8767               -0.0059212381020188
1895.9589               -0.0058086654171348
1896.0437               -0.0057995757088065
1896.1257               -0.0053826323710382
1896.2076               -0.0043560829944909
1896.2924               -0.0035034986212850
1896.3743               -0.0030822486151010
1896.4590               -0.0039478340186179
1896.5410               -0.0051070526242256
1896.6257               -0.0051973997615278
1896.7103               -0.0047210096381605
1896.7924               -0.0042054234072566
1896.8771               -0.0043949657119811
1896.9590               -0.0045677456073463
1897.0438               -0.0050508277490735
1897.1260               -0.0047976966015995
1897.2054               -0.0044553470797837
1897.2904               -0.0038080890662968
1897.3726               -0.0037197221536189
1897.4575               -0.0045876954682171
1897.5397               -0.0057296217419207
1897.6246               -0.0062150857411325
1897.7096               -0.0055908933281898
1897.7917               -0.0052546039223671
1897.8767               -0.0049980706535280
1897.9589               -0.0045168539509177
1898.0438               -0.0046371812932193
1898.1260               -0.0044883335940540
1898.2054               -0.0038558302912861
1898.2904               -0.0034093938302249
1898.3726               -0.0037276740185916
1898.4575               -0.0041017788462341
1898.5397               -0.0052973851561546
1898.6246               -0.0058925151824951
1898.7096               -0.0049397326074541
1898.7917               -0.0042750760912895
1898.8767               -0.0043555968441069
1898.9589               -0.0045999293215573
1899.0438               -0.0048070242628455
1899.1260               -0.0045405849814415
1899.2054               -0.0040336544625461
1899.2904               -0.0035183280706406
1899.3726               -0.0036134116817266
1899.4575               -0.0040351697243750
1899.5397               -0.0048397537320852
1899.6246               -0.0053366106003523
1899.7096               -0.0050161825492978
1899.7917               -0.0047973571345210
1899.8767               -0.0046285553835332
1899.9589               -0.0042466716840863
1900.0438               -0.0039963126182556
1900.1260               -0.0037779642734677
1900.2054               -0.0027820493560284
1900.2904               -0.0019076346652582
1900.3726               -0.0020426320843399
1900.4575               -0.0027715719770640
1900.5397               -0.0033140138257295
1900.6246               -0.0038122367113829
1900.7096               -0.0036322455853224
1900.7917               -0.0033429067116231
1900.8767               -0.0031428260263056
1900.9589               -0.0030412976630032
1901.0438               -0.0031473475974053
1901.1260               -0.0031161706428975
1901.2054               -0.0027645761147141
1901.2904               -0.0024044830352068
1901.3726               -0.0022168306168169
1901.4575               -0.0028351163491607
1901.5397               -0.0036085753235966
1901.6246               -0.0036724847741425
1901.7096               -0.0032814356964082
1901.7917               -0.0029519372619689
1901.8767               -0.0024165601935238
1901.9589               -0.0023491971660405
1902.0438               -0.0025082521606237
1902.1260               -0.0023700196761638
1902.2054               -0.0016660428373143
1902.2904               -0.0011328179389238
1902.3726               -0.0020082537084818
1902.4575               -0.0031088662799448
1902.5397               -0.0044700196012855
1902.6246               -0.0049416944384575
1902.7096               -0.0042040976695716
1902.7917               -0.0032133138738573
1902.8767               -0.0027950552757829
1902.9589               -0.0026917993091047
1903.0438               -0.0030026701278985
1903.1260               -0.0031337209511548
1903.2054               -0.0024809523019940
1903.2904               -0.0019068762194365
1903.3726               -0.0020471308380365
1903.4575               -0.0026847501285374
1903.5397               -0.0034851972013712
1903.6246               -0.0040268586017191
1903.7096               -0.0037992587313056
1903.7917               -0.0035812710411847
1903.8767               -0.0032031191512942
1903.9589               -0.0029666665941477
1904.0437               -0.0030586842913181
1904.1257               -0.0029422549996525
1904.2076               -0.0025343429297209
1904.2924               -0.0021107112988830
1904.3743               -0.0018913910025731
1904.4590               -0.0027161510661244
1904.5410               -0.0038029050920159
1904.6257               -0.0043050101958215
1904.7103               -0.0037517233286053
1904.7924               -0.0034191766753793
1904.8771               -0.0031492030248046
1904.9590               -0.0029131304472685
1905.0438               -0.0029743032064289
1905.1260               -0.0028422216419131
1905.2054               -0.0020951374899596
1905.2904               -0.0016791318776086
1905.3726               -0.0021393455099314
1905.4575               -0.0030803952831775
1905.5397               -0.0043160035274923
1905.6246               -0.0048174625262618
1905.7096               -0.0040562399663031
1905.7917               -0.0043027959764004
1905.8767               -0.0041407831013203
1905.9589               -0.0037418394349515
1906.0438               -0.0039543430320919
1906.1260               -0.0032674111425877
1906.2054               -0.0022086796816438
1906.2904               -0.0016990655567497
1906.3726               -0.0017541376873851
1906.4575               -0.0028549404814839
1906.5397               -0.0041476613841951
1906.6246               -0.0045713935978711
1906.7096               -0.0041270484216511
1906.7917               -0.0035314974375069
1906.8767               -0.0038507396820933
1906.9589               -0.0035932732280344
1907.0438               -0.0037096720188856
1907.1260               -0.0039919712580740
1907.2054               -0.0041171754710376
1907.2904               -0.0037511039990932
1907.3726               -0.0043064286001027
1907.4575               -0.0049350601620972
1907.5397               -0.0054907081648707
1907.6246               -0.0054096062667668
1907.7096               -0.0047170580364764
1907.7917               -0.0040958831086755
1907.8767               -0.0039652688428760
1907.9589               -0.0034609839785844
1908.0437               -0.0031615062616765
1908.1257               -0.0025169639848173
1908.2076               -0.0021779772359878
1908.2924               -0.0014229429652914
1908.3743               -0.0015221652574837
1908.4590               -0.0025687303859740
1908.5410               -0.0035520091187209
1908.6257               -0.0036225258372724
1908.7103               -0.0032818256877363
1908.7924               -0.0030833447817713
1908.8771               -0.0022857321891934
1908.9590               -0.0021173595450819
1909.0438               -0.0025112940929830
1909.1260               -0.0021955687552691
1909.2054               -0.0015655533643439
1909.2904               -0.0011648623039946
1909.3726               -0.0012819755356759
1909.4575               -0.0021907081827521
1909.5397               -0.0032871651928872
1909.6246               -0.0043603661470115
1909.7096               -0.0041353954002261
1909.7917               -0.0037725197616965
1909.8767               -0.0029485733248293
1909.9589               -0.0021802827250212
1910.0438               -0.0022879180032760
1910.1260               -0.0018956065177917
1910.2054               -0.0010690033668652
1910.2904               -0.0006723357364535
1910.3726               -0.0006396934622899
1910.4575               -0.0014628600329161
1910.5397               -0.0027426064480096
1910.6246               -0.0029042586684227
1910.7096               -0.0021950860973448
1910.7917               -0.0015790696488693
1910.8767               -0.0014789496781304
1910.9589               -0.0014060693792999
1911.0438               -0.0010742691811174
1911.1260               -0.0009314622730017
1911.2054               -0.0000679756049067
1911.2904                0.0006042066379450
1911.3726                0.0005889024469070
1911.4575               -0.0001181156476378
1911.5397               -0.0014234815025702
1911.6246               -0.0020157864782959
1911.7096               -0.0014002921525389
1911.7917               -0.0012163580395281
1911.8767               -0.0008373248274438
1911.9589               -0.0010253803338856
1912.0437               -0.0014995841775090
1912.1257               -0.0011944584548473
1912.2076               -0.0007711707730778
1912.2924               -0.0006791611667722
1912.3743               -0.0009205042151734
1912.4590               -0.0018264146056026
1912.5410               -0.0031560419593006
1912.6257               -0.0033932565711439
1912.7103               -0.0029878942295909
1912.7924               -0.0027814188506454
1912.8771               -0.0020544400904328
1912.9590               -0.0016004972858354
1913.0438               -0.0014825504040346
1913.1260               -0.0008894669590518
1913.2054               -0.0004439194162842
1913.2904                0.0000880085208337
1913.3726               -0.0003285507555120
1913.4575               -0.0014600737486035
1913.5397               -0.0025997939519584
1913.6246               -0.0029450182337314
1913.7096               -0.0022397786378860
1913.7917               -0.0018268775893375
1913.8767               -0.0013186378637329
1913.9589               -0.0015562523622066
1914.0438               -0.0014000016963109
1914.1260               -0.0014300631592050
1914.2054               -0.0012046053307131
1914.2904               -0.0002711063425522
1914.3726               -0.0002571429067757
1914.4575               -0.0007456296589226
1914.5397               -0.0018895063549280
1914.6246               -0.0017438809154555
1914.7096               -0.0007866849773563
1914.7917               -0.0003204296226613
1914.8767                0.0002796347253025
1914.9589                0.0006559592438862
1915.0438                0.0004001357010566
1915.1260                0.0003735254576895
1915.2054                0.0009844633750618
1915.2904                0.0015775995561853
1915.3726                0.0016784445615485
1915.4575                0.0006525458302349
1915.5397               -0.0006782028940506
1915.6246               -0.0015497051645070
1915.7096               -0.0010503502562642
1915.7917               -0.0006879905122332
1915.8767               -0.0003750955220312
1915.9589               -0.0001400510809617
1916.0437               -0.0000726707439753
1916.1257                0.0005399327492341
1916.2076                0.0013299536658451
1916.2924                0.0019809936638921
1916.3743                0.0019899823237211
1916.4590                0.0015267723938450
1916.5410                0.0003857315459754
1916.6257               -0.0000375512136088
1916.7103                0.0004137853684369
1916.7924                0.0009347117156722
1916.8771                0.0010524056851864
1916.9590                0.0014959929976612
1917.0438                0.0018223930383101
1917.1260                0.0018318998627365
1917.2054                0.0022528334520757
1917.2904                0.0022687087766826
1917.3726                0.0014038458466530
1917.4575                0.0004297446575947
1917.5397               -0.0006404384621419
1917.6246               -0.0008007236174308
1917.7096                0.0002692950365599
1917.7917                0.0006563031929545
1917.8767                0.0009469717042521
1917.9589               -0.0001096325577237
1918.0438               -0.0006280526868068
1918.1260               -0.0006726738065481
1918.2054               -0.0000820073037175
1918.2904                0.0010954425670207
1918.3726                0.0014542960561812
1918.4575                0.0012437136610970
1918.5397                0.0003030124353245
1918.6246                0.0001183262647828
1918.7096                0.0006612134166062
1918.7917                0.0010640415130183
1918.8767                0.0019848071970046
1918.9589                0.0023297737352550
1919.0438                0.0026054796762764
1919.1260                0.0031569027341902
1919.2054                0.0035147382877767
1919.2904                0.0036547761410475
1919.3726                0.0036130782682449
1919.4575                0.0028105156961828
1919.5397                0.0018768280278891
1919.6246                0.0017993297660723
1919.7096                0.0025119602214545
1919.7917                0.0022477419115603
1919.8767                0.0016830606618896
1919.9589                0.0008971286588348
1920.0437                0.0000550984659640
1920.1257                0.0000070919945756
1920.2076                0.0002386588312220
1920.2924                0.0006995986332186
1920.3743                0.0002834867627826
1920.4590               -0.0004233692598063
1920.5410               -0.0016053981380537
1920.6257               -0.0020683403126895
1920.7103               -0.0019549294374883
1920.7924               -0.0013201796682552
1920.8771               -0.0011678775772452
1920.9590               -0.0011979268165305
1921.0438               -0.0009035796392709
1921.1260               -0.0003028944192920
1921.2054                0.0008949087932706
1921.2904                0.0020579188130796
1921.3726                0.0022869387175888
1921.4575                0.0015280870720744
1921.5397                0.0006501862080768
1921.6246                0.0007420214824378
1921.7096                0.0017434147885069
1921.7917                0.0024263015948236
1921.8767                0.0025539733469486
1921.9589                0.0021477162372321
1922.0438                0.0013843857450411
1922.1260                0.0008070679614320
1922.2054                0.0011827432317659
1922.2904                0.0015016819816083
1922.3726                0.0013181678950787
1922.4575                0.0006248818244785
1922.5397               -0.0004370679380372
1922.6246               -0.0006155906594358
1922.7096               -0.0002398730139248
1922.7917                0.0000518066262885
1922.8767               -0.0001279851421714
1922.9589               -0.0004144008853473
1923.0438               -0.0006971089751460
1923.1260               -0.0003810052585322
1923.2054                0.0001495053875260
1923.2904                0.0005612737732008
1923.3726                0.0004523441020865
1923.4575                0.0001139944361057
1923.5397               -0.0003698684449773
1923.6246               -0.0006971521070227
1923.7096                0.0000406545623264
1923.7917                0.0006365271983668
1923.8767                0.0009015871910378
1923.9589                0.0009133263374679
1924.0437                0.0006448220228776
1924.1257                0.0009377178503200
1924.2076                0.0014981916174293
1924.2924                0.0018121940083802
1924.3743                0.0008901878609322
1924.4590               -0.0004789779486600
1924.5410               -0.0018448855262250
1924.6257               -0.0018555811839178
1924.7103               -0.0010751197114587
1924.7924               -0.0003620682109613
1924.8771               -0.0007393960258923
1924.9590               -0.0005604125326499
1925.0438               -0.0007664579898119
1925.1260               -0.0005250760004856
1925.2054                0.0004133974434808
1925.2904                0.0013247524620965
1925.3726                0.0012687399284914
1925.4575                0.0004474875750020
1925.5397               -0.0010531202424318
1925.6246               -0.0013838745653629
1925.7096               -0.0009091391111724
1925.7917               -0.0003166225505993
1925.8767               -0.0000291016749543
1925.9589                0.0004015961312689
1926.0438                0.0003452110104263
1926.1260                0.0008923571440391
1926.2054                0.0018939202418551
1926.2904                0.0023092012852430
1926.3726                0.0022283655125648
1926.4575                0.0013136463239789
1926.5397               -0.0002805977710523
1926.6246               -0.0009186860406771
1926.7096               -0.0005183838657103
1926.7917               -0.0008212157408707
1926.8767               -0.0012488156789914
1926.9589               -0.0007347101345658
1927.0438               -0.0007129420991987
1927.1260               -0.0003437386476435
1927.2054                0.0004794122942258
1927.2904                0.0004079659993295
1927.3726                0.0004667155735660
1927.4575               -0.0001411819685018
1927.5397               -0.0011911632027477
1927.6246               -0.0016140425577760
1927.7096               -0.0011201277375221
1927.7917               -0.0010932707227767
1927.8767               -0.0003815911768470
1927.9589               -0.0002716479648370
1928.0437               -0.0002939715341199
1928.1257                0.0002221215399913
1928.2076                0.0010093674063683
1928.2924                0.0010187100851908
1928.3743                0.0007433556020260
1928.4590                0.0002335060125915
1928.5410               -0.0002127368643414
1928.6257               -0.0003529652894940
1928.7103                0.0002374829055043
1928.7924                0.0008009300800040
1928.8771                0.0017507651355118
1928.9590                0.0025928120594472
1929.0438                0.0026923809200525
1929.1260                0.0032492587342858
1929.2054                0.0039698425680399
1929.2904                0.0045051197521389
1929.3726                0.0039917812682688
1929.4575                0.0029828969854861
1929.5397                0.0020178516861051
1929.6246                0.0017895482014865
1929.7096                0.0021878483239561
1929.7917                0.0027591858524829
1929.8767                0.0032212655059993
1929.9589                0.0037162106018513
1930.0438                0.0041767163202167
1930.1260                0.0038344312924892
1930.2054                0.0038424427621067
1930.2904                0.0042751012369990
1930.3726                0.0039369231089950
1930.4575                0.0030570107046515
1930.5397                0.0019791685044765
1930.6246                0.0011370440479368
1930.7096                0.0017119726398960
1930.7917                0.0020980765111744
1930.8767                0.0020330040715635
1930.9589                0.0015272657619789
1931.0438                0.0009073783876374
1931.1260                0.0010269362246618
1931.2054                0.0012746455613524
1931.2904                0.0014251954853535
1931.3726                0.0012703780084848
1931.4575                0.0005095636588521
1931.5397               -0.0005325616220944
1931.6246               -0.0010499616619200
1931.7096               -0.0006641638465226
1931.7917               -0.0002269266842632
1931.8767               -0.0000427692284575
1931.9589                0.0006120000034571
1932.0437                0.0016111234435812
1932.1257                0.0023850360885262
1932.2076                0.0032960313837975
1932.2924                0.0039805476553738
1932.3743                0.0039991228841245
1932.4590                0.0029233591631055
1932.5410                0.0020423580426723
1932.6257                0.0021796228829771
1932.7103                0.0027023383881897
1932.7924                0.0032077911309898
1932.8771                0.0031306664459407
1932.9590                0.0030787347350270
1933.0438                0.0024626655504107
1933.1260                0.0016092505538836
1933.2054                0.0019377454882488
1933.2904                0.0025534641463310
1933.3726                0.0020364760421216
1933.4575                0.0007296295370907
1933.5397               -0.0003761998086702
1933.6246               -0.0007276597898453
1933.7096               -0.0005329110426828
1933.7917               -0.0002146320766769
1933.8767                0.0001296100817854
1933.9589                0.0007977940258570
1934.0438                0.0015974716516212
1934.1260                0.0023033588659018
1934.2054                0.0032067461870611
1934.2904                0.0039531616494060
1934.3726                0.0032958118245006
1934.4575                0.0021706914994866
1934.5397                0.0013882010243833
1934.6246                0.0012606311356649
1934.7096                0.0014376996550709
1934.7917                0.0014176018303260
1934.8767                0.0016377433203161
1934.9589                0.0021244718227535
1935.0438                0.0020102520938963
1935.1260                0.0019117955816910
1935.2054                0.0022616311907768
1935.2904                0.0026876775082201
1935.3726                0.0024112355895340
1935.4575                0.0016174872871488
1935.5397                0.0007579886005260
1935.6246                0.0003579953045119
1935.7096                0.0006745791761205
1935.7917                0.0008291633566841
1935.8767                0.0010076058097184
1935.9589                0.0014180782018229
1936.0437                0.0017726973164827
1936.1257                0.0027919569984078
1936.2076                0.0036599151790142
1936.2924                0.0039415499195457
1936.3743                0.0040913848206401
1936.4590                0.0032545963767916
1936.5410                0.0024414549116045
1936.6257                0.0026289199013263
1936.7103                0.0030950712971389
1936.7924                0.0032514554914087
1936.8771                0.0039173150435090
1936.9590                0.0040131411515176
1937.0438                0.0034590072464198
1937.1260                0.0032849728595465
1937.2054                0.0032327659428120
1937.2904                0.0032663517631590
1937.3726                0.0031726448796690
1937.4575                0.0026825449895114
1937.5397                0.0022779109422117
1937.6246                0.0022548248525709
1937.7096                0.0031133892480284
1937.7917                0.0040208329446614
1937.8767                0.0039798896759748
1937.9589                0.0037665725685656
1938.0438                0.0036571626551449
1938.1260                0.0037803547456861
1938.2054                0.0045418082736433
1938.2904                0.0052865138277411
1938.3726                0.0055035040713847
1938.4575                0.0046871602535248
1938.5397                0.0035553497727960
1938.6246                0.0031246407888830
1938.7096                0.0037197067867965
1938.7917                0.0039933510124683
1938.8767                0.0042661288753152
1938.9589                0.0044946665875614
1939.0438                0.0043608425185084
1939.1260                0.0050604320131242
1939.2054                0.0056481580249965
1939.2904                0.0061699873767793
1939.3726                0.0060820141807199
1939.4575                0.0056835650466383
1939.5397                0.0048525612801313
1939.6246                0.0045665404759347
1939.7096                0.0054152957163751
1939.7917                0.0064057786948979
1939.8767                0.0069151003845036
1939.9589                0.0069881794042885
1940.0437                0.0065826973877847
1940.1257                0.0071432036347687
1940.2076                0.0077193342149258
1940.2924                0.0078776348382235
1940.3743                0.0073358658701181
1940.4590                0.0064918999560177
1940.5410                0.0054311128333211
1940.6257                0.0051058651879430
1940.7103                0.0057906811125576
1940.7924                0.0061219865456223
1940.8771                0.0062288152985275
1940.9590                0.0065685282461345
1941.0438                0.0066356002353132
1941.1260                0.0069252862595022
1941.2054                0.0075566684827209
1941.2904                0.0081378975883126
1941.3726                0.0080295819789171
1941.4575                0.0070943320170045
1941.5397                0.0062565449625254
1941.6246                0.0061706276610494
1941.7096                0.0067220712080598
1941.7917                0.0072136335074902
1941.8767                0.0074972119182348
1941.9589                0.0074481545016170
1942.0438                0.0064584622159600
1942.1260                0.0064703673124313
1942.2054                0.0074289920739830
1942.2904                0.0085714925080538
1942.3726                0.0085406843572855
1942.4575                0.0081485565751791
1942.5397                0.0075267208740115
1942.6246                0.0070071835070848
1942.7096                0.0077222175896168
1942.7917                0.0083174183964729
1942.8767                0.0088215218856931
1942.9589                0.0089353108778596
1943.0438                0.0087410984560847
1943.1260                0.0089593352749944
1943.2054                0.0094450656324625
1943.2904                0.0098468214273453
1943.3726                0.0095988959074020
1943.4575                0.0084692481905222
1943.5397                0.0073357312940061
1943.6246                0.0072956788353622
1943.7096                0.0076220077462494
1943.7917                0.0077457749284804
1943.8767                0.0079941973090172
1943.9589                0.0081158224493265
1944.0437                0.0079800495877862
1944.1257                0.0080391960218549
1944.2076                0.0084157409146428
1944.2924                0.0088964346796274
1944.3743                0.0084697175770998
1944.4590                0.0079930564388633
1944.5410                0.0068997829221189
1944.6257                0.0063042952679098
1944.7103                0.0069466703571379
1944.7924                0.0075551928021014
1944.8771                0.0079370317980647
1944.9590                0.0081600034609437
1945.0438                0.0078491270542145
1945.1260                0.0081794522702694
1945.2054                0.0089901369065046
1945.2904                0.0093803917989135
1945.3726                0.0093643739819527
1945.4575                0.0087946876883507
1945.5397                0.0078563271090388
1945.6246                0.0072269155643880
1945.7096                0.0079139806330204
1945.7917                0.0078461943194270
1945.8767                0.0077353655360639
1945.9589                0.0079353423789144
1946.0438                0.0084857260808349
1946.1260                0.0092773074284196
1946.2054                0.0098909121006727
1946.2904                0.0102617396041751
1946.3726                0.0097001260146499
1946.4575                0.0090318247675896
1946.5397                0.0077252616174519
1946.6246                0.0072002918459475
1946.7096                0.0076195914298296
1946.7917                0.0079109864309430
1946.8767                0.0075634587556124
1946.9589                0.0081100342795253
1947.0438                0.0084191467612982
1947.1260                0.0087446589022875
1947.2054                0.0097688017413020
1947.2904                0.0103803360834718
1947.3726                0.0101686567068100
1947.4575                0.0092942556366324
1947.5397                0.0084045128896832
1947.6246                0.0079323565587401
1947.7096                0.0083490507677197
1947.7917                0.0084378998726606
1947.8767                0.0081646693870425
1947.9589                0.0079808356240392
1948.0437                0.0080046700313687
1948.1257                0.0078883208334446
1948.2076                0.0082037551328540
1948.2924                0.0087255192920566
1948.3743                0.0081360116600990
1948.4590                0.0074903052300215
1948.5410                0.0063269268721342
1948.6257                0.0063400371000171
1948.7103                0.0071713584475219
1948.7924                0.0078321276232600
1948.8771                0.0082891238853335
1948.9590                0.0087249465286732
1949.0438                0.0093133430927992
1949.1260                0.0098869446665049
1949.2054                0.0102542443200946
1949.2904                0.0104812579229474
1949.3726                0.0099431239068508
1949.4575                0.0087554538622499
1949.5397                0.0075450604781508
1949.6246                0.0069149304181337
1949.7096                0.0071139815263450
1949.7917                0.0076102986931801
1949.8767                0.0081962095573545
1949.9589                0.0083118956536055
1950.0438                0.0083927363157272
1950.1260                0.0087879458442330
1950.2054                0.0092803174629807
1950.2904                0.0101070804521441
1950.3726                0.0102324867621064
1950.4575                0.0098877297714353
1950.5397                0.0091982074081898
1950.6246                0.0088906632736325
1950.7096                0.0094034215435386
1950.7917                0.0098632657900453
1950.8767                0.0100958822295070
1950.9589                0.0107372477650642
1951.0438                0.0108497161418200
1951.1260                0.0110527779906988
1951.2054                0.0116594200953841
1951.2904                0.0121148414909840
1951.3726                0.0115835936740041
1951.4575                0.0107096629217267
1951.5397                0.0097905900329351
1951.6246                0.0098476624116302
1951.7096                0.0104043399915099
1951.7917                0.0105754891410470
1951.8767                0.0108246272429824
1951.9589                0.0105100646615028
1952.0437                0.0095790391787887
1952.1257                0.0096864616498351
1952.2076                0.0101882200688124
1952.2924                0.0106050083413720
1952.3743                0.0102500533685088
1952.4590                0.0095428638160229
1952.5410                0.0086651770398021
1952.6257                0.0082124667242169
1952.7103                0.0089552626013756
1952.7924                0.0092741455882788
1952.8771                0.0097693577408791
1952.9590                0.0100783342495561
1953.0438                0.0101238321512938
1953.1260                0.0102201132103801
1953.2054                0.0109990537166595
1953.2904                0.0116290738806129
1953.3726                0.0116704637184739
1953.4575                0.0108157945796847
1953.5397                0.0099684391170740
1953.6246                0.0100386766716838
1953.7096                0.0105496384203434
1953.7917                0.0108777107670903
1953.8767                0.0111246779561043
1953.9589                0.0109444269910455
1954.0438                0.0108218276873231
1954.1260                0.0107242101803422
1954.2054                0.0108198327943683
1954.2904                0.0117103625088930
1954.3726                0.0121618034318089
1954.4575                0.0114883966743946
1954.5397                0.0105720954015851
1954.6246                0.0102795651182532
1954.7096                0.0110462326556444
1954.7917                0.0114184869453311
1954.8767                0.0117089776322246
1954.9589                0.0119324866682291
1955.0438                0.0114573035389185
1955.1260                0.0117419976741076
1955.2054                0.0120209651067853
1955.2904                0.0116131622344255
1955.3726                0.0109764235094190
1955.4575                0.0098484484478831
1955.5397                0.0086841024458408
1955.6246                0.0083319125697017
1955.7096                0.0086619285866618
1955.7917                0.0088270623236895
1955.8767                0.0093279974535108
1955.9589                0.0095291696488857
1956.0437                0.0101114865392447
1956.1257                0.0107568837702274
1956.2076                0.0115290135145187
1956.2924                0.0120084621012211
1956.3743                0.0121740093454719
1956.4590                0.0112203732132912
1956.5410                0.0101422267034650
1956.6257                0.0101116811856627
1956.7103                0.0105391740798950
1956.7924                0.0103332614526153
1956.8771                0.0104958666488528
1956.9590                0.0108456928282976
1957.0438                0.0112099088728428
1957.1260                0.0115771861746907
1957.2054                0.0121998805552721
1957.2904                0.0126025546342134
1957.3726                0.0127319591119885
1957.4575                0.0118883661925793
1957.5397                0.0109942117705941
1957.6246                0.0106228906661272
1957.7096                0.0108888940885663
1957.7917                0.0110979434102774
1957.8767                0.0111789433285594
1957.9589                0.0116644715890288
1958.0438                0.0117892688140273
1958.1260                0.0118258045986295
1958.2054                0.0122070647776127
1958.2904                0.0122601836919785
1958.3726                0.0118187582120299
1958.4575                0.0109785292297602
1958.5397                0.0099578229710460
1958.6246                0.0095374444499612
1958.7096                0.0100700249895453
1958.7917                0.0110023040324450
1958.8767                0.0117032937705517
1958.9589                0.0117657771334052
1959.0438                0.0114353476092219
1959.1260                0.0118692759424448
1959.2054                0.0125467358157039
1959.2904                0.0131386304274201
1959.3726                0.0133923552930355
1959.4575                0.0128211621195078
1959.5397                0.0123444730415940
1959.6246                0.0123171703889966
1959.7096                0.0128879155963659
1959.7917                0.0131675982847810
1959.8767                0.0131515040993690
1959.9589                0.0126858223229647
1960.0437                0.0122258672490716
1960.1257                0.0121369082480669
1960.2076                0.0121465604752302
1960.2924                0.0127063356339931
1960.3743                0.0127029158174992
1960.4590                0.0121685368940234
1960.5410                0.0113953091204166
1960.6257                0.0108795668929815
1960.7103                0.0111765880137682
1960.7924                0.0115901371464133
1960.8771                0.0120293851941824
1960.9590                0.0130810933187604
1961.0438                0.0136374859139323
1961.1260                0.0139817614108324
1961.2054                0.0144861135631800
1961.2904                0.0149476351216435
1961.3726                0.0144078917801380
1961.4575                0.0130356540903449
1961.5397                0.0124945091083646
1961.6246                0.0120169809088111
1961.7096                0.0125819724053144
1961.7917                0.0130828097462654
1961.8767                0.0126243326812983
1961.9589                0.0123141026124358
1962.0438                0.0123702203854918
1962.1260                0.0127475233748555
1962.2054                0.0134833203628659
1962.2904                0.0139754656702280
1962.3726                0.0139959696680307
1962.4575                0.0133041450753808
1962.5397                0.0123187713325024
1962.6246                0.0115375798195601
1962.7096                0.0119314752519131
1962.7917                0.0125194909051061
1962.8767                0.0130518749356270
1962.9589                0.0133398557081819
1963.0438                0.0139216240495443
1963.1260                0.0141417747363448
1963.2054                0.0145820276811719
1963.2904                0.0145413056015968
1963.3726                0.0138337844982743
1963.4575                0.0126164108514786
1963.5397                0.0113690802827477
1963.6246                0.0106284134089947
1963.7096                0.0111412154510617
1963.7917                0.0116282803937793
1963.8767                0.0121764782816172
1963.9589                0.0128387548029423
1964.0437                0.0133307119831443
1964.1257                0.0137702524662018
1964.2076                0.0143426228314638
1964.2924                0.0146256964653730
1964.3743                0.0139275910332799
1964.4590                0.0127505315467715
1964.5410                0.0117180692031980
1964.6257                0.0111843999475241
1964.7103                0.0116398120298982
1964.7924                0.0118287149816751
1964.8771                0.0122166527435184
1964.9590                0.0125597994774580
1965.0438                0.0129172336310148
1965.1260                0.0132442209869623
1965.2054                0.0135346064344049
1965.2904                0.0131945135071874
1965.3726                0.0126191787421703
1965.4575                0.0112586356699467
1965.5397                0.0097986496984959
1965.6246                0.0095691522583365
1965.7096                0.0099727632477880
1965.7917                0.0102862482890487
1965.8767                0.0104931723326445
1965.9589                0.0108846807852387
1966.0438                0.0114768743515015
1966.1260                0.0122773116454482
1966.2054                0.0128734642639756
1966.2904                0.0136570241302252
1966.3726                0.0141129149124026
1966.4575                0.0129953855648637
1966.5397                0.0121739720925689
1966.6246                0.0117164188995957
1966.7096                0.0120248468592763
1966.7917                0.0117946881800890
1966.8767                0.0118484618142247
1966.9589                0.0116072501987219
1967.0438                0.0119294766336679
1967.1260                0.0123121617361903
1967.2054                0.0130081642419100
1967.2904                0.0131244426593184
1967.3726                0.0131749734282494
1967.4575                0.0123308598995209
1967.5397                0.0116148935630918
1967.6246                0.0116570452228189
1967.7096                0.0123934913426638
1967.7917                0.0132492696866393
1967.8767                0.0136466585099697
1967.9589                0.0143425725400448
1968.0437                0.0144578265026212
1968.1257                0.0150755625218153
1968.2076                0.0159844439476728
1968.2924                0.0168243031948805
1968.3743                0.0167074017226696
1968.4590                0.0151813821867108
1968.5410                0.0142324063926935
1968.6257                0.0137450303882360
1968.7103                0.0139703582972288
1968.7924                0.0145408492535353
1968.8771                0.0149414641782641
1968.9590                0.0154118621721864
1969.0438                0.0150094730779529
1969.1260                0.0148757947608829
1969.2054                0.0152859501540661
1969.2904                0.0161080565303564
1969.3726                0.0165831185877323
1969.4575                0.0157603658735752
1969.5397                0.0144902169704437
1969.6246                0.0144419008865952
1969.7096                0.0146710071712732
1969.7917                0.0152475414797664
1969.8767                0.0157223492860794
1969.9589                0.0163260605186224
1970.0438                0.0166503880172968
1970.1260                0.0164958164095879
1970.2054                0.0165610518306494
1970.2904                0.0166047438979149
1970.3726                0.0161782223731279
1970.4575                0.0150108048692346
1970.5397                0.0140421921387315
1970.6246                0.0137657560408115
1970.7096                0.0145201636478305
1970.7917                0.0147551624104381
1970.8767                0.0144878830760717
1970.9589                0.0143200159072876
1971.0438                0.0141662359237671
1971.1260                0.0148258777335286
1971.2054                0.0154154505580664
1971.2904                0.0164782050997019
1971.3726                0.0165666509419680
1971.4575                0.0154475513845682
1971.5397                0.0146917542442679
1971.6246                0.0149377314373851
1971.7096                0.0158779174089432
1971.7917                0.0165536180138588
1971.8767                0.0167216192930937
1971.9589                0.0172720234841108
1972.0437                0.0171133354306221
1972.1257                0.0171623900532722
1972.2076                0.0177843533456326
1972.2924                0.0186227615922689
1972.3743                0.0186526272445917
1972.4590                0.0177070237696171
1972.5410                0.0168729219585657
1972.6257                0.0161539930850267
1972.7103                0.0165409836918116
1972.7924                0.0169211775064468
1972.8771                0.0174882672727108
1972.9590                0.0176195986568928
1973.0438                0.0168647002428770
1973.1260                0.0162731688469648
1973.2054                0.0165858231484890
1973.2904                0.0166228562593460
1973.3726                0.0164400730282068
1973.4575                0.0151088144630194
1973.5397                0.0142561355605721
1973.6246                0.0139545369893312
1973.7096                0.0147998128086329
1973.7917                0.0158610884100199
1973.8767                0.0163271278142929
1973.9589                0.0167723633348942
1974.0438                0.0169378314167261
1974.1260                0.0173255372792482
1974.2054                0.0182813145220280
1974.2904                0.0190998669713736
1974.3726                0.0188855864107609
1974.4575                0.0179267115890980
1974.5397                0.0170565489679575
1974.6246                0.0164692495018244
1974.7096                0.0169569533318281
1974.7917                0.0170920416712761
1974.8767                0.0173763670027256
1974.9589                0.0176780484616756
1975.0438                0.0180559065192938
1975.1260                0.0184994898736477
1975.2054                0.0195389036089182
1975.2904                0.0199339017271996
1975.3726                0.0198335852473974
1975.4575                0.0188430789858103
1975.5397                0.0176887549459934
1975.6246                0.0175053924322128
1975.7096                0.0181178189814091
1975.7917                0.0186507776379585
1975.8767                0.0194484181702137
1975.9589                0.0197995677590370
1976.0437                0.0197931416332722
1976.1257                0.0197098515927792
1976.2076                0.0202587191015482
1976.2924                0.0205728635191917
1976.3743                0.0200128238648176
1976.4590                0.0191151406615973
1976.5410                0.0182219911366701
1976.6257                0.0176290441304445
1976.7103                0.0182222817093134
1976.7924                0.0186619963496923
1976.8771                0.0192885808646679
1976.9590                0.0201814305037260
1977.0438                0.0207928195595741
1977.1260                0.0212612692266703
1977.2054                0.0211862362921238
1977.2904                0.0213867649435997
1977.3726                0.0213265921920538
1977.4575                0.0202655792236328
1977.5397                0.0194876566529274
1977.6246                0.0193163007497787
1977.7096                0.0198840536177158
1977.7917                0.0205484442412853
1977.8767                0.0206980202347040
1977.9589                0.0213104188442230
1978.0438                0.0207749884575605
1978.1260                0.0206501614302397
1978.2054                0.0211562588810921
1978.2904                0.0216311234980822
1978.3726                0.0212011281400919
1978.4575                0.0210445914417505
1978.5397                0.0200943425297737
1978.6246                0.0197770409286022
1978.7096                0.0207282509654760
1978.7917                0.0210693348199129
1978.8767                0.0221523717045784
1978.9589                0.0224588364362717
1979.0438                0.0225030742585659
1979.1260                0.0227160081267357
1979.2054                0.0228481460362673
1979.2904                0.0231256987899542
1979.3726                0.0229294355958700
1979.4575                0.0218252371996641
1979.5397                0.0205389950424433
1979.6246                0.0197054464370012
1979.7096                0.0201147813349962
1979.7917                0.0207277834415436
1979.8767                0.0209306683391333
1979.9589                0.0214213095605373
1980.0437                0.0218159668147564
1980.1257                0.0215134918689728
1980.2076                0.0221481882035732
1980.2924                0.0235950406640768
1980.3743                0.0236668568104506
1980.4590                0.0228026118129492
1980.5410                0.0216105803847313
1980.6257                0.0210812725126743
1980.7103                0.0217103566974401
1980.7924                0.0221515372395515
1980.8771                0.0225030984729528
1980.9590                0.0230638980865479
1981.0438                0.0232078097760677
1981.1260                0.0231284052133560
1981.2054                0.0234110914170742
1981.2904                0.0238090008497238
1981.3726                0.0236307717859745
1981.4575                0.0227813851088285
1981.5397                0.0218739062547684
1981.6246                0.0216177497059107
1981.7096                0.0219538826495409
1981.7917                0.0222782883793116
1981.8767                0.0228449311107397
1981.9589                0.0235660411417484
1982.0438                0.0240895356982946
1982.1260                0.0242331828922033
1982.2054                0.0243607908487320
1982.2904                0.0249804314225912
1982.3726                0.0246680192649364
1982.4575                0.0236012861132622
1982.5397                0.0224789250642061
1982.6246                0.0221372693777084
1982.7096                0.0226346906274557
1982.7917                0.0229779034852982
1982.8767                0.0232434030622244
1982.9589                0.0233762692660093
1983.0438                0.0234465599060059
1983.1260                0.0236592385917902
1983.2054                0.0237508118152618
1983.2904                0.0242294017225504
1983.3726                0.0240848343819380
1983.4575                0.0232531651854515
1983.5397                0.0224728155881166
1983.6246                0.0221861656755209
1983.7096                0.0227481927722692
1983.7917                0.0232286471873522
1983.8767                0.0237508118152618
1983.9589                0.0238848458975554
1984.0437                0.0234393794089556
1984.1257                0.0240555778145790
1984.2076                0.0246797371655703
1984.2924                0.0252108927816153
1984.3743                0.0249442700296640
1984.4590                0.0239416789263487
1984.5410                0.0230412222445011
1984.6257                0.0225040726363659
1984.7103                0.0230426192283630
1984.7924                0.0236768648028374
1984.8771                0.0236733704805374
1984.9590                0.0242519769817591
1985.0438                0.0244356952607632
1985.1260                0.0245350692421198
1985.2054                0.0247075743973255
1985.2904                0.0248069390654564
1985.3726                0.0241699535399675
1985.4575                0.0228183977305889
1985.5397                0.0219984222203493
1985.6246                0.0217311400920153
1985.7096                0.0228484682738781
1985.7917                0.0238413475453854
1985.8767                0.0248595457524061
1985.9589                0.0249832086265087
1986.0438                0.0249333754181862
1986.1260                0.0258104819804430
1986.2054                0.0265502352267504
1986.2904                0.0271760765463114
1986.3726                0.0272731333971024
1986.4575                0.0263556726276875
1986.5397                0.0255378279834986
1986.6246                0.0250248331576586
1986.7096                0.0254630967974663
1986.7917                0.0256993155926466
1986.8767                0.0259583983570337
1986.9589                0.0260124858468771
1987.0438                0.0255212374031544
1987.1260                0.0253517534583807
1987.2054                0.0261200759559870
1987.2904                0.0267034806311131
1987.3726                0.0263449288904667
1987.4575                0.0260765571147203
1987.5397                0.0261103194206953
1987.6246                0.0260549783706665
1987.7096                0.0266677122563124
1987.7917                0.0273914374411106
1987.8767                0.0280480906367302
1987.9589                0.0286105070263147
1988.0437                0.0285937264561653
1988.1257                0.0289991404861212
1988.2076                0.0298894308507442
1988.2924                0.0303046237677336
1988.3743                0.0299185961484909
1988.4590                0.0289016179740429
1988.5410                0.0280413907021284
1988.6257                0.0274940729141235
1988.7103                0.0282284226268530
1988.7924                0.0289389304816723
1988.8771                0.0297705512493849
1988.9590                0.0305495373904705
1989.0438                0.0308758784085512
1989.1260                0.0310825202614069
1989.2054                0.0316746048629284
1989.2904                0.0321761295199394
1989.3726                0.0320392362773418
1989.4575                0.0312539488077164
1989.5397                0.0300677176564932
1989.6246                0.0295386984944344
1989.7096                0.0301964394748211
1989.7917                0.0306573640555143
1989.8767                0.0308357700705528
1989.9589                0.0301228594034910
1990.0438                0.0294630005955696
1990.1260                0.0292584411799908
1990.2054                0.0292241964489222
1990.2904                0.0294243283569813
1990.3726                0.0294844917953014
1990.4575                0.0290615931153297
1990.5397                0.0281061753630638
1990.6246                0.0276242829859257
1990.7096                0.0284257791936398
1990.7917                0.0291633680462837
1990.8767                0.0299008246511221
1990.9589                0.0308914817869663
1991.0438                0.0315239168703556
1991.1260                0.0321451202034950
1991.2054                0.0325253121554852
1991.2904                0.0327086225152016
1991.3726                0.0328805036842823
1991.4575                0.0320665352046490
1991.5397                0.0313950516283512
1991.6246                0.0309194196015596
1991.7096                0.0311494302004576
1991.7917                0.0314901322126389
1991.8767                0.0310926754027605
1991.9589                0.0308533310890198
1992.0437                0.0306490398943424
1992.1257                0.0309357643127441
1992.2076                0.0316397398710251
1992.2924                0.0321497209370136
1992.3743                0.0322254858911037
1992.4590                0.0313507430255413
1992.5410                0.0299795400351286
1992.6257                0.0292658824473619
1992.7103                0.0299897994846106
1992.7924                0.0302970893681049
1992.8771                0.0302108004689217
1992.9590                0.0300678946077824
1993.0438                0.0298491492867470
1993.1260                0.0297851096838713
1993.2054                0.0297429077327251
1993.2904                0.0299101565033197
1993.3726                0.0298756118863821
1993.4575                0.0288169346749783
1993.5397                0.0274175349622965
1993.6246                0.0271199569106102
1993.7096                0.0279283672571182
1993.7917                0.0286477804183960
1993.8767                0.0292744692414999
1993.9589                0.0303122475743294
1994.0438                0.0311734732240438
1994.1260                0.0316697843372822
1994.2054                0.0324075855314732
1994.2904                0.0326460897922516
1994.3726                0.0323737822473049
1994.4575                0.0316254161298275
1994.5397                0.0309364832937717
1994.6246                0.0305592566728592
1994.7096                0.0311449915170670
1994.7917                0.0317056067287922
1994.8767                0.0318877995014191
1994.9589                0.0320460051298141
1995.0438                0.0314908660948277
1995.1260                0.0304486714303493
1995.2054                0.0302639845758677
1995.2904                0.0301052741706371
1995.3726                0.0299476329237223
1995.4575                0.0291408412158489
1995.5397                0.0288481544703245
1995.6246                0.0294289793819189
1995.7096                0.0304157454520464
1995.7917                0.0311630293726921
1995.8767                0.0312268584966660
1995.9589                0.0319553986191750
1996.0437                0.0322178490459919
1996.1257                0.0324528738856316
1996.2076                0.0327277630567551
1996.2924                0.0332242362201214
1996.3743                0.0329297930002213
1996.4590                0.0322526879608631
1996.5410                0.0312970764935017
1996.6257                0.0310414694249630
1996.7103                0.0317592024803162
1996.7924                0.0323309935629368
1996.8771                0.0325770117342472
1996.9590                0.0330897718667984
1997.0438                0.0329818986356258
1997.1260                0.0332238003611565
1997.2054                0.0339195467531681
1997.2904                0.0344748906791210
1997.3726                0.0345428250730038
1997.4575                0.0338815003633499
1997.5397                0.0331781804561615
1997.6246                0.0332330614328384
1997.7096                0.0340564697980881
1997.7917                0.0343853160738945
1997.8767                0.0347411073744297
1997.9589                0.0349926911294460
1998.0438                0.0351734273135662
1998.1260                0.0350829474627972
1998.2054                0.0355655848979950
1998.2904                0.0360513105988503
1998.3726                0.0358732007443905
1998.4575                0.0349232368171215
1998.5397                0.0341316089034081
1998.6246                0.0342034846544266
1998.7096                0.0346684865653515
1998.7917                0.0350185409188271
1998.8767                0.0357836484909058
1998.9589                0.0363168567419052
1999.0438                0.0364743396639824
1999.1260                0.0367257297039032
1999.2054                0.0370426848530769
1999.2904                0.0373090505599976
1999.3726                0.0370664522051811
1999.4575                0.0359484329819679
1999.5397                0.0350217185914516
1999.6246                0.0345654338598251
1999.7096                0.0354488156735897
1999.7917                0.0360596887767315
1999.8767                0.0363245420157909
1999.9589                0.0365608744323254
2000.0437                0.0363953337073326
2000.1257                0.0367819927632809
2000.2076                0.0372470803558826
2000.2924                0.0377791821956635
2000.3743                0.0370850525796413
2000.4590                0.0365753956139088
2000.5410                0.0358024761080742
2000.6257                0.0357921756803989
2000.7103                0.0364198796451092
2000.7924                0.0370785295963287
2000.8771                0.0380794666707516
2000.9590                0.0382025502622128
