2000.0437              271.6889343261718750
2000.1257              272.0758666992187500
2000.2076              272.0774536132812500
2000.2924              271.7928466796875000
2000.3743              271.4208374023437500
2000.4590              271.3934020996093750
2000.5410              271.3553161621093750
2000.6257              271.3623962402343750
2000.7103              271.4218750000000000
2000.7924              271.4005432128906250
2000.8771              271.4647216796875000
2000.9590              271.5067749023437500
2001.0438              271.6356811523437500
2001.1260              271.9252929687500000
2001.2054              272.0532836914062500
2001.2904              271.8027954101562500
2001.3726              271.5559997558593750
2001.4575              271.5473937988281250
2001.5397              271.4427490234375000
2001.6246              271.4329833984375000
2001.7096              271.3955993652343750
2001.7917              271.4699096679687500
2001.8767              271.4710388183593750
2001.9589              271.5328063964843750
2002.0438              271.8030700683593750
2002.1260              272.2153625488281250
2002.2054              272.2218627929687500
2002.2904              271.7749938964843750
2002.3726              271.5341186523437500
2002.4575              271.5611267089843750
2002.5397              271.4334716796875000
2002.6246              271.3996887207031250
2002.7096              271.3572692871093750
2002.7917              271.4341125488281250
2002.8767              271.4467163085937500
2002.9589              271.5285949707031250
2003.0438              271.8230895996093750
2003.1260              272.2370910644531250
2003.2054              272.1939086914062500
2003.2904              271.7848205566406250
2003.3726              271.6152648925781250
2003.4575              271.5314025878906250
2003.5397              271.4300231933593750
2003.6246              271.3959350585937500
2003.7096              271.4017639160156250
2003.7917              271.4004821777343750
2003.8767              271.4988098144531250
2003.9589              271.6567382812500000
2004.0437              271.9478759765625000
2004.1257              272.3323974609375000
2004.2076              272.4153747558593750
2004.2924              271.9805908203125000
2004.3743              271.8019409179687500
2004.4590              271.6810913085937500
2004.5410              271.6141357421875000
2004.6257              271.5166931152343750
2004.7103              271.4350585937500000
2004.7924              271.4335021972656250
2004.8771              271.5149536132812500
2004.9590              271.6308898925781250
2005.0438              271.8210144042968750
2005.1260              272.1694641113281250
2005.2054              272.2665710449218750
2005.2904              271.9550476074218750
2005.3726              271.7889709472656250
2005.4575              271.6712646484375000
2005.5397              271.5769958496093750
2005.6246              271.5209350585937500
2005.7096              271.4963989257812500
2005.7917              271.5133972167968750
2005.8767              271.6078491210937500
2005.9589              271.7811584472656250
2006.0438              272.2132873535156250
2006.1260              272.6190185546875000
2006.2054              272.6446228027343750
2006.2904              272.3241882324218750
2006.3726              271.9301757812500000
2006.4575              271.7427978515625000
2006.5397              271.5628967285156250
2006.6246              271.4851379394531250
2006.7096              271.5010070800781250
2006.7917              271.4877624511718750
2006.8767              271.5428771972656250
2006.9589              271.6778259277343750
2007.0438              271.8551330566406250
2007.1260              272.1460571289062500
2007.2054              272.2585144042968750
2007.2904              272.0132751464843750
2007.3726              271.8453063964843750
2007.4575              271.7420043945312500
2007.5397              271.6148681640625000
2007.6246              271.4853820800781250
2007.7096              271.4659729003906250
2007.7917              271.4777832031250000
2007.8767              271.4709472656250000
2007.9589              271.5747680664062500
2008.0437              271.8516235351562500
2008.1257              272.2047729492187500
2008.2076              272.2880249023437500
2008.2924              272.0504760742187500
2008.3743              271.5697021484375000
2008.4590              271.5135192871093750
2008.5410              271.4588317871093750
2008.6257              271.3780822753906250
2008.7103              271.3945617675781250
2008.7924              271.4556884765625000
2008.8771              271.4884033203125000
2008.9590              271.5971984863281250
2009.0438              271.9143676757812500
2009.1260              272.3666992187500000
2009.2054              272.4118347167968750
2009.2904              272.0527038574218750
2009.3726              271.6565856933593750
2009.4575              271.5673522949218750
2009.5397              271.4905700683593750
2009.6246              271.4388427734375000
2009.7096              271.3852844238281250
2009.7917              271.3754577636718750
2009.8767              271.4252624511718750
2009.9589              271.5771789550781250
2010.0438              271.7238769531250000
2010.1260              271.9024353027343750
2010.2054              272.0162658691406250
2010.2904              271.8390808105468750
2010.3726              271.6035156250000000
2010.4575              271.5083618164062500
2010.5397              271.4403076171875000
2010.6246              271.3622436523437500
2010.7096              271.3993835449218750
2010.7917              271.4533691406250000
2010.8767              271.4778137207031250
2010.9589              271.5505676269531250
2011.0438              271.8441467285156250
2011.1260              272.2661437988281250
2011.2054              272.2886962890625000
2011.2904              271.9225769042968750
2011.3726              271.5345458984375000
2011.4575              271.4515991210937500
2011.5397              271.3764953613281250
2011.6246              271.3673706054687500
2011.7096              271.3849182128906250
2011.7917              271.3638305664062500
2011.8767              271.4469299316406250
2011.9589              271.5243225097656250
2012.0437              271.7765502929687500
2012.1257              272.1398620605468750
2012.2076              272.1621093750000000
2012.2924              271.9135742187500000
2012.3743              271.5757446289062500
2012.4590              271.5385131835937500
2012.5410              271.4231262207031250
2012.6257              271.3749084472656250
2012.7103              271.4026489257812500
2012.7924              271.3907775878906250
2012.8771              271.4463500976562500
2012.9590              271.5894775390625000
2013.0438              271.8412780761718750
2013.1260              272.2235412597656250
2013.2054              272.3336181640625000
2013.2904              272.0505676269531250
2013.3726              271.7013854980468750
2013.4575              271.5998535156250000
2013.5397              271.4590454101562500
2013.6246              271.3914184570312500
2013.7096              271.3930358886718750
2013.7917              271.4326782226562500
2013.8767              271.4532775878906250
2013.9589              271.5409240722656250
2014.0438              271.8200683593750000
2014.1260              272.2890319824218750
2014.2054              272.3927917480468750
2014.2904              272.0171203613281250
2014.3726              271.6306762695312500
2014.4575              271.5227050781250000
2014.5397              271.4058227539062500
2014.6246              271.3592224121093750
2014.7096              271.3887939453125000
2014.7917              271.4057006835937500
2014.8767              271.4718322753906250
2014.9589              271.5437011718750000
2015.0438              271.6729431152343750
2015.1260              271.8806152343750000
2015.2054              272.0162658691406250
2015.2904              271.8091735839843750
2015.3726              271.6291809082031250
2015.4575              271.5080261230468750
2015.5397              271.4172363281250000
2015.6246              271.3949890136718750
2015.7096              271.3779296875000000
2015.7917              271.3709411621093750
2015.8767              271.4243774414062500
2015.9589              271.5140380859375000
2016.0437              271.7853393554687500
2016.1257              272.1818847656250000
2016.2076              272.1829223632812500
2016.2924              271.8358459472656250
2016.3743              271.5597534179687500
2016.4590              271.5451660156250000
2016.5410              271.4552307128906250
2016.6257              271.3884277343750000
2016.7103              271.3839416503906250
2016.7924              271.4218139648437500
2016.8771              271.4386901855468750
2016.9590              271.5409851074218750
2017.0438              271.8570251464843750
2017.1260              272.3372802734375000
2017.2054              272.3643493652343750
2017.2904              272.0103454589843750
2017.3726              271.5915527343750000
2017.4575              271.5082397460937500
2017.5397              271.3879394531250000
2017.6246              271.3690490722656250
2017.7096              271.3766479492187500
2017.7917              271.3995971679687500
2017.8767              271.4517211914062500
2017.9589              271.5335693359375000
2018.0438              271.7756042480468750
2018.1260              272.1265869140625000
2018.2054              272.1642761230468750
2018.2904              271.9081115722656250
2018.3726              271.5820617675781250
2018.4575              271.4465026855468750
2018.5397              271.3608093261718750
2018.6246              271.3763732910156250
2018.7096              271.3821716308593750
2018.7917              271.3858337402343750
2018.8767              271.4211425781250000
2018.9589              271.5040283203125000
2019.0438              271.6787414550781250
2019.1260              272.0141601562500000
2019.2054              272.1391906738281250
2019.2904              271.7752380371093750
2019.3726              271.5305786132812500
2019.4575              271.5132141113281250
2019.5397              271.4394226074218750
2019.6246              271.4266052246093750
2019.7096              271.4144287109375000
2019.7917              271.3952026367187500
2019.8767              271.4349365234375000
2019.9589              271.4877624511718750
2020.0437              271.6243286132812500
2020.1257              271.9608459472656250
2020.2076              272.0339050292968750
2020.2924              271.7193298339843750
2020.3743              271.4820556640625000
2020.4590              271.4144592285156250
2020.5410              271.3637390136718750
2020.6257              271.4044799804687500
2020.7103              271.3869323730468750
2020.7924              271.4214477539062500
2020.8771              271.4341125488281250
2020.9590              271.5257873535156250
2021.0438              271.7468872070312500
2021.1260              272.0911865234375000
2021.2054              272.1948242187500000
2021.2904              271.9007568359375000
2021.3726              271.5933837890625000
2021.4575              271.5672302246093750
2021.5397              271.4456787109375000
2021.6246              271.3888854980468750
2021.7096              271.3829650878906250
2021.7917              271.4192810058593750
2021.8767              271.4671020507812500
2021.9589              271.5543823242187500
2022.0438              271.8342590332031250
2022.1260              272.2045593261718750
2022.2054              272.1794433593750000
2022.2904              271.8372497558593750
2022.3726              271.6701354980468750
2022.4575              271.5429077148437500
2022.5397              271.4340209960937500
2022.6246              271.4108581542968750
2022.7096              271.4016113281250000
2022.7917              271.4020385742187500
2022.8767              271.4760437011718750
2022.9589              271.5898132324218750
2023.0438              271.7814331054687500
2023.1260              272.1101989746093750
2023.2054              272.2471618652343750
2023.2904              271.9067077636718750
2023.3726              271.5762634277343750
2023.4575              271.4742126464843750
2023.5397              271.3869323730468750
2023.6246              271.3578186035156250
2023.7096              271.4042663574218750
2023.7917              271.3859863281250000
2023.8767              271.4451599121093750
2023.9589              271.5456848144531250
2024.0437              271.9776916503906250
2024.1257              272.3236694335937500
2024.2076              272.3722534179687500
2024.2924              272.0010375976562500
2024.3743              271.5649719238281250
2024.4590              271.5367736816406250
2024.5410              271.5073242187500000
2024.6257              271.4295349121093750
2024.7103              271.3955993652343750
2024.7924              271.4062805175781250
2024.8771              271.4593811035156250
2024.9590              271.5548706054687500
2025.0438              271.8539733886718750
2025.1260              272.1410827636718750
2025.2054              272.1717224121093750
2025.2904              271.9367675781250000
2025.3726              271.6262512207031250
2025.4575              271.5989074707031250
2025.5397              271.4746704101562500
2025.6246              271.4290466308593750
2025.7096              271.4257202148437500
2025.7917              271.4418945312500000
2025.8767              271.4859924316406250
2025.9589              271.6340026855468750
2026.0438              272.0838317871093750
2026.1260              272.3719787597656250
2026.2054              272.4059753417968750
2026.2904              272.0700683593750000
2026.3726              271.5899047851562500
2026.4575              271.4822082519531250
2026.5397              271.4489746093750000
2026.6246              271.4579467773437500
2026.7096              271.4510803222656250
2026.7917              271.4867858886718750
2026.8767              271.5363769531250000
2026.9589              271.6423339843750000
2027.0438              271.9141235351562500
2027.1260              272.2894897460937500
2027.2054              272.3474731445312500
2027.2904              272.1125183105468750
2027.3726              271.7996826171875000
2027.4575              271.6793823242187500
2027.5397              271.5002441406250000
2027.6246              271.3721618652343750
2027.7096              271.3667602539062500
2027.7917              271.4037475585937500
2027.8767              271.4389648437500000
2027.9589              271.5008239746093750
2028.0437              271.6529846191406250
2028.1257              271.9889221191406250
2028.2076              272.1361999511718750
2028.2924              271.7938232421875000
2028.3743              271.5856323242187500
2028.4590              271.5472717285156250
2028.5410              271.4649353027343750
2028.6257              271.4469299316406250
2028.7103              271.4563293457031250
2028.7924              271.5001831054687500
2028.8771              271.5588073730468750
2028.9590              271.7181091308593750
2029.0438              272.1325683593750000
2029.1260              272.5146789550781250
2029.2054              272.4974975585937500
2029.2904              272.1738891601562500
2029.3726              271.6315307617187500
2029.4575              271.5746459960937500
2029.5397              271.4388427734375000
2029.6246              271.4268798828125000
2029.7096              271.4071044921875000
2029.7917              271.4215393066406250
2029.8767              271.4733886718750000
2029.9589              271.5913391113281250
2030.0438              271.7647705078125000
2030.1260              272.0781250000000000
2030.2054              272.0693969726562500
2030.2904              271.7279663085937500
2030.3726              271.6506042480468750
2030.4575              271.4640502929687500
2030.5397              271.3999023437500000
2030.6246              271.3845214843750000
2030.7096              271.3787841796875000
2030.7917              271.4125976562500000
2030.8767              271.5039367675781250
2030.9589              271.5676574707031250
2031.0438              271.8804931640625000
2031.1260              272.2149353027343750
2031.2054              272.1894531250000000
2031.2904              271.7664489746093750
2031.3726              271.5444335937500000
2031.4575              271.5147399902343750
2031.5397              271.4721679687500000
2031.6246              271.3854064941406250
2031.7096              271.4263916015625000
2031.7917              271.4071044921875000
2031.8767              271.4527282714843750
2031.9589              271.5464477539062500
2032.0437              271.8242797851562500
2032.1257              272.2241210937500000
2032.2076              272.3150024414062500
2032.2924              272.1221618652343750
2032.3743              271.7171936035156250
2032.4590              271.5609741210937500
2032.5410              271.5248413085937500
2032.6257              271.4247131347656250
2032.7103              271.4075622558593750
2032.7924              271.4563903808593750
2032.8771              271.5484313964843750
2032.9590              271.6528320312500000
2033.0438              272.0480957031250000
2033.1260              272.4699707031250000
2033.2054              272.4748229980468750
2033.2904              272.0591430664062500
2033.3726              271.6469726562500000
2033.4575              271.6506958007812500
2033.5397              271.5256042480468750
2033.6246              271.4123229980468750
2033.7096              271.4075317382812500
2033.7917              271.4057617187500000
2033.8767              271.4933776855468750
2033.9589              271.6346435546875000
2034.0438              271.8942871093750000
2034.1260              272.3220520019531250
2034.2054              272.3958740234375000
2034.2904              272.1271362304687500
2034.3726              271.7439270019531250
2034.4575              271.5886230468750000
2034.5397              271.4770507812500000
2034.6246              271.4223022460937500
2034.7096              271.4124145507812500
2034.7917              271.4383239746093750
2034.8767              271.5570678710937500
2034.9589              271.7380981445312500
2035.0438              272.2480163574218750
2035.1260              272.6774291992187500
2035.2054              272.6574707031250000
2035.2904              272.3891601562500000
2035.3726              271.7451477050781250
2035.4575              271.5831604003906250
2035.5397              271.4611206054687500
2035.6246              271.4305725097656250
2035.7096              271.3934631347656250
2035.7917              271.3691101074218750
2035.8767              271.4245910644531250
2035.9589              271.5293579101562500
2036.0437              271.9976196289062500
2036.1257              272.4224853515625000
2036.2076              272.4296264648437500
2036.2924              272.1046447753906250
2036.3743              271.5612182617187500
2036.4590              271.4742126464843750
2036.5410              271.3823547363281250
2036.6257              271.3845825195312500
2036.7103              271.3894042968750000
2036.7924              271.4168090820312500
2036.8771              271.4235534667968750
2036.9590              271.4939880371093750
2037.0438              271.8471679687500000
2037.1260              272.2935485839843750
2037.2054              272.3414306640625000
2037.2904              271.9897460937500000
2037.3726              271.4359130859375000
2037.4575              271.3844909667968750
2037.5397              271.3598632812500000
2037.6246              271.3945617675781250
2037.7096              271.4013977050781250
2037.7917              271.3964538574218750
2037.8767              271.4366149902343750
2037.9589              271.5412292480468750
2038.0438              271.7715454101562500
2038.1260              272.1573486328125000
2038.2054              272.3366699218750000
2038.2904              272.1518249511718750
2038.3726              271.6296691894531250
2038.4575              271.4889221191406250
2038.5397              271.4272766113281250
2038.6246              271.4095764160156250
2038.7096              271.3707580566406250
2038.7917              271.4080505371093750
2038.8767              271.4415283203125000
2038.9589              271.5151062011718750
2039.0438              271.7628479003906250
2039.1260              272.1948242187500000
2039.2054              272.2376403808593750
2039.2904              272.0156250000000000
2039.3726              271.6114807128906250
2039.4575              271.5426940917968750
2039.5397              271.4435119628906250
2039.6246              271.3897399902343750
2039.7096              271.3666687011718750
2039.7917              271.3931884765625000
2039.8767              271.4384155273437500
2039.9589              271.5346374511718750
2040.0437              271.9458618164062500
2040.1257              272.4415893554687500
2040.2076              272.4914855957031250
2040.2924              272.0779113769531250
2040.3743              271.6065368652343750
2040.4590              271.4931335449218750
2040.5410              271.4034118652343750
2040.6257              271.4008483886718750
2040.7103              271.4212341308593750
2040.7924              271.3885803222656250
2040.8771              271.4245605468750000
2040.9590              271.5240783691406250
2041.0438              271.7300415039062500
2041.1260              272.0938110351562500
2041.2054              272.1770935058593750
2041.2904              271.9849548339843750
2041.3726              271.6459350585937500
2041.4575              271.5589599609375000
2041.5397              271.4387817382812500
2041.6246              271.3938293457031250
2041.7096              271.4023437500000000
2041.7917              271.4532470703125000
2041.8767              271.4527587890625000
2041.9589              271.5079956054687500
2042.0438              271.8531799316406250
2042.1260              272.2447814941406250
2042.2054              272.2948913574218750
2042.2904              272.0139160156250000
2042.3726              271.5695190429687500
2042.4575              271.4680786132812500
2042.5397              271.3819580078125000
2042.6246              271.3632812500000000
2042.7096              271.3647155761718750
2042.7917              271.4349670410156250
2042.8767              271.4342346191406250
2042.9589              271.4949951171875000
2043.0438              271.7610778808593750
2043.1260              272.1578369140625000
2043.2054              272.1751098632812500
2043.2904              271.9558715820312500
2043.3726              271.4989013671875000
2043.4575              271.4826660156250000
2043.5397              271.4333190917968750
2043.6246              271.3916320800781250
2043.7096              271.3790893554687500
2043.7917              271.4397583007812500
2043.8767              271.4565734863281250
2043.9589              271.5279541015625000
2044.0437              271.7142333984375000
2044.1257              272.0641784667968750
2044.2076              272.1476135253906250
2044.2924              271.9060668945312500
2044.3743              271.6315307617187500
2044.4590              271.5606994628906250
2044.5410              271.4497680664062500
2044.6257              271.3825683593750000
2044.7103              271.3757324218750000
2044.7924              271.4327087402343750
2044.8771              271.5016784667968750
2044.9590              271.6503601074218750
2045.0438              271.9906921386718750
2045.1260              272.3799133300781250
2045.2054              272.3971862792968750
2045.2904              272.0023803710937500
2045.3726              271.6486511230468750
2045.4575              271.5148010253906250
2045.5397              271.4513549804687500
2045.6246              271.3942260742187500
2045.7096              271.4399414062500000
2045.7917              271.4475402832031250
2045.8767              271.4620666503906250
2045.9589              271.5472717285156250
2046.0438              272.0038452148437500
2046.1260              272.5241088867187500
2046.2054              272.5054321289062500
2046.2904              272.0396728515625000
2046.3726              271.5661010742187500
2046.4575              271.4868469238281250
2046.5397              271.3658752441406250
2046.6246              271.3934020996093750
2046.7096              271.4114074707031250
2046.7917              271.4225463867187500
2046.8767              271.4340209960937500
2046.9589              271.5234680175781250
2047.0438              271.7846984863281250
2047.1260              272.2260131835937500
2047.2054              272.2467956542968750
2047.2904              271.8273925781250000
2047.3726              271.5088195800781250
2047.4575              271.4769592285156250
2047.5397              271.4473266601562500
2047.6246              271.4183959960937500
2047.7096              271.4041748046875000
2047.7917              271.4256591796875000
2047.8767              271.5117797851562500
2047.9589              271.6876220703125000
2048.0437              271.9778442382812500
2048.1257              272.2991638183593750
2048.2078              272.3460388183593750
2048.2922              271.9964599609375000
2048.3743              271.5944519042968750
2048.4590              271.5177917480468750
2048.5410              271.4213867187500000
2048.6257              271.3813171386718750
2048.7104              271.3652343750000000
2048.7922              271.3992004394531250
2048.8770              271.4526977539062500
2048.9590              271.5680541992187500
2049.0439              271.9795227050781250
2049.1260              272.4468688964843750
2049.2056              272.4272766113281250
2049.2905              271.9725036621093750
2049.3726              271.5680541992187500
2049.4575              271.4967651367187500
2049.5398              271.4051513671875000
2049.6248              271.4108886718750000
2049.7095              271.4186706542968750
2049.7917              271.4055480957031250
2049.8767              271.4520568847656250
2049.9590              271.5532836914062500
2050.0439              271.8943786621093750
2050.1260              272.3298339843750000
2050.2056              272.3668212890625000
2050.2905              272.1011047363281250
2050.3726              271.6687622070312500
2050.4575              271.6215209960937500
2050.5398              271.5518798828125000
2050.6248              271.4465026855468750
2050.7095              271.3697204589843750
2050.7917              271.4024658203125000
2050.8767              271.4638671875000000
2050.9590              271.5602111816406250
2051.0439              271.7238464355468750
2051.1260              272.0719604492187500
2051.2056              272.2152099609375000
2051.2905              271.9714355468750000
2051.3726              271.6921997070312500
2051.4575              271.6633911132812500
2051.5398              271.5335693359375000
2051.6248              271.4381103515625000
2051.7095              271.4293823242187500
2051.7917              271.4270935058593750
2051.8767              271.5038452148437500
2051.9590              271.6634826660156250
2052.0437              272.0590515136718750
2052.1257              272.4333496093750000
2052.2078              272.4786987304687500
2052.2922              272.1975097656250000
2052.3743              271.6540527343750000
2052.4590              271.5277709960937500
2052.5410              271.4394226074218750
2052.6257              271.4032287597656250
2052.7104              271.3938293457031250
2052.7922              271.4244384765625000
2052.8770              271.4966430664062500
2052.9590              271.5568237304687500
2053.0439              271.7671813964843750
2053.1260              272.2484741210937500
2053.2056              272.3129272460937500
2053.2905              272.0606994628906250
2053.3726              271.5822753906250000
2053.4575              271.5111389160156250
2053.5398              271.4754028320312500
2053.6248              271.4327392578125000
2053.7095              271.3930358886718750
2053.7917              271.4001770019531250
2053.8767              271.4542541503906250
2053.9590              271.5372619628906250
2054.0439              271.7598876953125000
2054.1260              272.1612243652343750
2054.2056              272.2688598632812500
2054.2905              272.1030273437500000
2054.3726              271.6711730957031250
2054.4575              271.5440673828125000
2054.5398              271.4691162109375000
2054.6248              271.4493103027343750
2054.7095              271.4213562011718750
2054.7917              271.4197082519531250
2054.8767              271.4399719238281250
2054.9590              271.5233154296875000
2055.0439              271.8059082031250000
2055.1260              272.2588500976562500
2055.2056              272.3230895996093750
2055.2905              272.0579528808593750
2055.3726              271.6398315429687500
2055.4575              271.5612487792968750
2055.5398              271.4470520019531250
2055.6248              271.4113464355468750
2055.7095              271.3904113769531250
2055.7917              271.4081420898437500
2055.8767              271.4614562988281250
2055.9590              271.5642089843750000
2056.0437              271.8202514648437500
2056.1257              272.2319641113281250
2056.2078              272.3419189453125000
2056.2922              272.1171875000000000
2056.3743              271.7841491699218750
2056.4590              271.6540222167968750
2056.5410              271.5308227539062500
2056.6257              271.4319458007812500
2056.7104              271.4547119140625000
2056.7922              271.4743957519531250
2056.8770              271.5292358398437500
2056.9590              271.7092285156250000
2057.0439              272.2817077636718750
2057.1260              272.7218933105468750
2057.2056              272.8114013671875000
2057.2905              272.4228210449218750
2057.3726              271.9011230468750000
2057.4575              271.6962890625000000
2057.5398              271.6434936523437500
2057.6248              271.5414123535156250
2057.7095              271.5443115234375000
2057.7917              271.6040039062500000
2057.8767              271.7032470703125000
2057.9590              271.8843078613281250
2058.0439              272.4230651855468750
2058.1260              272.8304748535156250
2058.2056              272.8692016601562500
2058.2905              272.6018676757812500
2058.3726              272.1133728027343750
2058.4575              271.7770385742187500
2058.5398              271.5808715820312500
2058.6248              271.4468078613281250
2058.7095              271.4044799804687500
2058.7917              271.4230346679687500
2058.8767              271.4864807128906250
2058.9590              271.5924377441406250
2059.0439              271.8390502929687500
2059.1260              272.2812500000000000
2059.2056              272.4178771972656250
2059.2905              272.1470947265625000
2059.3726              271.6407165527343750
2059.4575              271.5812683105468750
2059.5398              271.4563293457031250
2059.6248              271.4214782714843750
2059.7095              271.3893127441406250
2059.7917              271.4223937988281250
2059.8767              271.4727783203125000
2059.9590              271.5821533203125000
2060.0437              271.9457702636718750
2060.1257              272.3776245117187500
2060.2078              272.4649047851562500
2060.2922              272.0535278320312500
2060.3743              271.6698303222656250
2060.4590              271.6535034179687500
2060.5410              271.5392150878906250
2060.6257              271.4422607421875000
2060.7104              271.3595581054687500
2060.7922              271.4364318847656250
2060.8770              271.5096740722656250
2060.9590              271.6475830078125000
2061.0439              271.9244689941406250
2061.1260              272.3053283691406250
2061.2056              272.3909912109375000
2061.2905              271.9306945800781250
2061.3726              271.6126098632812500
2061.4575              271.5371704101562500
2061.5398              271.4549255371093750
2061.6248              271.4012756347656250
2061.7095              271.3817138671875000
2061.7917              271.4373474121093750
2061.8767              271.4769287109375000
2061.9590              271.5936584472656250
2062.0439              272.0476684570312500
2062.1260              272.4374389648437500
2062.2056              272.4389343261718750
2062.2905              272.0889587402343750
2062.3726              271.6401062011718750
2062.4575              271.5393371582031250
2062.5398              271.4621887207031250
2062.6248              271.4290466308593750
2062.7095              271.3898315429687500
2062.7917              271.4058227539062500
2062.8767              271.4665222167968750
2062.9590              271.5474243164062500
2063.0439              271.9071350097656250
2063.1260              272.3126525878906250
2063.2056              272.3511657714843750
2063.2905              272.0333862304687500
2063.3726              271.6579895019531250
2063.4575              271.5927124023437500
2063.5398              271.5127258300781250
2063.6248              271.3983154296875000
2063.7095              271.3563232421875000
2063.7917              271.3733520507812500
2063.8767              271.4222412109375000
2063.9590              271.5467224121093750
2064.0437              272.0634765625000000
2064.1257              272.4947204589843750
2064.2078              272.4401245117187500
2064.2922              272.1918334960937500
2064.3743              271.6750488281250000
2064.4590              271.4920043945312500
2064.5410              271.4188232421875000
2064.6257              271.3788452148437500
2064.7104              271.3975524902343750
2064.7922              271.4226379394531250
2064.8770              271.4520874023437500
2064.9590              271.5613708496093750
2065.0439              271.7861633300781250
2065.1260              272.2564086914062500
2065.2056              272.4193115234375000
2065.2905              272.1942138671875000
2065.3726              271.6851196289062500
2065.4575              271.4482727050781250
2065.5398              271.3640747070312500
2065.6248              271.3997802734375000
2065.7095              271.3627624511718750
2065.7917              271.3833923339843750
2065.8767              271.4469299316406250
2065.9590              271.5296020507812500
2066.0439              271.9592895507812500
2066.1260              272.3744201660156250
2066.2056              272.3784790039062500
2066.2905              272.1071166992187500
2066.3726              271.6570739746093750
2066.4575              271.5611877441406250
2066.5398              271.4754028320312500
2066.6248              271.4202575683593750
2066.7095              271.4383544921875000
2066.7917              271.3978576660156250
2066.8767              271.4787292480468750
2066.9590              271.6165161132812500
2067.0439              272.1234130859375000
2067.1260              272.5787658691406250
2067.2056              272.6010131835937500
2067.2905              272.3737182617187500
2067.3726              271.7913208007812500
2067.4575              271.5084533691406250
2067.5398              271.4531860351562500
2067.6248              271.4309692382812500
2067.7095              271.3827514648437500
2067.7917              271.4177551269531250
2067.8767              271.4625854492187500
2067.9590              271.6050720214843750
2068.0437              272.2149658203125000
2068.1257              272.5929565429687500
2068.2078              272.5584411621093750
2068.2922              272.3297424316406250
2068.3743              271.5902404785156250
2068.4590              271.3784484863281250
2068.5410              271.3902893066406250
2068.6257              271.3804931640625000
2068.7104              271.3567810058593750
2068.7922              271.3999938964843750
2068.8770              271.4360351562500000
2068.9590              271.4974670410156250
2069.0439              271.8643493652343750
2069.1260              272.3287963867187500
2069.2056              272.3435974121093750
2069.2905              272.1266784667968750
2069.3726              271.6893005371093750
2069.4575              271.4985656738281250
2069.5398              271.4684143066406250
2069.6248              271.3987426757812500
2069.7095              271.4101562500000000
2069.7917              271.4039306640625000
2069.8767              271.4313049316406250
2069.9590              271.5428771972656250
2070.0439              271.8840637207031250
2070.1260              272.2595214843750000
2070.2056              272.3106689453125000
2070.2905              271.9166564941406250
2070.3726              271.5960693359375000
2070.4575              271.4811706542968750
2070.5398              271.3986206054687500
2070.6248              271.4273071289062500
2070.7095              271.4143066406250000
2070.7917              271.4132690429687500
2070.8767              271.4295654296875000
2070.9590              271.5007629394531250
2071.0439              271.7105407714843750
2071.1260              272.0766601562500000
2071.2056              272.1486816406250000
2071.2905              271.8286743164062500
2071.3726              271.4567260742187500
2071.4575              271.3942260742187500
2071.5398              271.3674011230468750
2071.6248              271.3687133789062500
2071.7095              271.3665771484375000
2071.7917              271.3997802734375000
2071.8767              271.4435424804687500
2071.9590              271.5571289062500000
2072.0437              271.7233276367187500
2072.1257              272.1042175292968750
2072.2078              272.2450866699218750
2072.2922              272.1289672851562500
2072.3743              271.7077941894531250
2072.4590              271.6093139648437500
2072.5410              271.5141601562500000
2072.6257              271.3908386230468750
2072.7104              271.4674682617187500
2072.7922              271.4037780761718750
2072.8770              271.4345703125000000
2072.9590              271.5678710937500000
2073.0439              271.9642944335937500
2073.1260              272.3758239746093750
2073.2056              272.4018249511718750
2073.2905              272.0736999511718750
2073.3726              271.7076416015625000
2073.4575              271.6052246093750000
2073.5398              271.4508972167968750
2073.6248              271.3997497558593750
2073.7095              271.3956909179687500
2073.7917              271.4358215332031250
2073.8767              271.4646301269531250
2073.9590              271.5858154296875000
2074.0439              271.9176635742187500
2074.1260              272.3495178222656250
2074.2056              272.3760986328125000
2074.2905              271.9583435058593750
2074.3726              271.5968627929687500
2074.4575              271.5153198242187500
2074.5398              271.4512329101562500
2074.6248              271.3977966308593750
2074.7095              271.3939819335937500
2074.7917              271.3757324218750000
2074.8767              271.4245605468750000
2074.9590              271.5072021484375000
2075.0439              271.8721313476562500
2075.1260              272.2162780761718750
2075.2056              272.2640991210937500
2075.2905              272.0748291015625000
2075.3726              271.6329040527343750
2075.4575              271.5060119628906250
2075.5398              271.4527282714843750
2075.6248              271.3806762695312500
2075.7095              271.4175415039062500
2075.7917              271.4135742187500000
2075.8767              271.4270324707031250
2075.9590              271.5351257324218750
2076.0437              271.8766784667968750
2076.1257              272.2909851074218750
2076.2078              272.3472595214843750
2076.2922              272.1817016601562500
2076.3743              271.7483825683593750
2076.4590              271.6699218750000000
2076.5410              271.6246643066406250
2076.6257              271.5317382812500000
2076.7104              271.4529113769531250
2076.7922              271.4785461425781250
2076.8770              271.5724792480468750
2076.9590              271.7108154296875000
2077.0439              272.1874389648437500
2077.1260              272.6412658691406250
2077.2056              272.6961364746093750
2077.2905              272.4465637207031250
2077.3726              271.9542846679687500
2077.4575              271.5896301269531250
2077.5398              271.4728698730468750
2077.6248              271.4399108886718750
2077.7095              271.4828186035156250
2077.7917              271.4469604492187500
2077.8767              271.5152282714843750
2077.9590              271.6765747070312500
2078.0439              272.2036743164062500
2078.1260              272.7431030273437500
2078.2056              272.7911376953125000
2078.2905              272.5404357910156250
2078.3726              271.8720092773437500
2078.4575              271.6177062988281250
2078.5398              271.5072326660156250
2078.6248              271.4760131835937500
2078.7095              271.4011840820312500
2078.7917              271.4387817382812500
2078.8767              271.4695434570312500
2078.9590              271.5850830078125000
2079.0439              272.0559692382812500
2079.1260              272.4080810546875000
2079.2056              272.4951782226562500
2079.2905              272.1777038574218750
2079.3726              271.6067504882812500
2079.4575              271.5022583007812500
2079.5398              271.4913024902343750
2079.6248              271.4104614257812500
2079.7095              271.3789062500000000
2079.7917              271.4343872070312500
2079.8767              271.4374389648437500
2079.9590              271.5928649902343750
2080.0437              272.1905517578125000
2080.1257              272.5835266113281250
2080.2078              272.6322326660156250
2080.2922              272.2798461914062500
2080.3743              271.6426696777343750
2080.4590              271.5402526855468750
2080.5410              271.4620056152343750
2080.6257              271.4058227539062500
2080.7104              271.3619689941406250
2080.7922              271.3945007324218750
2080.8770              271.4229736328125000
2080.9590              271.5324096679687500
2081.0439              271.8062744140625000
2081.1260              272.2140197753906250
2081.2056              272.3059692382812500
2081.2905              272.0853271484375000
2081.3726              271.6043701171875000
2081.4575              271.5019531250000000
2081.5398              271.4532470703125000
2081.6248              271.3959655761718750
2081.7095              271.3623352050781250
2081.7917              271.4006652832031250
2081.8767              271.4613037109375000
2081.9590              271.5425109863281250
2082.0439              271.7666015625000000
2082.1260              272.1520385742187500
2082.2056              272.2747497558593750
2082.2905              272.1593017578125000
2082.3726              271.8521728515625000
2082.4575              271.7169189453125000
2082.5398              271.6198120117187500
2082.6248              271.4849853515625000
2082.7095              271.4615173339843750
2082.7917              271.4731445312500000
2082.8767              271.5148010253906250
2082.9590              271.6246337890625000
2083.0439              271.9745483398437500
2083.1260              272.3520202636718750
2083.2056              272.4930114746093750
2083.2905              272.2554016113281250
2083.3726              271.7458496093750000
2083.4575              271.6330871582031250
2083.5398              271.5475463867187500
2083.6248              271.4512939453125000
2083.7095              271.4284667968750000
2083.7917              271.4484863281250000
2083.8767              271.4761657714843750
2083.9590              271.6051330566406250
2084.0437              272.0983581542968750
2084.1257              272.5769653320312500
2084.2078              272.5866088867187500
2084.2922              272.3141784667968750
2084.3743              271.8250122070312500
2084.4590              271.5643920898437500
2084.5410              271.4832763671875000
2084.6257              271.4492187500000000
2084.7104              271.4661865234375000
2084.7922              271.4107055664062500
2084.8770              271.4476928710937500
2084.9590              271.5520324707031250
2085.0439              271.9360351562500000
2085.1260              272.4695129394531250
2085.2056              272.6044616699218750
2085.2905              272.3249816894531250
2085.3726              271.7284851074218750
2085.4575              271.5385742187500000
2085.5398              271.4677429199218750
2085.6248              271.3980407714843750
2085.7095              271.3962402343750000
2085.7917              271.3646240234375000
2085.8767              271.4324340820312500
2085.9590              271.5205078125000000
2086.0439              271.8564758300781250
2086.1260              272.2727661132812500
2086.2056              272.3319091796875000
2086.2905              272.0612792968750000
2086.3726              271.6619873046875000
2086.4575              271.6159362792968750
2086.5398              271.5127868652343750
2086.6248              271.4323120117187500
2086.7095              271.4182739257812500
2086.7917              271.4348449707031250
2086.8767              271.4575500488281250
2086.9590              271.5197753906250000
2087.0439              271.7905578613281250
2087.1260              272.2491149902343750
2087.2056              272.3405761718750000
2087.2905              272.1015930175781250
2087.3726              271.6410827636718750
2087.4575              271.5914611816406250
2087.5398              271.5171813964843750
2087.6248              271.4599914550781250
2087.7095              271.4028015136718750
2087.7917              271.4311523437500000
2087.8767              271.5001831054687500
2087.9590              271.5895385742187500
2088.0437              271.9411315917968750
2088.1257              272.4435729980468750
2088.2078              272.5184020996093750
2088.2922              272.2448730468750000
2088.3743              271.7122497558593750
2088.4590              271.5383605957031250
2088.5410              271.4079895019531250
2088.6257              271.3636169433593750
2088.7104              271.4054870605468750
2088.7922              271.4061279296875000
2088.8770              271.4368591308593750
2088.9590              271.5292663574218750
2089.0439              271.9626464843750000
2089.1260              272.5000305175781250
2089.2056              272.4897460937500000
2089.2905              272.1715698242187500
2089.3726              271.7272644042968750
2089.4575              271.5202026367187500
2089.5398              271.4733581542968750
2089.6248              271.4046020507812500
2089.7095              271.3977355957031250
2089.7917              271.4153137207031250
2089.8767              271.4313659667968750
2089.9590              271.5347595214843750
2090.0439              271.9975585937500000
2090.1260              272.4150390625000000
2090.2056              272.4314270019531250
2090.2905              272.0666503906250000
2090.3726              271.5305480957031250
2090.4575              271.4914245605468750
2090.5398              271.4002380371093750
2090.6248              271.4234313964843750
2090.7095              271.3974914550781250
2090.7917              271.3912658691406250
2090.8767              271.4395446777343750
2090.9590              271.5275268554687500
2091.0439              271.9164428710937500
2091.1260              272.3103942871093750
2091.2056              272.3152465820312500
2091.2905              272.0224609375000000
2091.3726              271.5455017089843750
2091.4575              271.5281372070312500
2091.5398              271.4348449707031250
2091.6248              271.3975830078125000
2091.7095              271.3838806152343750
2091.7917              271.4090881347656250
2091.8767              271.4356079101562500
2091.9590              271.5492553710937500
2092.0437              271.9128112792968750
2092.1257              272.3816833496093750
2092.2078              272.4586791992187500
2092.2922              272.1637573242187500
2092.3743              271.7172546386718750
2092.4590              271.5487060546875000
2092.5410              271.4413452148437500
2092.6257              271.4058227539062500
2092.7104              271.4261474609375000
2092.7922              271.4251708984375000
2092.8770              271.4636535644531250
2092.9590              271.5902709960937500
2093.0439              271.9427185058593750
2093.1260              272.3567810058593750
2093.2056              272.5219116210937500
2093.2905              272.3253173828125000
2093.3726              271.9338684082031250
2093.4575              271.5560607910156250
2093.5398              271.5107727050781250
2093.6248              271.3822326660156250
2093.7095              271.3992309570312500
2093.7917              271.4866333007812500
2093.8767              271.4811706542968750
2093.9590              271.6323242187500000
2094.0439              272.1437377929687500
2094.1260              272.5148925781250000
2094.2056              272.5793151855468750
2094.2905              272.3773498535156250
2094.3726              271.9684448242187500
2094.4575              271.5125427246093750
2094.5398              271.4774169921875000
2094.6248              271.4100341796875000
2094.7095              271.4223022460937500
2094.7917              271.4373779296875000
2094.8767              271.4529113769531250
2094.9590              271.5528869628906250
2095.0439              271.8613281250000000
2095.1260              272.3651733398437500
2095.2056              272.4319152832031250
2095.2905              272.1540222167968750
2095.3726              271.6550903320312500
2095.4575              271.5162048339843750
2095.5398              271.4033813476562500
2095.6248              271.3779602050781250
2095.7095              271.3771362304687500
2095.7917              271.3936462402343750
2095.8767              271.4262695312500000
2095.9590              271.5223083496093750
2096.0437              271.9786071777343750
2096.1257              272.4472351074218750
2096.2078              272.4350280761718750
2096.2922              272.1288452148437500
2096.3743              271.6161193847656250
2096.4590              271.5070190429687500
2096.5410              271.4104309082031250
2096.6257              271.3916625976562500
2096.7104              271.3811645507812500
2096.7922              271.3957519531250000
2096.8770              271.4783325195312500
2096.9590              271.6299438476562500
2097.0439              272.0741577148437500
2097.1260              272.5257873535156250
2097.2056              272.6039428710937500
2097.2905              272.2934570312500000
2097.3726              271.8144226074218750
2097.4575              271.5178222656250000
2097.5398              271.3973388671875000
2097.6248              271.4251098632812500
2097.7095              271.4408874511718750
2097.7917              271.4353942871093750
2097.8767              271.4351196289062500
2097.9590              271.6047058105468750
2098.0439              272.1794128417968750
2098.1260              272.6733703613281250
2098.2056              272.5931396484375000
2098.2905              272.1422119140625000
2098.3726              271.6384277343750000
2098.4575              271.5356140136718750
2098.5398              271.4456481933593750
2098.6248              271.4213256835937500
2098.7095              271.4093627929687500
2098.7917              271.4500427246093750
2098.8767              271.4570312500000000
2098.9590              271.5453491210937500
2099.0439              271.8204345703125000
2099.1260              272.1898193359375000
2099.2056              272.2314758300781250
2099.2905              272.0192871093750000
2099.3726              271.6746215820312500
2099.4575              271.6824340820312500
2099.5398              271.5884094238281250
2099.6248              271.4537963867187500
2099.7095              271.4878234863281250
2099.7917              271.4319152832031250
2099.8767              271.4797973632812500
2099.9590              271.5863647460937500
