 1850 -0.897 -1.156  0.540 -0.577 -0.237 -0.072 -1.482 -1.182  0.000  0.513 -0.418  0.596 -0.364
 1850      0      0      0      0      0      0      0      0      0      0      0      0
 1851  0.492  0.504 -0.325  1.029 -0.271 -0.321  0.157  0.488 -0.020  0.821 -0.171 -0.880  0.125
 1851      0      0      0      0      0      0      0      0      0      0      0      0
 1852 -0.341  0.368  0.926 -0.070 -0.336 -0.297 -0.183 -0.780 -0.173 -0.968 -0.350 -0.087 -0.191
 1852      0      0      0      0      0      0      0      0      0      0      0      0
 1853 -0.677 -0.801 -1.324 -0.325 -0.376 -0.709  0.296  0.040 -0.521 -0.094 -0.211 -0.194 -0.408
 1853      0      0      0      0      0      1      1      0      0      1      1      1
 1854  0.035  0.758 -0.165  0.625  0.493  0.269  0.359  0.315  0.072  0.125 -0.530 -0.094  0.188
 1854      0      0      0      0      0      0      0      1      1      1      1      1
 1855  0.789 -0.413  0.026  0.522  0.269  0.339  0.267  0.257 -0.262  0.275 -0.439 -0.109  0.127
 1855      0      1      1      1      1      1      1      1      1      1      1      1
 1856 -0.342 -0.325  0.314  0.581 -0.440 -0.107 -0.627  0.072 -0.073 -0.436 -0.795 -0.137 -0.193
 1856      1      1      1      1      1      1      1      1      1      1      1      1
 1857 -0.425  0.472 -0.189 -0.231 -0.677  0.049  0.260  0.068 -0.038 -0.293 -0.107  0.343 -0.064
 1857      1      1      1      1      1      1      1      1      1      1      1      1
 1858  0.420 -0.094  0.069 -0.385 -0.371 -0.403 -1.087 -0.653 -0.936 -0.473 -0.639 -0.446 -0.417
 1858      1      1      1      1      1      1      1      1      1      1      1      1
 1859 -0.689 -1.223 -0.783 -0.108 -0.380 -0.387 -0.599 -0.571 -0.949  0.234 -0.477  0.053 -0.490
 1859      1      1      1      1      1      1      1      1      1      1      1      1
 1860  0.317 -0.265 -0.188 -0.246 -0.461  0.007 -0.112  0.082 -0.331 -0.010 -0.305 -0.033 -0.129
 1860      1      1      1      1      1      1      1      1      1      1      1      1
 1861 -0.301 -0.146  0.256  0.229 -0.504  0.138 -0.607 -0.607 -0.136 -0.206 -0.660 -0.501 -0.254
 1861      1      1      1      1      1      1      1      1      1      1      1      1
 1862 -0.279 -0.534  0.280 -0.456 -0.325 -0.017 -0.624 -1.064 -0.527 -0.821 -0.207 -0.440 -0.418
 1862      1      1      1      1      1      1      1      1      1      1      1      1
 1863 -0.437 -0.451 -0.721 -0.492 -0.816 -0.515 -0.589 -0.976 -1.225 -0.785 -1.019 -0.560 -0.715
 1863      1      1      1      1      1      1      1      1      1      1      1      1
 1864 -0.890 -1.050 -0.635 -0.295 -0.251 -0.312 -0.266 -0.705 -0.009 -0.581 -0.212 -0.203 -0.451
 1864      1      1      1      1      1      1      1      1      1      1      1      1
 1865 -0.748 -0.404 -0.141  0.088 -0.789  0.070 -0.326 -0.418 -0.261 -0.468 -0.072 -0.485 -0.329
 1865      1      1      1      1      1      1      1      1      1      1      1      1
 1866 -0.411 -0.415 -0.570 -0.386  0.060 -0.409 -0.499 -0.323 -0.213 -0.360 -0.790 -0.568 -0.407
 1866      2      2      2      2      2      2      2      2      2      2      1      1
 1867 -0.243 -0.237 -0.543 -0.347 -0.120 -0.030 -0.140 -0.210 -0.148  0.079 -0.239 -0.358 -0.211
 1867      2      2      2      1      2      2      2      2      2      2      2      2
 1868 -1.000 -0.949 -0.216 -0.537 -0.076 -0.184 -0.266 -0.357 -0.233  0.098 -0.171 -0.549 -0.370
 1868      1      1      1      1      1      1      2      2      2      2      2      1
 1869 -0.161 -0.563 -0.352 -0.311 -0.505 -0.171 -0.788 -0.043 -0.155 -0.506 -0.167  0.035 -0.307
 1869      2      2      2      2      2      2      1      1      2      2      2      2
 1870 -0.006  0.255 -0.508 -0.452 -0.546  0.342 -0.472 -0.938 -0.188  0.129 -0.408 -0.469 -0.272
 1870      2      2      2      2      2      2      2      2      2      2      2      2
 1871 -0.305 -0.399 -0.756 -0.518 -0.125 -0.199 -0.106  0.052 -0.377 -0.841 -0.626  0.071 -0.344
 1871      2      2      2      2      2      2      2      2      2      2      2      2
 1872  0.318 -0.185 -0.165 -0.487 -0.539 -0.071 -0.287 -1.012 -0.047 -0.006  0.209 -0.035 -0.192
 1872      2      2      2      2      2      2      2      2      2      2      2      2
 1873 -0.338 -0.502 -0.622 -0.438  0.304  0.695 -0.621  0.155  0.305  0.136 -0.763  0.175 -0.126
 1873      2      2      2      2      2      2      2      2      2      2      2      2
 1874 -0.370 -0.758 -0.635 -0.052 -0.948 -0.544 -0.519 -0.079 -0.309 -0.522 -0.754 -0.024 -0.460
 1874      2      2      2      2      2      2      2      2      2      2      2      2
 1875 -0.106 -0.108 -0.432  0.026 -0.411 -0.642 -0.327 -0.342 -0.255 -0.317 -0.335 -0.213 -0.288
 1875      2      2      2      2      2      2      2      2      2      2      2      2
 1876 -0.140 -0.043  0.326 -0.023  0.111 -0.455  0.201 -0.486  0.294 -0.017 -0.537 -0.158 -0.077
 1876      2      2      2      2      2      2      2      2      2      2      2      2
 1877  0.122  0.279  0.331  0.017 -0.684 -0.130  0.492  0.361 -0.135  0.194  0.068 -0.133  0.065
 1877      2      2      2      2      2      2      2      2      2      2      2      2
 1878 -0.027 -0.345  0.298  0.276 -0.561 -0.639 -0.001 -0.113  0.547  0.311  0.349 -0.160 -0.005
 1878      3      2      3      2      2      2      2      3      3      3      3      3
 1879 -0.214 -0.521 -0.524 -0.534 -0.744 -0.672 -0.287 -0.302  0.003 -0.386 -0.103 -0.325 -0.384
 1879      3      3      3      3      3      3      3      3      3      3      3      3
 1880 -0.070  0.048 -0.136 -0.206 -0.269  0.144 -0.110  0.608 -0.033 -0.655  0.144  0.338 -0.016
 1880      3      3      3      3      3      3      3      3      3      3      3      3
 1881 -0.610 -0.117 -0.197 -0.174  0.011 -0.703 -0.673 -0.203  0.238 -0.192 -0.206  0.535 -0.191
 1881      3      3      3      3      3      3      3      3      3      3      3      3
 1882  0.302 -0.097  0.171 -0.347 -0.423 -0.567 -0.372  0.263  0.541  0.324  0.149 -0.169 -0.019
 1882      3      3      3      3      3      3      3      3      3      3      3      3
 1883 -0.110 -0.285 -0.215 -0.372 -0.425  0.452 -0.187 -0.252 -0.569 -0.382 -0.433 -0.314 -0.258
 1883      3      3      3      3      3      3      3      3      3      3      3      3
 1884 -0.614 -0.350 -0.238 -0.415 -1.026 -0.485 -0.632  0.786 -0.052 -0.397 -0.290 -0.478 -0.349
 1884      3      3      3      3      3      3      3      3      3      3      3      3
 1885 -0.539 -0.609 -0.982 -0.880 -0.456 -0.654 -0.553 -0.093  0.206  0.277  0.104  0.169 -0.334
 1885      3      3      3      3      3      3      3      3      3      3      3      3
 1886  0.188 -0.257 -0.127 -0.021 -0.553 -0.609 -0.442 -0.462 -0.144 -0.953 -0.069 -0.427 -0.323
 1886      3      3      3      3      3      3      3      3      3      3      3      3
 1887  0.083 -0.740 -0.373 -0.471 -1.217 -0.576 -0.588 -0.168 -0.711 -0.508 -0.849 -0.439 -0.546
 1887      3      3      3      3      3      3      3      3      3      3      3      3
 1888 -0.435 -0.620 -0.977 -0.290 -0.908 -0.298 -0.379 -0.272  0.008 -0.143  0.204  0.261 -0.321
 1888      4      4      4      4      4      4      4      4      4      4      4      4
 1889  0.056  0.073  0.193 -0.102  0.022 -0.422 -0.501 -0.746 -0.512 -0.119 -0.232  0.139 -0.179
 1889      4      4      4      4      4      4      4      4      4      4      4      4
 1890 -0.435 -0.686 -0.503 -0.460 -0.861 -0.269 -0.899 -0.801 -0.370 -0.629 -0.696 -0.582 -0.599
 1890      4      4      4      4      4      4      4      4      4      4      4      4
 1891 -1.009 -0.908 -0.516 -0.700 -0.333 -0.494 -0.819 -0.823 -0.684 -0.569 -0.284 -0.481 -0.635
 1891      4      4      4      4      4      4      4      4      4      4      4      4
 1892 -0.432 -0.089 -0.033 -0.887 -1.077 -0.849 -0.682 -0.419 -0.861 -0.750 -0.347 -0.886 -0.609
 1892      3      4      4      4      4      4      4      4      4      4      4      4
 1893 -0.780 -0.872 -0.599 -0.874 -0.727 -1.043 -0.360 -0.615 -0.809 -0.473 -0.467 -0.459 -0.673
 1893      4      4      4      4      4      4      4      4      4      4      4      4
 1894 -0.401 -0.789 -0.646 -0.838 -1.236 -1.012 -1.073 -0.858 -1.253 -0.545 -0.130 -0.495 -0.773
 1894      4      4      4      4      4      4      4      4      4      4      4      4
 1895 -0.776 -0.769 -0.596 -0.732 -0.835 -0.391 -1.184 -0.327 -0.524 -0.095 -0.493  0.029 -0.558
 1895      4      4      4      4      4      4      4      4      4      4      4      4
 1896 -0.139 -0.413 -0.431 -0.606 -0.841 -0.951 -0.625 -0.589 -0.359  0.076 -0.334  0.245 -0.414
 1896      4      4      4      4      4      4      4      4      4      4      4      4
 1897 -0.465 -0.326 -0.415  0.207 -0.533 -0.081 -0.432 -0.692 -0.504 -0.503  0.041  0.019 -0.307
 1897      4      4      4      4      4      4      4      4      4      4      4      4
 1898 -0.136 -0.434 -0.491 -0.654 -1.130 -0.178 -0.537 -0.469 -0.271 -0.549 -0.375 -0.137 -0.447
 1898      5      5      5      5      5      5      5      5      5      5      5      5
 1899 -0.826 -0.291 -0.169 -0.164 -0.717 -0.695 -0.510 -0.435 -0.068 -0.716 -0.343  0.165 -0.397
 1899      5      5      5      5      5      5      5      5      5      5      5      5
 1900 -0.295  0.149 -0.334 -0.324 -0.447  0.056 -0.343 -0.422 -0.420 -0.093  0.101 -0.166 -0.212
 1900      5      5      5      5      5      5      5      5      5      5      5      5
 1901 -0.334 -0.200 -0.474 -0.415 -0.175 -0.042 -0.544 -0.376  0.142 -0.240  0.078  0.019 -0.213
 1901      6      6      6      6      6      6      6      6      6      6      6      6
 1902 -0.488 -0.180 -0.228 -0.014 -0.035  0.002 -0.260 -0.856 -0.293 -0.399 -0.048 -0.246 -0.254
 1902      6      6      6      6      6      6      6      6      6      6      6      6
 1903 -0.336 -0.240 -0.069 -0.518 -0.523 -0.426 -0.445 -0.476 -0.335 -0.621 -0.561 -0.756 -0.442
 1903      6      6      6      6      6      6      6      6      6      6      6      6
 1904 -0.822 -1.006 -0.892 -0.171 -0.601 -0.414 -0.367 -0.586 -0.508 -0.712 -0.453 -0.631 -0.597
 1904      6      6      6      6      6      6      6      6      6      6      6      6
 1905 -0.443 -0.791 -0.425 -0.302 -0.442 -0.180 -0.651 -0.573 -0.654 -0.683 -0.473 -0.276 -0.491
 1905      6      6      6      6      6      6      6      6      6      6      6      6
 1906  0.077  0.043 -0.356  0.047 -0.039 -0.324 -0.264 -0.427 -0.579 -0.373 -0.795 -0.582 -0.298
 1906      6      6      6      6      6      6      6      6      6      6      6      6
 1907 -0.594 -0.408 -0.550 -0.586 -0.726 -0.513 -0.538 -0.675 -0.511 -0.401 -0.564 -0.582 -0.554
 1907      7      7      7      7      7      7      7      7      7      7      7      7
 1908 -0.236 -0.459 -0.469 -0.566 -0.526 -0.592 -0.472 -0.698 -0.655 -0.837 -0.412 -0.334 -0.521
 1908      7      7      7      7      7      7      7      7      7      7      7      7
 1909 -0.608 -0.760 -0.499 -0.636 -0.866 -0.256 -0.427  0.046 -0.391 -0.309 -0.558 -0.810 -0.506
 1909      7      7      7      7      7      7      7      7      7      7      7      7
 1910 -0.441 -0.416 -0.779 -0.373 -0.266 -0.082 -0.260  0.027  0.034 -0.725 -0.696 -0.622 -0.383
 1910      8      8      8      8      8      8      8      8      8      8      8      8
 1911 -0.666 -0.782 -0.634 -0.711 -0.620 -0.968 -0.438 -0.478 -0.615 -0.418 -0.051 -0.103 -0.540
 1911      8      8      8      8      8      8      8      8      8      8      8      8
 1912  0.007  0.087 -0.037 -0.218 -0.351 -0.102 -0.526 -0.375 -0.253 -0.203 -0.340 -0.137 -0.204
 1912      8      8      8      8      8      8      8      8      8      8      8      8
 1913 -0.344 -0.270 -0.599 -0.142 -0.905 -0.620  0.118 -0.252 -0.367 -0.202 -0.171 -0.093 -0.321
 1913      8      8      8      8      8      8      8      8      8      8      8      8
 1914  0.028  0.060 -0.037 -0.005 -0.122  0.141 -0.157 -0.065 -0.100 -0.027 -0.072 -0.029 -0.032
 1914      8      8      8      8      8      8      8      8      8      8      8      8
 1915 -0.215  0.387  0.032  0.140 -0.295 -0.257  0.337 -0.076  0.236 -0.084 -0.071 -0.286 -0.013
 1915      8      8      8      8      8      8      8      8      8      8      8      8
 1916 -0.177 -0.034 -0.211 -0.243 -0.170 -0.458 -0.557 -0.353  0.043 -0.324 -0.842 -0.644 -0.331
 1916      8      8      8      8      8      8      8      8      8      8      8      8
 1917 -0.460 -1.040 -0.739 -0.719 -1.153 -0.475 -0.160 -0.785 -0.429 -0.575 -0.737 -0.589 -0.655
 1917      8      8      8      8      8      8      8      8      8      8      8      8
 1918 -0.892 -0.841 -0.844 -0.536 -0.783 -0.221 -0.738 -0.450 -0.471 -0.292 -0.274 -0.098 -0.537
 1918      8      8      9      9      9      9      9      9      9      9      9      8
 1919 -0.079 -0.075 -0.091  0.257  0.039  0.085 -0.259 -0.483 -0.502 -0.344 -0.350  0.138 -0.139
 1919      9      9      9      9      9      9      9      9      8      8      8      8
 1920 -0.342 -0.380 -0.449 -0.280 -0.431 -0.274 -0.322 -0.437 -0.268 -0.438 -0.242 -0.354 -0.351
 1920      8      9      9      9      9      9      9      9      8      9      9      9
 1921 -0.511 -0.344 -0.515 -0.438  0.093 -0.059 -0.291 -0.605 -0.244 -0.524 -0.329 -0.400 -0.347
 1921      9      9      9      9      9      9      9      9      9      9      9      9
 1922 -0.394 -0.267 -0.330  0.124 -0.501 -0.496 -0.340 -0.501 -0.175 -0.369 -0.103 -0.239 -0.299
 1922      9      9      9      9      9      9      9      9      9      9      9      9
 1923 -0.362  0.021 -0.040 -0.240 -0.378 -0.284 -0.938 -0.792 -0.596 -0.666 -0.390 -0.198 -0.405
 1923      9      9      9      9      9      9      9      9      9      9      9      9
 1924 -0.405 -0.582 -0.354 -0.804 -0.558 -0.287 -0.251 -0.443 -0.300 -0.446 -0.583 -0.654 -0.472
 1924      9      9      9      9      9      9      9      9      9      9      9      9
 1925 -0.818 -0.435 -0.444 -0.320 -0.650 -0.490 -0.802 -0.358 -0.915 -0.649 -0.237  0.052 -0.505
 1925      9      9      9      9      9      9      9      9      9      9      9      9
 1926 -0.122  0.425  0.100 -0.031 -0.784 -0.098 -0.227 -0.055 -0.070 -0.054 -0.088 -0.448 -0.121
 1926      9      9      9      9      9      9      9      9      9      9      9      9
 1927 -0.189 -0.271 -0.176 -0.384 -0.654 -0.397 -0.404 -0.406 -0.300 -0.137  0.009 -0.417 -0.310
 1927      9      9      9      9      9      9      9      9      9      9      9      9
 1928 -0.459 -0.330 -0.078  0.298 -0.620 -0.577 -0.254 -0.053  0.060 -0.087  0.023 -0.154 -0.186
 1928      9      9      9      9      9      9      9      9      9      9      9      9
 1929 -0.119 -0.042 -0.539 -0.527 -0.764 -0.427 -0.664 -0.486 -0.414 -0.227 -0.156 -0.471 -0.403
 1929     10     10     10     10     10      9     10     10     10     10     10     10
 1930 -0.387 -0.143 -0.262 -0.269 -0.315  0.132 -0.226 -0.595 -0.383 -0.483 -0.157 -0.202 -0.274
 1930     10     10     10      9      9      9      9      9      9      9      9      9
 1931 -0.176  0.020 -0.062 -0.410 -0.452 -0.245 -0.255 -0.210 -0.492 -0.318 -0.815 -0.100 -0.293
 1931     11     11     11     11     11     11     11     11     11     11     10     10
 1932  0.248 -0.127 -0.075 -0.006 -0.312 -0.318 -0.059 -0.473 -0.209 -0.167  0.039 -0.175 -0.136
 1932     11     11     11     11     11     11     11     11     11     11     11     11
 1933 -0.231 -0.122  0.020 -0.085 -0.093 -0.143 -0.493 -0.342 -0.272 -0.013 -0.531 -0.630 -0.245
 1933     11     11     11     11     11     11     12     11     11     11     11     11
 1934 -0.181 -0.591 -0.141 -0.455 -0.035 -0.004  0.008 -0.027 -0.182 -0.511 -0.454 -0.342 -0.243
 1934     11     11     11     11     11     11     11     11     11     11     11     11
 1935 -0.215 -0.163  0.005 -0.574 -0.306 -0.237 -0.227 -0.323 -0.494 -0.221 -0.154 -0.162 -0.256
 1935     11     12     12     12     12     12     12     12     12     12     12     12
 1936 -0.183 -0.232 -0.197 -0.292 -0.304 -0.324  0.163 -0.075 -0.318 -0.052 -0.149 -0.191 -0.179
 1936     12     12     12     12     12     12     12     12     12     12     12     12
 1937 -0.348 -0.171 -0.221 -0.449 -0.308 -0.113 -0.376 -0.079 -0.196 -0.129  0.125 -0.032 -0.191
 1937     12     12     12     12     12     12     12     12     12     12     12     12
 1938 -0.282 -0.241  0.039 -0.017  0.227 -0.040 -0.071 -0.465 -0.085  0.156 -0.057  0.081 -0.063
 1938     12     12     12     12     12     12     12     12     12     12     12     12
 1939  0.074 -0.219 -0.420 -0.430  0.163  0.158 -0.322 -0.282 -0.556 -0.391 -0.592 -0.418 -0.270
 1939     12     12     12     12     12     12     12     12     12     12     12     12
 1940 -0.077 -0.220  0.009 -0.382 -0.264  0.301  0.142 -0.011  0.013 -0.115 -0.323  0.277 -0.054
 1940     12     12     12     12     12     12     12     12     12     12     12     12
 1941 -0.291 -0.167 -0.219  0.090 -0.049  0.082  0.173  0.004 -0.371  0.007 -0.007  0.116 -0.053
 1941     13     13     13     13     13     13     14     14     14     14     14     14
 1942  0.321  0.075  0.060  0.028 -0.058  0.001 -0.258  0.198  0.096 -0.318 -0.008 -0.191 -0.004
 1942     14     14     14     14     14     14     14     14     14     14     14     14
 1943 -0.125 -0.164 -0.098 -0.233 -0.353 -0.395 -0.083 -0.733 -0.223  0.176 -0.328 -0.099 -0.221
 1943     15     15     15     15     14     14     14     14     14     14     14     14
 1944  0.007 -0.212 -0.111 -0.217 -0.469 -0.026  0.143  0.198  0.384  0.182  0.134  0.093  0.009
 1944     15     15     15     15     15     15     15     15     15     15     15     15
 1945  0.037 -0.089 -0.133  0.161 -0.360 -0.100 -0.266  0.502  0.072 -0.062 -0.117 -0.208 -0.047
 1945     15     15     15     15     15     15     15     15     15     15     15     15
 1946 -0.288 -0.110 -0.444 -0.291  0.027 -0.447 -0.037 -0.117  0.000 -0.329 -0.093 -0.159 -0.191
 1946     14     14     14     14     14     14     14     14     14     14     14     14
 1947  0.146  0.111 -0.147 -0.174  0.037  0.363 -0.162 -0.092 -0.314 -0.301 -0.100 -0.403 -0.086
 1947     15     15     15     14     15     14     14     14     14     15     15     14
 1948 -0.287 -0.178 -0.494 -0.354 -0.187  0.060 -0.167 -0.317 -0.113 -0.091 -0.357 -0.067 -0.213
 1948     15     15     15     15     15     15     15     15     15     15     15     15
 1949 -0.182 -0.516 -0.301 -0.458 -0.384 -0.277 -0.090 -0.176 -0.212 -0.218 -0.217 -0.156 -0.265
 1949     16     16     16     16     16     16     16     16     16     16     16     16
 1950 -0.335 -0.322 -0.329 -0.280 -0.275 -0.107 -0.107 -0.378 -0.288 -0.550 -0.498 -0.325 -0.316
 1950     16     16     16     17     17     16     16     16     16     16     16     16
 1951 -0.501 -0.517 -0.063 -0.424 -0.177 -0.015 -0.092 -0.219 -0.065 -0.072 -0.014 -0.079 -0.186
 1951     20     20     20     20     20     20     20     20     20     20     20     20
 1952  0.234  0.069  0.139 -0.187 -0.102 -0.318 -0.050  0.010  0.001 -0.080 -0.284 -0.078 -0.054
 1952     20     21     21     20     20     21     21     21     21     20     21     20
 1953 -0.157 -0.179  0.089 -0.033 -0.162 -0.071 -0.478 -0.095 -0.032 -0.185  0.000  0.023 -0.107
 1953     21     21     21     21     21     21     21     21     21     21     21     21
 1954 -0.202 -0.183 -0.053 -0.205 -0.343 -0.372 -0.344 -0.178 -0.240 -0.162 -0.166 -0.177 -0.219
 1954     21     21     21     21     21     21     21     21     21     21     21     21
 1955 -0.074 -0.145 -0.400 -0.325 -0.424 -0.223 -0.538 -0.201 -0.111 -0.301 -0.260 -0.411 -0.284
 1955     21     21     21     21     21     21     22     21     21     21     21     21
 1956 -0.560 -0.362 -0.310 -0.476 -0.575 -0.376 -0.167 -0.414 -0.427 -0.287 -0.376 -0.333 -0.389
 1956     22     22     22     22     22     22     22     22     22     22     22     22
 1957 -0.174 -0.250 -0.106 -0.005  0.122  0.131 -0.348 -0.048 -0.119  0.020  0.182  0.162 -0.036
 1957     22     22     22     22     22     22     22     22     22     22     22     22
 1958  0.090  0.147  0.191  0.262  0.099  0.089  0.293 -0.233 -0.203  0.033  0.090 -0.188  0.056
 1958     22     22     22     22     21     21     22     21     21     22     22     22
 1959 -0.078 -0.002  0.069 -0.077 -0.234  0.082  0.172 -0.088 -0.001 -0.092  0.120 -0.051 -0.015
 1959     22     22     22     22     22     22     22     22     22     22     22     22
 1960  0.074 -0.109 -0.243 -0.296 -0.601 -0.169 -0.218 -0.174 -0.028  0.068 -0.218 -0.018 -0.161
 1960     22     22     22     22     22     22     22     22     22     22     22     22
 1961 -0.050 -0.054 -0.102  0.070  0.072 -0.088 -0.027 -0.026  0.183  0.283  0.033 -0.024  0.023
 1961     23     23     23     23     23     23     23     22     23     23     23     23
 1962 -0.119 -0.115 -0.050 -0.196 -0.322  0.115 -0.212 -0.082  0.104 -0.018  0.163 -0.067 -0.067
 1962     23     23     23     23     23     23     23     23     23     23     23     23
 1963 -0.229 -0.061 -0.149 -0.201 -0.133 -0.080  0.067 -0.037  0.010  0.048 -0.279 -0.071 -0.093
 1963     24     23     23     23     23     23     23     23     23     23     23     23
 1964 -0.010 -0.070 -0.097 -0.104 -0.257 -0.406 -0.294 -0.255 -0.131 -0.468 -0.409 -0.564 -0.256
 1964     23     23     23     23     23     23     23     23     23     23     23     22
 1965 -0.258  0.027 -0.325 -0.360 -0.201  0.185 -0.308  0.004  0.035 -0.074 -0.136 -0.153 -0.130
 1965     23     23     23     23     22     23     23     23     23     23     22     22
 1966 -0.068 -0.259 -0.037 -0.015 -0.182  0.200 -0.100 -0.317 -0.226 -0.299 -0.060 -0.251 -0.134
 1966     23     23     23     23     23     23     23     23     23     23     24     23
 1967 -0.108 -0.269 -0.371  0.014  0.126 -0.302 -0.274 -0.164 -0.106  0.202 -0.106 -0.165 -0.127
 1967     24     24     24     23     23     23     23     23     23     23     23     23
 1968 -0.097 -0.203 -0.225 -0.422 -0.615 -0.291 -0.003 -0.110 -0.234 -0.103  0.000 -0.162 -0.205
 1968     23     23     24     23     23     23     23     23     23     23     23     23
 1969  0.206  0.132  0.145  0.148  0.179  0.063  0.250  0.129 -0.091 -0.014  0.150  0.061  0.113
 1969     24     24     24     24     23     23     23     23     23     23     23     23
 1970  0.089  0.216  0.067  0.180 -0.081  0.271  0.020 -0.038  0.108  0.077 -0.145 -0.123  0.053
 1970     24     24     24     24     23     23     23     23     23     23     23     23
 1971 -0.220 -0.316 -0.120 -0.357 -0.468 -0.452 -0.025  0.005  0.088 -0.137 -0.352 -0.250 -0.217
 1971     22     22     22     22     22     22     22     22     22     22     22     22
 1972 -0.279 -0.263 -0.326 -0.178  0.091  0.216  0.061 -0.075  0.207 -0.041  0.115  0.547  0.006
 1972     22     22     22     22     21     22     22     21     21     21     21     22
 1973  0.444  0.226  0.408  0.257  0.181  0.337  0.121  0.018 -0.050  0.062 -0.200 -0.302  0.125
 1973     22     22     21     22     21     21     21     21     21     21     21     22
 1974 -0.412 -0.541 -0.335 -0.345 -0.254 -0.314 -0.022 -0.241 -0.427 -0.324 -0.337 -0.349 -0.325
 1974     22     22     22     22     22     22     21     22     21     21     22     21
 1975 -0.357 -0.262 -0.296 -0.183 -0.075 -0.025 -0.047 -0.276  0.034 -0.434 -0.282 -0.316 -0.210
 1975     22     22     22     22     22     21     21     21     21     21     21     21
 1976 -0.605 -0.529 -0.517 -0.431 -0.345 -0.277 -0.169 -0.325 -0.335 -0.302 -0.166  0.063 -0.328
 1976     22     22     22     22     22     21     22     21     21     22     22     21
 1977  0.045  0.076 -0.066 -0.015 -0.184  0.052  0.080  0.077 -0.060  0.242  0.066  0.087  0.033
 1977     22     22     22     22     22     21     21     21     21     21     21     21
 1978 -0.053  0.129  0.131 -0.068  0.033 -0.123  0.148 -0.194 -0.129 -0.191 -0.092 -0.141 -0.046
 1978     22     22     23     22     22     22     21     21     21     21     21     21
 1979  0.101  0.032  0.015  0.040 -0.117  0.113  0.074  0.273 -0.023  0.067  0.115  0.236  0.077
 1979     22     22     22     22     21     21     21     22     21     21     21     21
 1980  0.208  0.208  0.431  0.309  0.424  0.033 -0.079  0.159  0.135  0.126  0.048  0.192  0.183
 1980     22     22     22     21     21     21     21     21     21     21     21     21
 1981  0.088  0.085 -0.027  0.318  0.260 -0.071  0.026  0.078  0.059 -0.194 -0.031  0.202  0.066
 1981     23     23     23     22     21     22     21     21     22     22     22     22
 1982  0.226  0.065 -0.016 -0.022  0.148 -0.068 -0.082  0.285  0.052 -0.190  0.221  0.315  0.078
 1982     21     22     21     21     21     22     21     22     22     22     22     21
 1983  0.424  0.620  0.385  0.262  0.434  0.168  0.085  0.145  0.278  0.199  0.129  0.180  0.276
 1983     22     22     22     22     22     21     21     21     21     22     22     22
 1984 -0.159  0.026 -0.091 -0.133  0.081 -0.082 -0.062 -0.115 -0.053  0.186 -0.010 -0.051 -0.039
 1984     22     22     22     22     21     22     22     21     21     21     22     21
 1985  0.188  0.170  0.211  0.030  0.067 -0.027  0.069  0.225  0.069  0.049  0.156  0.101  0.109
 1985     22     23     23     23     22     21     22     22     22     22     22     22
 1986  0.119  0.136  0.189  0.333  0.281  0.225  0.033  0.030  0.065 -0.018  0.037  0.131  0.130
 1986     22     22     22     22     22     21     21     21     21     22     22     22
 1987  0.311  0.272  0.217  0.558  0.115  0.313  0.423  0.148  0.140  0.356  0.540  0.331  0.310
 1987     22     22     22     22     22     21     22     21     22     22     22     22
 1988  0.473  0.251  0.525  0.236  0.211  0.236  0.133  0.323  0.426  0.444  0.164  0.085  0.292
 1988     23     22     22     22     21     21     21     21     21     21     22     21
 1989  0.032  0.136  0.020  0.094  0.095  0.116 -0.011  0.095  0.131  0.212  0.153  0.180  0.104
 1989     21     22     21     21     21     21     21     21     21     21     22     21
 1990  0.254  0.090  0.326  0.250  0.269  0.192  0.188  0.204 -0.019  0.435  0.598  0.354  0.262
 1990     22     22     22     21     21     21     21     20     20     20     20     20
 1991  0.172  0.226  0.269  0.338  0.412  0.598  0.212  0.147  0.306  0.163  0.036 -0.025  0.238
 1991     20     19     19     20     19     19     19     18     18     18     19     18
 1992  0.147  0.219  0.423  0.325  0.311  0.403 -0.055  0.000  0.013 -0.097 -0.309 -0.090  0.108
 1992     19     17     18     19     19     18     18     18     17     18     19     18
 1993  0.168 -0.115  0.161  0.357  0.337  0.348  0.440  0.277  0.020  0.148  0.160  0.039  0.195
 1993     19     18     18     18     18     18     18     18     18     18     18     18
 1994  0.250  0.022  0.025  0.110  0.453  0.301  0.056  0.113  0.312  0.181  0.341  0.525  0.224
 1994     19     19     18     18     18     18     19     18     19     19     18     18
 1995  0.256  0.100  0.129  0.126  0.203  0.329  0.314  0.428  0.504  0.280  0.390  0.178  0.270
 1995     19     18     19     19     18     19     18     19     18     19     18     19
 1996  0.131  0.113  0.222  0.080  0.290  0.242  0.122  0.382  0.240  0.376  0.198  0.165  0.213
 1996     19     19     19     19     18     18     18     19     19     18     19     18
 1997  0.156  0.196 -0.004  0.155  0.258  0.483  0.546  0.350  0.716  0.499  0.606  0.664  0.385
 1997     19     19     19     19     18     18     19     19     18     19     19     19
 1998  0.640  0.826  0.808  0.685  0.764  0.750  0.903  0.766  0.480  0.623  0.287  0.330  0.655
 1998     18     19     19     19     18     19     19     19     19     18     19     18
 1999  0.375  0.316  0.423 -0.100  0.360  0.367  0.406  0.377  0.530  0.335 -0.077 -0.012  0.275
 1999     19     19     19     19     18     19     19     19     19     19     18     19
 2000 -0.007  0.077  0.014  0.239  0.008  0.269  0.038  0.224  0.381  0.305  0.066  0.108  0.144
 2000     19     19     19     19     18     18     18     19     18     19     17     17
 2001  0.413  0.459  0.236  0.295  0.101  0.400  0.340  0.573  0.471  0.248  0.141  0.175  0.321
 2001     17     18     18     18     17     16     16     17     16     17     16     16
 2002  0.197  0.052  0.438  0.708  0.618  0.251  0.400  0.503  0.509  0.612  0.532  0.453  0.440
 2002     17     16     17     17     17     17     17     17     18     17     18     18
 2003  0.538  0.506  0.345  0.415  0.607  0.882  0.434  0.156  0.518  0.333  0.509  0.449  0.474
 2003     18     18     17     17     17     17     17     16     17     18     18     17
 2004  0.516  0.435  0.405  0.570 -0.023  0.557  0.260  0.236  0.352  0.728  0.441  0.432  0.409
 2004     18     18     17     17     17     16     17     15     17     16     16     17
 2005  0.577  0.701  0.634  0.684  0.587  0.728  0.676  0.559  0.371  0.565  0.589  0.360  0.586
 2005     17     17     17     17     16     16     16     16     16     16     16     16
 2006  0.682  0.458  0.427  0.262 -0.113  0.310  0.714  0.386  0.461  0.675  0.468  0.287  0.418
 2006     16     16     17     16     16     16     16     16     15     15     16     15
 2007  0.356  0.479  0.362  0.548  0.206 -0.027 -0.011  0.119  0.754  0.580  0.203  0.125  0.308
 2007     16     16     16     15     16     16     16     15     16     16     16     16
 2008  0.319  0.105  0.170 -0.058 -0.026  0.168  0.650  0.268  0.448  0.697  0.531  0.360  0.303
 2008     16     16     16     16     16     16     15     16     16     16     15     15
 2009  0.327  0.366  0.489  0.550  0.309  0.349  0.248  0.941  0.528  0.000  0.000  0.000  0.456
 2009     17     17     15     15     16     16     15     15     16      0      0      0
