 1850 -1.757 -0.311 -0.445 -0.762 -0.585  0.121 -0.650 -0.304 -0.248 -0.241 -0.416  0.264 -0.444
 1850      3      3      3      3      2      2      3      3      2      3      2      3
 1851  0.534  0.252 -0.736  0.376 -0.363 -0.166  0.012  0.407  0.024  0.621 -0.514 -0.786 -0.028
 1851      3      3      3      3      3      3      3      3      3      3      3      3
 1852 -0.282  0.139 -0.029 -0.999 -0.103 -0.156  0.026 -0.414 -0.192 -0.796 -0.536  0.604 -0.228
 1852      3      3      3      3      3      3      3      3      3      3      3      3
 1853  0.043 -0.951 -1.468 -0.632 -0.338 -0.358  0.318  0.169 -0.423 -0.130 -0.367 -0.835 -0.414
 1853      3      3      3      3      3      3      3      3      3      3      3      3
 1854 -0.267  0.320 -0.051 -0.026  0.476  0.033  0.605  0.434  0.190  0.372 -0.753  0.115  0.121
 1854      3      3      3      3      3      3      3      3      3      3      3      3
 1855  0.348 -1.175 -0.526  0.542  0.315  0.185  0.296  0.240 -0.218  0.109 -0.576 -1.170 -0.136
 1855      3      3      3      3      3      4      3      4      4      4      4      4
 1856 -0.425 -0.534 -0.724  0.317 -0.443  0.292 -0.338 -0.015 -0.325 -0.576 -1.366 -0.319 -0.371
 1856      4      4      4      4      4      4      4      4      4      4      4      4
 1857 -1.013  0.462 -0.487 -0.867 -0.806 -0.044  0.135  0.208 -0.137 -0.391 -0.581  0.703 -0.235
 1857      4      4      4      4      4      4      4      4      4      4      4      4
 1858  0.352 -1.007 -0.455 -0.251 -0.308  0.171 -0.440 -0.410 -0.493 -0.080 -1.482 -0.308 -0.393
 1858      4      4      4      4      4      4      4      4      4      4      4      4
 1859 -0.280 -0.204 -0.211 -0.112 -0.013 -0.116 -0.089 -0.180 -0.726 -0.030 -0.404 -0.753 -0.260
 1859      4      4      4      4      4      4      4      4      4      4      4      4
 1860  0.364 -0.720 -0.943 -0.323 -0.262  0.126 -0.094  0.054 -0.249 -0.149 -0.891 -0.986 -0.339
 1860      4      4      4      4      4      4      4      4      4      4      4      4
 1861 -1.203  0.239  0.207 -0.320 -0.800  0.268 -0.281 -0.182 -0.235 -0.203 -0.554 -0.218 -0.274
 1861      4      4      4      4      4      4      4      4      4      4      4      4
 1862 -0.844 -1.124 -0.196 -0.251 -0.175 -0.249 -0.511 -0.840 -0.380 -0.634 -0.803 -0.764 -0.564
 1862      4      4      4      4      4      4      4      4      4      4      4      4
 1863  0.881  0.242 -0.445 -0.308 -0.315 -0.425 -0.447 -0.514 -0.736 -0.680 -0.562 -0.322 -0.303
 1863      3      4      4      4      4      4      3      3      3      3      4      3
 1864 -1.275 -0.727 -0.552 -0.600 -0.456 -0.024 -0.088 -0.558 -0.181 -1.169 -0.920 -0.889 -0.620
 1864      4      4      4      4      4      4      4      4      4      4      4      4
 1865 -0.352 -1.062 -0.983  0.073 -0.219  0.036  0.044 -0.313  0.222 -0.532  0.049 -0.497 -0.294
 1865      4      4      4      4      4      4      4      4      4      4      4      4
 1866  0.271 -0.392 -0.809 -0.121 -0.485 -0.151 -0.241 -0.450 -0.118 -0.693 -0.763 -0.441 -0.366
 1866      4      4      4      4      4      4      4      4      4      4      4      4
 1867 -0.615  0.384 -1.393 -0.376 -0.745 -0.143 -0.359 -0.144 -0.052 -0.066 -0.486 -0.746 -0.395
 1867      4      4      4      4      4      4      4      4      4      4      4      4
 1868 -1.288 -0.899 -0.118 -0.612  0.166  0.056  0.235 -0.084 -0.342 -0.141 -0.813 -0.301 -0.345
 1868      4      4      4      4      5      5      4      5      5      4      5      5
 1869  0.032  0.400 -0.953 -0.333 -0.468 -0.285 -0.333  0.054 -0.075 -0.919 -0.551 -0.218 -0.304
 1869      5      5      5      5      5      5      4      5      5      5      5      5
 1870  0.237 -0.524 -1.033 -0.416 -0.062  0.333  0.034 -0.737 -0.242 -0.259 -0.212 -1.395 -0.356
 1870      5      5      5      5      5      5      5      5      5      5      5      5
 1871 -0.738 -0.885 -0.182 -0.279 -0.336 -0.232  0.070  0.158 -0.519 -0.746 -1.104 -0.807 -0.467
 1871      5      5      5      5      5      5      5      5      5      5      5      5
 1872  0.112 -0.262 -0.358 -0.109 -0.075  0.043 -0.032 -0.523 -0.045 -0.057 -0.249 -0.375 -0.161
 1872      5      5      5      5      5      5      5      5      5      5      5      5
 1873 -0.048 -0.595 -0.572 -0.828 -0.234  0.491 -0.209  0.181 -0.113 -0.251 -0.743  0.174 -0.229
 1873      6      6      6      5      6      6      6      6      6      6      6      5
 1874  0.200 -0.548 -0.873 -0.403 -0.838 -0.230 -0.190 -0.107 -0.104 -0.318 -0.848 -0.209 -0.372
 1874      6      6      6      6      6      6      6      6      6      6      6      6
 1875 -0.852 -1.161 -1.244 -0.645 -0.197 -0.218 -0.230 -0.287 -0.472 -0.668 -0.892 -0.572 -0.620
 1875      6      6      6      6      6      6      6      6      6      6      6      6
 1876 -0.068 -0.019 -0.241 -0.166 -0.393 -0.095  0.272 -0.183  0.009 -0.285 -1.055 -1.028 -0.271
 1876      7      7      7      7      7      6      6      6      7      7      7      6
 1877 -0.009  0.216 -0.329 -0.474 -0.833  0.011  0.402  0.345 -0.213 -0.248  0.097  0.245 -0.066
 1877      6      6      6      6      6      6      6      6      7      7      7      7
 1878 -0.126  0.289  0.570  0.477 -0.449 -0.134  0.099  0.090  0.422  0.289  0.172 -0.654  0.087
 1878      7      7      7      7      7      7      7      7      7      7      7      7
 1879 -0.318 -0.373 -0.368 -0.506 -0.490 -0.503 -0.227 -0.260 -0.190 -0.165 -0.620 -0.893 -0.409
 1879      7      7      7      7      7      7      7      7      7      7      7      7
 1880  0.258 -0.102 -0.293 -0.192 -0.087  0.026 -0.102  0.329 -0.077 -0.838 -0.792 -0.282 -0.179
 1880      8      8      7      8      8      8      8      8      7      8      8      8
 1881 -1.057 -0.430 -0.559 -0.325  0.071 -0.522 -0.286 -0.052  0.100 -0.437 -0.441  0.394 -0.295
 1881      8      8      8      8      8      8      8      8      8      8      8      8
 1882  0.743  0.210  0.343 -0.459 -0.572 -0.523 -0.375  0.125  0.196 -0.082 -0.432 -0.580 -0.117
 1882      8      8      8      9      9      8      9      9      8      9      8      8
 1883 -0.699 -0.688 -0.765 -0.519 -0.445  0.294 -0.144 -0.302 -0.470 -0.424 -0.469 -0.238 -0.406
 1883      8      8      8      9      9      8      9      8      9      8      8      8
 1884 -0.502 -0.330 -0.580 -0.854 -0.931 -0.627 -0.576  0.112 -0.222 -0.367 -0.765 -0.513 -0.513
 1884      9      9      9      9      9      9      9      9      9      9      9      9
 1885 -1.023 -0.652 -0.879 -0.801 -0.710 -0.596 -0.329 -0.389 -0.136 -0.241 -0.244  0.127 -0.489
 1885      9      9      9      9      9      9      9      9      9      9      9      9
 1886 -0.529 -0.775 -0.637 -0.126 -0.355 -0.551 -0.274 -0.313 -0.119 -0.650 -0.326 -0.278 -0.411
 1886      9      9      9      9      9      9      9      9      9      9      9      9
 1887 -0.423 -0.749 -0.449 -0.547 -0.598 -0.401 -0.304 -0.347 -0.423 -0.766 -0.669 -0.528 -0.517
 1887      9     10      9      9      9      9      9     10     10     10      9      9
 1888 -0.936 -0.881 -1.333 -0.232 -0.734 -0.298 -0.336 -0.351 -0.099 -0.275 -0.234 -0.039 -0.479
 1888     10     10     10     10     10     10     10     10     10     10     10     10
 1889 -0.315 -0.267 -0.132  0.012  0.121 -0.205 -0.331 -0.500 -0.564 -0.244 -0.566  0.204 -0.232
 1889     10     10     10     10     10     10     10     10     10     10     10     10
 1890 -0.102 -0.470 -0.477 -0.230 -0.654 -0.234 -0.598 -0.559 -0.308 -0.580 -0.720 -0.611 -0.462
 1890     11     11     11     11     11     11     11     11     11     11     11     11
 1891 -0.979 -0.966 -0.727 -0.713 -0.401 -0.436 -0.578 -0.610 -0.311 -0.511 -0.717  0.044 -0.575
 1891     11     11     11     11     11     11     11     11     11     11     11     11
 1892 -0.625 -0.014 -0.580 -0.832 -0.840 -0.483 -0.494 -0.311 -0.422 -0.521 -0.651 -1.206 -0.581
 1892     11     11     11     11     11     11     11     11     11     11     11     11
 1893 -1.775 -1.359 -0.623 -0.711 -0.750 -0.649 -0.195 -0.415 -0.548 -0.309 -0.507 -0.347 -0.682
 1893     11     11     11     11     12     11     11     12     12     12     12     12
 1894 -0.503 -0.549 -0.330 -0.525 -0.736 -0.699 -0.576 -0.505 -0.888 -0.435 -0.328 -0.420 -0.541
 1894     12     12     12     12     12     12     12     12     12     12     12     12
 1895 -1.015 -1.373 -0.740 -0.491 -0.530 -0.334 -0.779 -0.308 -0.196 -0.249 -0.415 -0.143 -0.548
 1895     12     12     12     12     12     12     12     12     12     12     12     12
 1896 -0.234 -0.325 -0.710 -0.709 -0.462 -0.397 -0.305 -0.385 -0.276  0.029 -0.738  0.031 -0.373
 1896     12     12     12     12     12     12     12     12     12     12     12     12
 1897 -0.569 -0.344 -0.680  0.050 -0.182 -0.073 -0.158 -0.354 -0.149 -0.325 -0.328 -0.385 -0.292
 1897     13     12     13     13     13     13     13     13     13     13     13     13
 1898  0.225 -0.421 -1.072 -0.651 -0.773 -0.168 -0.361 -0.221 -0.143 -0.551 -0.381 -0.073 -0.383
 1898     13     13     13     13     13     13     13     13     13     13     13     13
 1899 -0.282 -0.598 -0.609 -0.179 -0.515 -0.571 -0.292 -0.257  0.024 -0.319  0.187 -0.368 -0.315
 1899     13     13     13     13     13     13     13     13     13     13     13     13
 1900 -0.351 -0.223 -0.419 -0.361 -0.274  0.078 -0.253 -0.187 -0.245  0.236 -0.091  0.130 -0.163
 1900     13     13     13     13     13     13     13     13     13     13     13     13
 1901 -0.236 -0.451 -0.264 -0.157 -0.142  0.068 -0.107 -0.120 -0.045 -0.198 -0.181 -0.292 -0.177
 1901     14     14     14     14     14     14     14     14     14     14     14     14
 1902 -0.056 -0.072 -0.257 -0.340 -0.300 -0.215 -0.376 -0.569 -0.387 -0.493 -0.426 -0.674 -0.347
 1902     14     14     14     14     14     14     14     14     14     14     14     14
 1903 -0.130  0.057 -0.119 -0.538 -0.554 -0.539 -0.470 -0.472 -0.366 -0.553 -0.609 -0.793 -0.424
 1903     14     14     14     14     14     14     14     14     14     14     14     14
 1904 -0.853 -0.793 -0.925 -0.438 -0.552 -0.462 -0.473 -0.490 -0.530 -0.482 -0.307 -0.493 -0.566
 1904     14     14     14     14     14     14     14     14     14     14     14     14
 1905 -0.552 -1.200 -0.509 -0.609 -0.411 -0.159 -0.394 -0.373 -0.307 -0.552 -0.116 -0.075 -0.438
 1905     15     15     15     15     15     15     15     15     15     15     15     15
 1906  0.108 -0.318 -0.500  0.136 -0.002 -0.147 -0.185 -0.238 -0.368 -0.271 -0.660 -0.256 -0.225
 1906     15     15     15     15     15     15     15     15     15     15     15     15
 1907 -0.638 -0.697 -0.548 -0.868 -0.927 -0.673 -0.500 -0.612 -0.431 -0.199 -0.746 -0.574 -0.618
 1907     16     16     16     16     16     16     16     16     16     16     16     16
 1908 -0.210 -0.406 -0.754 -0.546 -0.450 -0.406 -0.398 -0.591 -0.394 -0.686 -0.668 -0.393 -0.492
 1908     16     16     16     16     16     16     16     16     16     16     16     16
 1909 -0.627 -0.707 -0.743 -0.771 -0.808 -0.330 -0.401  0.006 -0.178 -0.159 -0.174 -0.716 -0.467
 1909     16     16     16     16     16     16     16     16     16     16     16     16
 1910 -0.170 -0.392 -0.407 -0.258 -0.309 -0.205 -0.203 -0.132 -0.127 -0.473 -0.783 -0.659 -0.343
 1910     16     16     16     16     17     16     16     16     17     16     16     16
 1911 -0.607 -0.899 -0.758 -0.722 -0.473 -0.562 -0.300 -0.309 -0.369 -0.385 -0.140 -0.018 -0.462
 1911     17     17     17     17     17     17     17     17     17     17     17     17
 1912 -0.306  0.018 -0.392 -0.356 -0.313 -0.085 -0.585 -0.608 -0.591 -0.666 -0.533 -0.225 -0.387
 1912     17     17     17     17     17     17     17     17     17     17     17     17
 1913 -0.261 -0.575 -0.646 -0.220 -0.846 -0.636 -0.221 -0.196 -0.338 -0.354  0.118  0.191 -0.332
 1913     17     17     17     17     17     17     17     17     17     17     17     17
 1914  0.431  0.143 -0.104 -0.219 -0.085  0.005 -0.136 -0.119 -0.180 -0.021 -0.273 -0.249 -0.067
 1914     17     17     17     17     17     17     17     17     17     17     17     17
 1915 -0.108  0.387 -0.479  0.104 -0.301 -0.238  0.107 -0.135  0.043 -0.169 -0.001 -0.132 -0.077
 1915     17     17     17     17     17     17     17     17     17     17     17     17
 1916  0.020 -0.058 -0.572 -0.311 -0.318 -0.524 -0.300 -0.283 -0.228 -0.336 -0.554 -0.881 -0.362
 1916     17     17     17     17     17     17     17     17     17     17     17     17
 1917 -0.578 -1.250 -1.121 -0.775 -1.209 -0.429 -0.107 -0.462 -0.249 -0.622 -0.437 -1.113 -0.696
 1917     17     17     17     17     17     17     17     17     17     17     17     17
 1918 -0.887 -0.677 -0.627 -0.631 -0.791 -0.361 -0.523 -0.402 -0.359  0.015 -0.311 -0.233 -0.482
 1918     17     17     17     17     17     17     17     17     17     17     17     17
 1919 -0.042 -0.204 -0.429  0.006 -0.298 -0.059 -0.216 -0.266 -0.188 -0.324 -0.737 -0.357 -0.259
 1919     17     17     17     17     17     17     17     16     16     16     16     16
 1920 -0.173 -0.447 -0.209 -0.353 -0.265 -0.270 -0.181 -0.278 -0.125 -0.412 -0.498 -0.470 -0.307
 1920     16     17     16     16     17     17     17     16     16     17     17     17
 1921  0.141 -0.203 -0.142 -0.137  0.083  0.050 -0.066 -0.404 -0.208 -0.303 -0.581 -0.202 -0.164
 1921     17     17     17     17     18     17     18     17     17     18     18     18
 1922 -0.557 -0.418 -0.339 -0.026 -0.229 -0.251 -0.272 -0.309 -0.173 -0.301 -0.130 -0.195 -0.267
 1922     18     18     18     18     18     18     18     18     18     18     18     18
 1923  0.004 -0.481 -0.284 -0.615 -0.385 -0.259 -0.576 -0.557 -0.294 -0.246  0.019  0.115 -0.297
 1923     18     18     18     18     18     18     18     18     18     19     18     18
 1924 -0.438 -0.510 -0.479 -0.685 -0.405 -0.181 -0.217 -0.267 -0.154 -0.238 -0.299 -0.676 -0.379
 1924     19     19     19     19     19     18     19     19     19     19     19     19
 1925 -0.526 -0.185 -0.306 -0.182 -0.451 -0.333 -0.475 -0.133 -0.410 -0.568 -0.110  0.188 -0.291
 1925     19     19     19     19     19     19     19     19     19     19     19     19
 1926  0.323  0.546  0.097 -0.237 -0.569 -0.125 -0.215 -0.027 -0.018 -0.049  0.051 -0.450 -0.056
 1926     19     19     20     20     20     20     20     20     20     20     20     20
 1927 -0.210 -0.178 -0.332 -0.410 -0.512 -0.252 -0.119 -0.220 -0.048  0.147 -0.005 -0.747 -0.241
 1927     20     20     20     20     20     20     20     20     20     20     20     20
 1928 -0.046 -0.179 -0.409 -0.135 -0.394 -0.549 -0.117 -0.105 -0.010 -0.050  0.117 -0.067 -0.162
 1928     20     20     20     20     20     20     20     20     20     20     20     20
 1929 -0.522 -1.049 -0.510 -0.621 -0.511 -0.399 -0.446 -0.251 -0.287 -0.036 -0.029 -0.657 -0.443
 1929     20     20     20     20     20     20     20     20     20     20     20     20
 1930 -0.396 -0.095 -0.092 -0.170 -0.294  0.032 -0.044 -0.127 -0.217 -0.295  0.057 -0.091 -0.144
 1930     20     20     20     20     20     20     20     20     20     20     20     20
 1931 -0.008 -0.310 -0.234 -0.396 -0.361 -0.023  0.029  0.019 -0.162  0.059 -0.319  0.065 -0.137
 1931     21     21     21     21     21     21     21     21     21     21     21     21
 1932  0.753 -0.352 -0.490  0.036 -0.237 -0.200 -0.025 -0.149  0.024  0.025 -0.170 -0.108 -0.074
 1932     21     21     21     21     21     21     21     21     21     21     21     21
 1933 -0.402 -0.481 -0.377 -0.255 -0.202 -0.193 -0.157 -0.120 -0.102 -0.014 -0.397 -0.824 -0.294
 1933     21     21     22     22     22     22     22     22     22     22     22     22
 1934 -0.114 -0.085 -0.349 -0.383  0.152  0.013  0.053  0.022 -0.127 -0.111  0.016  0.027 -0.074
 1934     22     22     22     22     22     22     22     22     22     22     22     22
 1935 -0.384  0.513 -0.029 -0.569 -0.448 -0.188 -0.070 -0.120 -0.235  0.095 -0.420 -0.259 -0.176
 1935     22     22     22     22     22     22     22     22     22     22     22     22
 1936 -0.216 -0.708 -0.312 -0.334 -0.176 -0.089  0.286  0.064 -0.102  0.005  0.030  0.123 -0.119
 1936     22     23     23     23     23     23     23     23     23     23     23     23
 1937 -0.298  0.040 -0.544 -0.363 -0.121  0.055 -0.070  0.172  0.166  0.220  0.120 -0.218 -0.070
 1937     23     23     23     23     23     23     23     23     23     23     23     23
 1938  0.015  0.079  0.298  0.235  0.110 -0.034  0.062 -0.014  0.183  0.403  0.208 -0.264  0.107
 1938     23     23     23     23     23     23     23     23     23     23     23     23
 1939  0.157 -0.023 -0.487 -0.239  0.096  0.143 -0.065  0.003 -0.245 -0.338 -0.200  0.418 -0.065
 1939     23     24     23     24     24     23     24     24     24     24     23     23
 1940 -0.624 -0.137 -0.089 -0.114 -0.203  0.180  0.155  0.015  0.144 -0.025 -0.118  0.363 -0.038
 1940     23     23     23     23     23     23     23     23     24     24     24     23
 1941 -0.164  0.094 -0.245  0.041 -0.038  0.140  0.201  0.047 -0.242  0.148 -0.150 -0.044 -0.018
 1941     25     25     25     25     25     25     25     25     25     25     25     25
 1942  0.113 -0.293 -0.097 -0.050 -0.108  0.073 -0.135  0.055  0.111  0.002  0.038 -0.102 -0.033
 1942     25     25     25     25     25     25     25     25     25     25     26     25
 1943 -0.351  0.104 -0.284 -0.006 -0.081 -0.304 -0.010 -0.327 -0.042  0.345 -0.130  0.196 -0.074
 1943     26     26     26     26     26     26     25     25     25     25     25     25
 1944  0.502  0.145 -0.021 -0.171 -0.165 -0.012  0.115  0.178  0.412  0.304 -0.033 -0.313  0.079
 1944     25     26     26     25     26     25     25     25     25     25     26     26
 1945 -0.202 -0.380 -0.144  0.151 -0.362 -0.145 -0.204  0.451  0.136  0.067 -0.117 -0.567 -0.110
 1945     26     26     26     26     26     26     26     26     26     26     26     26
 1946  0.030  0.140 -0.298  0.069 -0.059 -0.286  0.007 -0.039  0.079 -0.197 -0.013 -0.451 -0.085
 1946     26     26     26     26     26     26     26     26     26     26     26     26
 1947 -0.155 -0.181 -0.009  0.046 -0.018  0.146 -0.046  0.046 -0.037  0.184  0.046 -0.267 -0.021
 1947     27     27     27     27     27     27     27     27     27     27     27     27
 1948  0.261 -0.129 -0.472 -0.129  0.051  0.123 -0.107 -0.112 -0.001  0.066 -0.113 -0.160 -0.060
 1948     27     27     27     27     27     27     27     27     27     27     27     27
 1949  0.216 -0.417 -0.386 -0.238 -0.175 -0.227 -0.112 -0.065 -0.093  0.022 -0.020 -0.286 -0.148
 1949     28     28     28     28     28     28     28     28     28     28     28     28
 1950 -0.606 -0.379 -0.259 -0.298 -0.188 -0.099 -0.197 -0.329 -0.185 -0.312 -0.667 -0.318 -0.320
 1950     29     29     29     29     29     29     29     29     29     29     29     29
 1951 -0.536 -0.735 -0.330 -0.182 -0.068 -0.075 -0.058  0.037  0.111  0.045 -0.013  0.253 -0.129
 1951     33     34     33     33     34     33     34     34     34     34     34     34
 1952  0.302  0.082 -0.247 -0.063 -0.043 -0.082  0.082  0.067  0.090 -0.094 -0.434 -0.111 -0.038
 1952     34     34     34     34     34     34     34     34     34     34     34     34
 1953  0.077  0.109  0.180  0.125 -0.015  0.097 -0.145  0.074  0.067  0.086 -0.115  0.169  0.059
 1953     34     34     34     35     34     35     34     34     34     34     34     35
 1954 -0.456 -0.205 -0.272 -0.284 -0.321 -0.190 -0.235 -0.103 -0.060 -0.010  0.122 -0.228 -0.187
 1954     35     35     35     35     35     35     35     35     35     35     35     35
 1955  0.247 -0.088 -0.649 -0.379 -0.262 -0.141 -0.299 -0.027 -0.042 -0.063 -0.330 -0.425 -0.205
 1955     35     35     35     35     35     35     35     35     35     35     35     35
 1956 -0.429 -0.667 -0.541 -0.498 -0.483 -0.308 -0.257 -0.396 -0.419 -0.283 -0.490 -0.429 -0.433
 1956     36     36     36     36     36     36     36     36     36     36     36     36
 1957 -0.281 -0.235 -0.319 -0.128 -0.072  0.063 -0.237  0.008  0.032 -0.014  0.219  0.372 -0.049
 1957     36     36     36     36     36     36     36     36     36     36     36     36
 1958  0.426  0.256  0.082  0.127  0.087 -0.035  0.090 -0.101 -0.155  0.037  0.146  0.008  0.081
 1958     36     36     36     36     36     36     36     36     36     36     36     36
 1959  0.074  0.045  0.153  0.028 -0.184  0.085  0.065 -0.024  0.002 -0.153 -0.174 -0.024 -0.009
 1959     36     36     36     36     36     36     36     36     36     36     36     36
 1960  0.059  0.319 -0.608 -0.324 -0.446 -0.026 -0.169 -0.051  0.010  0.058 -0.194  0.191 -0.098
 1960     36     36     36     36     36     36     36     36     36     36     36     36
 1961  0.070  0.205  0.056  0.092  0.098  0.068 -0.035  0.000  0.096  0.042 -0.007 -0.152  0.044
 1961     36     36     37     36     37     37     37     36     36     36     36     36
 1962  0.080  0.164 -0.036 -0.071 -0.161 -0.068 -0.119 -0.071  0.028  0.125  0.101  0.050  0.002
 1962     37     37     37     36     37     37     37     37     37     37     37     37
 1963 -0.150  0.315 -0.233 -0.214 -0.150 -0.101  0.093  0.046  0.145  0.303  0.105 -0.082  0.006
 1963     37     37     37     37     37     37     37     37     37     37     37     37
 1964  0.004 -0.292 -0.381 -0.278 -0.207 -0.295 -0.215 -0.270 -0.265 -0.423 -0.277 -0.523 -0.285
 1964     37     37     37     37     37     37     37     37     37     37     37     37
 1965 -0.109 -0.309 -0.293 -0.461 -0.199 -0.032 -0.307 -0.182 -0.153 -0.053 -0.189 -0.103 -0.199
 1965     37     37     37     37     37     37     37     37     37     37     37     37
 1966 -0.149 -0.058 -0.033 -0.198 -0.190  0.098 -0.002 -0.098 -0.075 -0.179 -0.144 -0.436 -0.122
 1966     37     37     37     37     37     37     37     37     37     37     37     37
 1967 -0.194 -0.405 -0.223 -0.072  0.104 -0.278 -0.167 -0.087 -0.132  0.280 -0.072 -0.156 -0.117
 1967     37     37     37     37     37     37     37     37     37     37     37     37
 1968 -0.327 -0.306  0.194 -0.280 -0.400 -0.282 -0.148 -0.185 -0.221 -0.116 -0.118 -0.314 -0.209
 1968     37     37     37     37     37     37     37     37     37     37     37     37
 1969 -0.454 -0.465 -0.145  0.067  0.038 -0.045  0.060  0.000 -0.084 -0.036  0.160  0.202 -0.058
 1969     37     37     37     37     37     37     37     37     37     37     37     37
 1970 -0.019  0.334 -0.185  0.086 -0.085  0.146  0.004 -0.045  0.017 -0.088 -0.115 -0.290 -0.020
 1970     37     37     37     37     37     37     37     37     37     37     37     37
 1971 -0.099 -0.403 -0.390 -0.354 -0.341 -0.346 -0.126 -0.082  0.022 -0.067 -0.106 -0.137 -0.202
 1971     36     36     36     36     36     36     36     36     36     36     36     36
 1972 -0.667 -0.620 -0.313 -0.192 -0.128  0.047 -0.039 -0.041 -0.098 -0.115 -0.110  0.208 -0.172
 1972     36     36     36     36     36     36     35     36     36     36     35     35
 1973  0.297  0.444  0.403  0.252  0.192  0.302  0.110  0.024 -0.035  0.056 -0.146 -0.083  0.151
 1973     35     35     35     36     36     35     35     35     35     35     35     35
 1974 -0.468 -0.600 -0.253 -0.226 -0.244 -0.211 -0.054 -0.169 -0.322 -0.336 -0.289 -0.365 -0.295
 1974     35     35     36     35     36     36     35     35     35     35     35     35
 1975 -0.003 -0.101 -0.060 -0.042  0.016 -0.009 -0.027 -0.201  0.043 -0.270 -0.317 -0.358 -0.111
 1975     35     35     35     35     35     35     35     34     34     34     34     34
 1976 -0.221 -0.392 -0.742 -0.300 -0.350 -0.309 -0.276 -0.312 -0.283 -0.621 -0.415 -0.191 -0.368
 1976     35     35     35     35     35     35     35     35     34     34     34     34
 1977 -0.369  0.164  0.277  0.203  0.036  0.175  0.069  0.021 -0.015  0.065  0.307  0.037  0.081
 1977     35     35     35     35     35     35     34     34     34     34     34     34
 1978  0.036  0.071  0.137  0.013 -0.047 -0.170 -0.021 -0.290 -0.098 -0.142  0.038 -0.102 -0.048
 1978     35     35     35     35     35     35     35     34     34     34     34     34
 1979 -0.054 -0.189  0.084 -0.174 -0.113  0.082  0.004  0.112  0.060  0.190  0.142  0.598  0.062
 1979     34     34     34     34     34     34     34     35     34     34     34     34
 1980  0.099  0.204  0.027  0.223  0.313  0.115  0.044  0.085  0.106  0.080  0.301  0.131  0.144
 1980     34     34     34     34     34     34     34     34     33     34     33     33
 1981  0.553  0.491  0.448  0.391  0.152  0.097  0.123  0.226  0.104 -0.059  0.031  0.448  0.250
 1981     35     36     36     35     35     35     35     35     35     35     35     35
 1982 -0.052  0.047 -0.177  0.004  0.073 -0.112  0.002  0.061  0.072 -0.119  0.003  0.411  0.018
 1982     34     34     34     34     34     35     34     35     35     35     35     35
 1983  0.642  0.544  0.364  0.212  0.238  0.125  0.205  0.296  0.365  0.206  0.476  0.139  0.318
 1983     34     35     35     35     35     35     35     35     35     35     35     35
 1984  0.013 -0.090 -0.009 -0.090  0.189 -0.030 -0.047  0.010 -0.128  0.076 -0.155 -0.447 -0.059
 1984     35     35     35     35     35     35     35     35     34     34     35     34
 1985  0.074 -0.220 -0.015  0.019  0.074 -0.051 -0.085  0.157 -0.015  0.016 -0.057  0.042 -0.005
 1985     35     35     35     35     35     35     35     35     35     35     35     35
 1986  0.392  0.184  0.214  0.298  0.211  0.163 -0.037  0.027 -0.010 -0.033 -0.084  0.100  0.119
 1986     35     35     35     35     35     34     35     34     35     35     35     35
 1987  0.259  0.638 -0.046  0.301  0.147  0.261  0.385  0.156  0.261  0.245  0.247  0.567  0.285
 1987     35     35     35     35     34     34     35     35     35     35     35     35
 1988  0.597  0.247  0.439  0.341  0.319  0.393  0.288  0.338  0.393  0.388  0.106  0.348  0.350
 1988     35     35     35     35     35     34     34     35     34     34     35     34
 1989  0.143  0.324  0.254  0.212  0.121  0.120  0.162  0.195  0.212  0.307  0.089  0.283  0.202
 1989     34     35     34     34     34     34     35     34     34     34     34     34
 1990  0.430  0.413  0.905  0.448  0.337  0.346  0.272  0.312  0.152  0.480  0.670  0.401  0.431
 1990     33     34     34     34     33     33     33     33     32     32     33     33
 1991  0.367  0.516  0.316  0.497  0.315  0.555  0.387  0.313  0.349  0.259  0.108  0.069  0.338
 1991     31     31     31     31     30     31     30     30     30     30     30     30
 1992  0.557  0.420  0.438  0.144  0.168  0.158 -0.211 -0.045 -0.187 -0.192 -0.250  0.071  0.089
 1992     30     30     30     30     31     30     30     30     30     30     30     30
 1993  0.372  0.219  0.298  0.242  0.278  0.211  0.212  0.155 -0.109  0.120 -0.193  0.254  0.172
 1993     30     30     30     30     30     30     30     30     30     30     30     30
 1994  0.368 -0.178  0.258  0.385  0.429  0.420  0.269  0.261  0.357  0.360  0.511  0.520  0.330
 1994     31     31     31     30     30     30     31     30     30     31     31     30
 1995  0.675  0.804  0.353  0.347  0.288  0.475  0.442  0.564  0.449  0.539  0.443  0.231  0.467
 1995     31     30     31     31     31     31     30     31     30     30     31     30
 1996  0.140  0.307  0.079 -0.007  0.266  0.278  0.270  0.298  0.161  0.186  0.124  0.352  0.205
 1996     31     30     31     30     30     30     30     30     30     30     30     30
 1997  0.351  0.519  0.299  0.199  0.284  0.527  0.457  0.450  0.600  0.521  0.559  0.776  0.462
 1997     30     30     30     30     30     30     30     30     30     30     30     30
 1998  0.723  1.352  0.779  0.942  0.871  0.847  0.932  0.888  0.660  0.700  0.373  0.736  0.817
 1998     30     31     30     30     30     31     31     31     31     30     30     30
 1999  0.693  0.928  0.343  0.344  0.396  0.441  0.456  0.425  0.561  0.437  0.272  0.552  0.487
 1999     30     31     30     30     30     31     31     31     30     31     30     30
 2000  0.220  0.652  0.524  0.707  0.323  0.343  0.292  0.425  0.390  0.221  0.052  0.188  0.361
 2000     30     30     30     30     30     30     30     30     30     30     29     29
 2001  0.616  0.495  0.658  0.521  0.528  0.472  0.529  0.742  0.514  0.526  0.671  0.366  0.553
 2001     27     27     28     28     27     27     27     28     28     28     27     27
 2002  0.945  0.997  0.884  0.683  0.593  0.527  0.679  0.548  0.652  0.454  0.616  0.351  0.661
 2002     27     27     28     27     28     27     28     28     29     28     29     28
 2003  0.813  0.555  0.436  0.524  0.746  0.764  0.524  0.579  0.642  0.661  0.605  0.842  0.641
 2003     28     28     27     28     28     28     28     27     28     29     28     28
 2004  0.737  0.909  0.817  0.718  0.222  0.545  0.335  0.421  0.473  0.798  0.840  0.530  0.612
 2004     29     28     28     27     27     27     27     27     27     27     27     28
 2005  0.774  0.555  0.769  0.894  0.668  0.829  0.795  0.629  0.746  0.859  0.881  0.542  0.745
 2005     28     27     27     27     27     27     27     27     27     27     28     28
 2006  0.611  0.714  0.640  0.513  0.266  0.652  0.763  0.623  0.613  0.894  0.701  0.864  0.654
 2006     26     28     28     28     27     28     28     27     27     27     28     27
 2007  1.128  0.887  0.742  0.842  0.611  0.394  0.409  0.563  0.790  0.789  0.495  0.497  0.679
 2007     28     27     27     27     27     29     28     28     29     28     28     28
 2008  0.176  0.335  0.958  0.385  0.296  0.424  0.690  0.433  0.491  0.821  0.775  0.527  0.526
 2008     28     27     27     28     28     28     27     28     28     28     28     27
 2009  0.572  0.727  0.645  0.686  0.538  0.572  0.487  0.903  0.777  0.000  0.000  0.000  0.656
 2009     27     28     27     26     27     27     27     27     26      0      0      0
