 1850 -2.515  0.677 -1.589 -0.924 -0.969  0.242  0.399  0.693 -0.495 -1.183 -0.433 -0.271 -0.531
 1850      5      5      5      5      5      5      5      5      5      5      5      5
 1851  0.501 -0.086 -1.095 -0.437 -0.415  0.025 -0.165  0.238  0.050  0.275 -0.827 -0.540 -0.206
 1851      6      6      6      6      6      6      5      5      5      5      5      6
 1852 -0.164 -0.155 -1.126 -1.909  0.193  0.042  0.203  0.023 -0.249 -0.528 -0.727  1.261 -0.261
 1852      6      6      6      6      6      6      6      6      6      6      6      6
 1853  0.877 -0.972 -1.410 -0.874 -0.238  0.098  0.282  0.250 -0.275 -0.155 -0.496 -1.464 -0.365
 1853      6      6      6      6      6      6      6      6      6      6      6      6
 1854 -0.577 -0.194  0.139 -0.721  0.387 -0.237  0.795  0.495  0.300  0.587 -0.908  0.321  0.032
 1854      6      6      6      6      6      6      6      6      6      6      6      6
 1855 -0.177 -1.885 -1.094  0.469  0.298 -0.046  0.246  0.143 -0.165 -0.128 -0.678 -2.249 -0.439
 1855      6      6      6      6      6      6      6      6      7      6      6      6
 1856 -0.485 -0.725 -1.846 -0.068 -0.407  0.681  0.023 -0.154 -0.600 -0.674 -1.835 -0.491 -0.548
 1856      7      6      7      7      7      7      7      6      6      6      6      6
 1857 -1.548  0.341 -0.775 -1.489 -0.863 -0.162 -0.046  0.307 -0.258 -0.462 -1.061  0.965 -0.421
 1857      6      6      6      6      7      7      7      7      7      7      7      7
 1858  0.167 -1.935 -1.018 -0.087 -0.225  0.774  0.321 -0.126  0.033  0.357 -2.248 -0.129 -0.343
 1858      7      7      7      7      7      7      7      7      7      7      7      7
 1859  0.194  0.923  0.394 -0.136  0.369  0.176  0.472  0.239 -0.427 -0.361 -0.289 -1.610 -0.005
 1859      7      7      7      7      7      7      7      7      7      7      7      7
 1860  0.330 -1.150 -1.689 -0.388 -0.027  0.222 -0.081 -0.051 -0.161 -0.320 -1.466 -2.007 -0.566
 1860      7      7      7      7      7      7      7      7      7      7      7      7
 1861 -2.122  0.588  0.064 -0.966 -1.085  0.319  0.065  0.236 -0.374 -0.218 -0.395  0.096 -0.316
 1861      7      7      7      7      7      7      7      7      7      7      7      7
 1862 -1.458 -1.710 -0.790 -0.055 -0.048 -0.557 -0.382 -0.520 -0.213 -0.383 -1.439 -1.094 -0.721
 1862      7      7      7      6      6      6      6      6      6      6      6      6
 1863  2.192  0.930 -0.131 -0.113  0.243 -0.322 -0.285  0.037 -0.119 -0.522 -0.016 -0.068  0.152
 1863      6      6      6      6      6      6      6      6      6      6      6      6
 1864 -1.586 -0.309 -0.453 -0.925 -0.696  0.240  0.068 -0.373 -0.417 -1.730 -1.657 -1.596 -0.786
 1864      6      6      6      6      6      6      6      6      6      6      6      6
 1865  0.120 -1.702 -1.858 -0.013  0.403 -0.079  0.397 -0.210  0.680 -0.591  0.129 -0.497 -0.268
 1865      7      7      7      7      7      6      6      6      6      6      7      7
 1866  0.950 -0.368 -1.026  0.137 -1.104  0.103  0.037 -0.600 -0.053 -1.020 -0.667 -0.277 -0.324
 1866      7      7      7      7      7      7      7      7      7      7      7      7
 1867 -0.982  1.000 -2.208 -0.391 -1.393 -0.289 -0.599 -0.100  0.022 -0.265 -0.750 -1.127 -0.590
 1867      7      7      7      7      7      7      7      7      7      7      7      7
 1868 -1.501 -0.781 -0.052 -0.671  0.362  0.259  0.726  0.198 -0.454 -0.445 -1.470 -0.030 -0.322
 1868      7      7      7      7      8      8      7      8      7      7      8      8
 1869  0.202  1.405 -1.550 -0.359 -0.409 -0.422  0.168  0.081 -0.035 -1.304 -0.945 -0.515 -0.307
 1869      8      8      8      8      8      8      7      8      8      8      8      7
 1870  0.459 -1.366 -1.534 -0.362  0.463  0.249  0.566 -0.433 -0.291 -0.688  0.022 -2.297 -0.434
 1870      8      8      8      8      8      8      8      8      8      8      8      8
 1871 -1.155 -1.346  0.465  0.001 -0.555 -0.266  0.226  0.211 -0.648 -0.585 -1.532 -1.741 -0.577
 1871      8      8      8      8      8      8      8      9      8      8      8      8
 1872 -0.178 -0.343 -0.575  0.297  0.420  0.135  0.206  0.049 -0.098 -0.168 -0.783 -0.739 -0.148
 1872      8      8      8      8      8      8      8      8      8      8      8      8
 1873  0.236 -0.668 -0.475 -1.199 -0.847  0.161  0.242  0.146 -0.605 -0.717 -0.688  0.076 -0.362
 1873      9      9      9      9      9      9      9      9      9      9      9      9
 1874  0.798 -0.262 -1.056 -0.773 -0.632  0.143  0.203 -0.138  0.145 -0.069 -0.858 -0.409 -0.242
 1874      9      9      9      9      9      9      9      9      9     10     10     10
 1875 -1.606 -2.217 -2.019 -1.330  0.053  0.283 -0.098 -0.188 -0.664 -0.977 -1.411 -0.895 -0.922
 1875     10     10     10     10     10     10     10     10     10     10     10     10
 1876  0.014 -0.002 -0.858 -0.319 -0.914  0.299  0.306  0.156 -0.311 -0.559 -1.506 -1.900 -0.466
 1876     11     11     11     11     11     11     10     11     11     11     11     11
 1877 -0.191  0.082 -1.068 -0.993 -0.929  0.141  0.231  0.256 -0.296 -0.737  0.096  0.628 -0.232
 1877     11     11     11     11     11     11     10     10     11     11     11     11
 1878 -0.248  0.935  0.800  0.638 -0.289  0.424  0.179  0.300  0.218  0.213 -0.060 -1.132  0.165
 1878     11     11     12     11     12     12     11     12     11     12     11     11
 1879 -0.412 -0.182 -0.158 -0.420 -0.171 -0.263 -0.143 -0.193 -0.392  0.086 -1.140 -1.433 -0.402
 1879     12     12     12     12     12     12     12     12     12     12     12     12
 1880  0.585 -0.272 -0.450 -0.164  0.106 -0.122 -0.108 -0.038 -0.133 -0.965 -1.766 -0.966 -0.358
 1880     12     12     12     12     12     12     12     12     12     12     12     12
 1881 -1.450 -0.751 -0.923 -0.472  0.110 -0.290  0.147  0.099 -0.094 -0.695 -0.675  0.142 -0.404
 1881     13     13     13     13     13     14     13     13     13     13     13     13
 1882  1.120  0.509  0.477 -0.548 -0.694 -0.434 -0.366 -0.068 -0.238 -0.539 -1.045 -0.991 -0.235
 1882     14     14     14     14     14     14     14     14     14     14     14     14
 1883 -1.298 -1.077 -1.311 -0.642 -0.442  0.050 -0.112 -0.347 -0.329 -0.443 -0.466 -0.142 -0.547
 1883     14     14     14     14     14     14     14     14     14     14     14     14
 1884 -0.338 -0.289 -0.902 -1.257 -0.745 -0.739 -0.465 -0.686 -0.414 -0.315 -1.232 -0.536 -0.660
 1884     14     14     14     14     14     14     14     14     14     14     14     14
 1885 -1.482 -0.668 -0.701 -0.658 -0.954 -0.522 -0.101 -0.722 -0.544 -0.826 -0.651  0.019 -0.651
 1885     14     14     14     14     14     14     14     14     14     14     15     15
 1886 -1.311 -1.306 -1.173 -0.266 -0.133 -0.456 -0.082 -0.137 -0.113 -0.279 -0.616 -0.123 -0.500
 1886     15     15     15     16     15     16     15     15     16     16     16     15
 1887 -0.995 -0.719 -0.525 -0.606  0.107 -0.205  0.001 -0.552 -0.108 -1.016 -0.438 -0.623 -0.473
 1887     16     16     16     16     16     16     16     16     16     16     16     16
 1888 -1.429 -1.114 -1.621 -0.184 -0.501 -0.306 -0.290 -0.452 -0.257 -0.446 -0.740 -0.431 -0.648
 1888     16     17     16     16     16     16     16     16     16     16     17     17
 1889 -0.759 -0.678 -0.529  0.085  0.170  0.011 -0.161 -0.204 -0.605 -0.412 -0.930  0.191 -0.318
 1889     17     17     17     17     17     17     17     17     17     17     17     17
 1890  0.226 -0.235 -0.451 -0.003 -0.402 -0.221 -0.255 -0.283 -0.267 -0.515 -0.724 -0.642 -0.314
 1890     17     17     18     18     17     18     18     18     18     18     18     18
 1891 -0.884 -0.973 -0.935 -0.700 -0.485 -0.375 -0.301 -0.358  0.074 -0.458 -1.183  0.557 -0.502
 1891     18     18     18     18     18     18     18     18     18     18     18     18
 1892 -0.849 -0.011 -1.193 -0.758 -0.555 -0.101 -0.308 -0.244  0.048 -0.283 -1.001 -1.503 -0.563
 1892     18     18     19     19     19     19     19     19     19     19     19     19
 1893 -2.752 -1.817 -0.644 -0.523 -0.763 -0.207 -0.063 -0.218 -0.268 -0.159 -0.566 -0.253 -0.686
 1893     19     19     19     19     19     19     19     19     19     19     20     19
 1894 -0.628 -0.291 -0.013 -0.178 -0.174 -0.337 -0.035 -0.120 -0.455 -0.334 -0.569 -0.356 -0.291
 1894     19     19     19     19     19     20     19     20     20     19     19     19
 1895 -1.231 -1.953 -0.874 -0.228 -0.202 -0.297 -0.314 -0.312  0.125 -0.451 -0.343 -0.388 -0.539
 1895     20     20     20     20     20     20     20     20     20     20     20     21
 1896 -0.363 -0.259 -1.010 -0.812 -0.060  0.195  0.012 -0.181 -0.222 -0.074 -1.154 -0.275 -0.350
 1896     20     20     20     20     20     20     20     20     20     21     20     20
 1897 -0.676 -0.382 -0.963 -0.187  0.170 -0.101  0.117  0.012  0.222 -0.143 -0.738 -0.837 -0.292
 1897     21     21     21     21     21     21     21     21     21     21     21     21
 1898  0.561 -0.394 -1.638 -0.613 -0.339 -0.171 -0.163  0.049 -0.013 -0.520 -0.378 -0.036 -0.305
 1898     21     21     21     21     21     21     21     21     21     22     21     22
 1899  0.320 -0.914 -1.073 -0.215 -0.272 -0.407 -0.057 -0.061  0.087  0.117  0.717 -0.955 -0.226
 1899     22     22     22     22     22     21     22     22     22     22     22     21
 1900 -0.407 -0.647 -0.507 -0.411 -0.099  0.058 -0.165  0.053 -0.081  0.537 -0.329  0.407 -0.132
 1900     22     22     22     22     22     21     22     21     21     21     21     22
 1901 -0.147 -0.712 -0.039  0.104 -0.121  0.130  0.346  0.138 -0.275 -0.163 -0.471 -0.645 -0.155
 1901     22     22     22     22     22     22     22     22     22     22     21     22
 1902  0.394  0.008 -0.302 -0.706 -0.599 -0.471 -0.501 -0.224 -0.480 -0.575 -0.823 -1.120 -0.450
 1902     22     23     23     23     23     23     22     23     23     23     22     23
 1903  0.072  0.337 -0.198 -0.540 -0.573 -0.645 -0.490 -0.456 -0.400 -0.451 -0.625 -0.780 -0.396
 1903     23     23     23     22     23     23     23     23     23     23     23     23
 1904 -0.827 -0.507 -0.898 -0.722 -0.478 -0.517 -0.580 -0.371 -0.545 -0.213 -0.150 -0.315 -0.510
 1904     23     23     23     22     23     23     22     22     22     22     22     23
 1905 -0.659 -1.571 -0.597 -0.931 -0.375 -0.172 -0.126 -0.168  0.039 -0.420  0.243  0.105 -0.386
 1905     24     24     24     23     24     24     24     23     24     24     24     24
 1906  0.070 -0.737 -0.665  0.164 -0.006  0.014 -0.127 -0.059 -0.150 -0.178 -0.494  0.089 -0.173
 1906     24     24     24     24     24     24     24     24     24     24     24     24
 1907 -0.671 -0.999 -0.546 -1.139 -1.095 -0.818 -0.455 -0.517 -0.338  0.011 -0.906 -0.544 -0.668
 1907     24     24     24     25     24     24     24     24     24     24     24     24
 1908 -0.193 -0.355 -1.045 -0.505 -0.371 -0.235 -0.326 -0.465 -0.131 -0.502 -0.910 -0.459 -0.458
 1908     24     24     24     24     24     24     24     24     24     24     24     24
 1909 -0.640 -0.631 -0.985 -0.903 -0.717 -0.424 -0.392 -0.090  0.021 -0.018  0.232 -0.579 -0.427
 1909     24     25     25     25     25     25     25     25     25     25     25     25
 1910  0.102 -0.367 -0.004 -0.151 -0.366 -0.358 -0.163 -0.336 -0.321 -0.189 -0.830 -0.687 -0.306
 1910     25     25     25     25     25     25     25     25     25     25     25     25
 1911 -0.526 -0.985 -0.859 -0.705 -0.303 -0.104 -0.153 -0.127 -0.082 -0.346 -0.248  0.023 -0.368
 1911     26     26     26     26     26     26     26     26     26     26     26     26
 1912 -0.660 -0.088 -0.771 -0.507 -0.273 -0.080 -0.623 -0.829 -0.928 -1.136 -0.714 -0.326 -0.578
 1912     26     26     26     26     26     26     26     26     26     26     26     26
 1913 -0.173 -0.877 -0.666 -0.303 -0.737 -0.617 -0.587 -0.153 -0.303 -0.506  0.401  0.447 -0.339
 1913     26     26     26     26     26     26     26     26     26     26     26     26
 1914  0.804  0.196 -0.195 -0.458 -0.062 -0.169 -0.130 -0.189 -0.278 -0.035 -0.467 -0.504 -0.124
 1914     26     26     26     26     26     26     26     26     26     26     26     26
 1915 -0.004  0.326 -1.025  0.032 -0.310 -0.222 -0.171 -0.218 -0.195 -0.280  0.051  0.018 -0.166
 1915     25     25     25     25     26     25     25     25     25     25     25     25
 1916  0.205 -0.108 -0.940 -0.388 -0.473 -0.568 -0.015 -0.205 -0.532 -0.356 -0.218 -1.085 -0.390
 1916     25     26     26     26     26     26     26     25     26     26     25     25
 1917 -0.676 -1.391 -1.463 -0.801 -1.199 -0.373 -0.072 -0.085 -0.054 -0.648 -0.097 -1.599 -0.705
 1917     26     26     26     26     26     26     26     26     26     26     26     26
 1918 -0.821 -0.465 -0.362 -0.710 -0.750 -0.512 -0.277 -0.337 -0.234  0.308 -0.349 -0.404 -0.409
 1918     26     26     26     26     26     26     25     26     25     25     25     25
 1919 -0.040 -0.367 -0.803 -0.308 -0.670 -0.249 -0.192 -0.047  0.149 -0.305 -1.107 -0.899 -0.403
 1919     25     25     25     25     25     24     24     24     24     24     24     24
 1920 -0.017 -0.513  0.035 -0.443 -0.099 -0.271 -0.050 -0.111  0.007 -0.373 -0.761 -0.581 -0.265
 1920     24     24     24     24     25     25     25     24     24     25     25     24
 1921  0.811 -0.061  0.240  0.177  0.051  0.144  0.170 -0.181 -0.176 -0.071 -0.820 -0.003  0.023
 1921     26     26     26     26     26     26     26     26     26     26     26     26
 1922 -0.723 -0.583 -0.358 -0.223  0.057  0.009 -0.218 -0.120 -0.198 -0.226 -0.177 -0.158 -0.243
 1922     27     27     27     26     27     26     27     27     27     27     27     27
 1923  0.370 -1.014 -0.553 -0.993 -0.380 -0.240 -0.158 -0.283  0.030  0.206  0.427  0.424 -0.180
 1923     27     27     27     27     28     28     28     28     28     28     28     28
 1924 -0.473 -0.415 -0.612 -0.532 -0.237 -0.089 -0.187 -0.081 -0.011 -0.025  0.008 -0.671 -0.277
 1924     28     28     28     28     28     28     28     28     28     29     28     28
 1925 -0.189  0.068 -0.161 -0.052 -0.224 -0.157 -0.113  0.081  0.148 -0.451  0.015  0.268 -0.064
 1925     29     29     29     29     29     29     29     29     29     29     30     29
 1926  0.738  0.592  0.054 -0.475 -0.322 -0.173 -0.202 -0.029  0.014 -0.069  0.171 -0.435 -0.011
 1926     29     30     30     30     30     30     30     30     30     30     30     30
 1927 -0.248 -0.103 -0.510 -0.438 -0.346 -0.098  0.170 -0.028  0.205  0.418 -0.039 -1.072 -0.174
 1927     30     30     30     30     30     30     30     30     30     30     30     30
 1928  0.375 -0.026 -0.761 -0.624 -0.149 -0.494  0.020 -0.170 -0.097 -0.032  0.186  0.027 -0.146
 1928     31     30     30     30     31     30     30     30     31     30     30     30
 1929 -0.936 -2.074 -0.452 -0.701 -0.221 -0.365 -0.199  0.009 -0.149  0.150  0.082 -0.807 -0.472
 1929     31     31     31     31     31     31     31     31     31     31     31     31
 1930 -0.399 -0.055  0.084 -0.080 -0.266 -0.096  0.150  0.385 -0.036 -0.073  0.261  0.016 -0.009
 1930     31     31     31     31     31     31     31     31     31     31     31     30
 1931  0.146 -0.672 -0.431 -0.369 -0.264  0.196  0.312  0.243  0.199  0.436  0.234  0.223  0.021
 1931     31     31     31     31     31     31     31     31     31     31     31     31
 1932  1.212 -0.595 -0.920  0.046 -0.161 -0.072 -0.004  0.196  0.261  0.199 -0.401 -0.044 -0.024
 1932     31     31     31     31     31     31     31     31     31     31     31     31
 1933 -0.579 -0.861 -0.796 -0.443 -0.328 -0.245  0.200  0.109  0.072 -0.037 -0.229 -0.969 -0.342
 1933     31     31     32     32     32     32     32     32     32     32     33     32
 1934 -0.050  0.460 -0.549 -0.304  0.325  0.009  0.079  0.047 -0.077  0.310  0.507  0.406  0.097
 1934     33     33     33     33     33     33     33     33     32     33     33     33
 1935 -0.554  1.184 -0.084 -0.532 -0.576 -0.132  0.089  0.104  0.059  0.403 -0.690 -0.361 -0.091
 1935     33     32     32     32     32     32     33     33     33     33     32     32
 1936 -0.251 -1.184 -0.427 -0.385 -0.031  0.154  0.376  0.192  0.132  0.052  0.201  0.439 -0.061
 1936     33     34     34     34     34     34     34     34     34     34     34     34
 1937 -0.234  0.253 -0.861 -0.261  0.075  0.213  0.255  0.416  0.535  0.567  0.094 -0.414  0.053
 1937     34     34     34     34     34     34     34     34     34     34     34     34
 1938  0.328  0.407  0.541  0.471 -0.032 -0.037  0.179  0.463  0.449  0.624  0.485 -0.615  0.272
 1938     34     34     34     34     34     34     34     34     35     34     35     35
 1939  0.239  0.188 -0.520 -0.018  0.014  0.104  0.206  0.309  0.105 -0.265  0.234  1.265  0.155
 1939     35     35     35     35     35     35     35     35     35     35     35     35
 1940 -1.176 -0.050 -0.196  0.174 -0.137  0.026  0.149  0.026  0.264  0.065  0.104  0.404 -0.029
 1940     35     35     35     34     35     35     34     35     35     35     35     35
 1941 -0.030  0.349 -0.275 -0.025 -0.041  0.175  0.201  0.071 -0.083  0.277 -0.292 -0.221  0.009
 1941     37     37     37     37     37     37     37     37     37     37     37     37
 1942 -0.131 -0.686 -0.264 -0.136 -0.153  0.138  0.004 -0.110  0.113  0.351  0.083  0.004 -0.065
 1942     37     37     37     37     37     37     36     37     37     37     37     37
 1943 -0.569  0.390 -0.456  0.232  0.222 -0.186  0.068  0.135  0.158  0.485  0.090  0.503  0.089
 1943     37     37     37     37     37     37     36     36     37     37     37     36
 1944  0.996  0.513  0.065 -0.128  0.161  0.005  0.075  0.135  0.410  0.399 -0.204 -0.733  0.141
 1944     36     36     36     36     36     36     36     36     36     36     36     36
 1945 -0.453 -0.679 -0.158  0.113 -0.334 -0.166 -0.128  0.347  0.180  0.188 -0.112 -0.901 -0.175
 1945     36     36     36     36     36     36     36     36     37     36     37     37
 1946  0.374  0.389 -0.128  0.429 -0.165 -0.128  0.033  0.048  0.148 -0.038  0.076 -0.743  0.025
 1946     39     39     38     38     38     38     38     38     38     38     38     38
 1947 -0.480 -0.501  0.124  0.259 -0.075 -0.087  0.059  0.165  0.259  0.673  0.174 -0.113  0.038
 1947     39     39     39     39     39     39     39     39     39     39     39     39
 1948  0.808 -0.074 -0.417  0.110  0.294  0.162 -0.040  0.110  0.122  0.212  0.157 -0.260  0.099
 1948     40     39     40     40     39     39     39     39     39     39     40     40
 1949  0.602 -0.295 -0.442  0.018  0.058 -0.167 -0.151  0.057  0.029  0.262  0.183 -0.423 -0.022
 1949     40     40     40     40     40     40     40     40     40     40     40     40
 1950 -0.864 -0.429 -0.175 -0.305 -0.076 -0.104 -0.284 -0.257 -0.066 -0.042 -0.807 -0.291 -0.308
 1950     42     42     42     42     42     42     42     42     43     43     42     42
 1951 -0.534 -0.924 -0.603  0.058  0.043 -0.125 -0.001  0.289  0.301  0.155 -0.025  0.570 -0.066
 1951     47     47     47     47     47     47     47     48     48     48     48     48
 1952  0.336  0.069 -0.654  0.054  0.011  0.156  0.201  0.104  0.157 -0.123 -0.580 -0.161 -0.036
 1952     48     48     48     48     48     48     48     48     48     48     48     48
 1953  0.304  0.396  0.250  0.273  0.131  0.254  0.207  0.236  0.158  0.348 -0.251  0.295  0.217
 1953     48     48     48     48     48     48     48     48     48     48     48     48
 1954 -0.710 -0.235 -0.504 -0.360 -0.291  0.004 -0.114 -0.022  0.133  0.140  0.414 -0.273 -0.151
 1954     49     48     49     49     49     49     49     49     49     49     49     49
 1955  0.563 -0.033 -0.880 -0.425 -0.094 -0.042 -0.045  0.128  0.027  0.173 -0.387 -0.416 -0.119
 1955     49     49     49     49     49     49     49     49     49     49     49     49
 1956 -0.267 -0.948 -0.743 -0.504 -0.383 -0.246 -0.353 -0.359 -0.401 -0.276 -0.601 -0.523 -0.467
 1956     50     50     50     50     50     50     50     50     50     50     49     49
 1957 -0.384 -0.216 -0.533 -0.275 -0.291 -0.028 -0.085  0.037  0.160 -0.072  0.210  0.566 -0.076
 1957     50     49     49     50     50     49     49     49     50     50     50     50
 1958  0.744  0.345 -0.054 -0.039  0.049 -0.105 -0.138  0.072 -0.039  0.027  0.178  0.223  0.105
 1958     50     50     50     50     50     50     50     50     50     50     50     50
 1959  0.232  0.087  0.231  0.145 -0.124  0.078 -0.039  0.034  0.070 -0.226 -0.480  0.002  0.001
 1959     50     50     50     50     50     50     50     50     50     50     50     50
 1960  0.042  0.756 -0.942 -0.333 -0.236  0.180 -0.060  0.067  0.076  0.033 -0.160  0.412 -0.014
 1960     50     50     50     50     50     50     50     50     50     50     50     50
 1961  0.199  0.460  0.219  0.105  0.081  0.207 -0.050  0.007 -0.058 -0.246 -0.052 -0.281  0.049
 1961     49     50     50     50     50     50     50     49     50     50     49     50
 1962  0.283  0.443 -0.025  0.064  0.036 -0.285  0.013 -0.038 -0.064  0.261  0.016  0.168  0.073
 1962     50     50     50     50     50     50     50     50     50     50     50     50
 1963 -0.062  0.685 -0.312 -0.206 -0.139 -0.136  0.091  0.086  0.222  0.579  0.503 -0.097  0.101
 1963     50     51     51     51     51     51     51     50     51     50     51     51
 1964  0.009 -0.519 -0.665 -0.429 -0.090 -0.181 -0.174 -0.296 -0.332 -0.348 -0.126 -0.448 -0.300
 1964     50     50     50     50     51     51     51     51     51     51     51     51
 1965  0.048 -0.659 -0.257 -0.544 -0.220 -0.240 -0.276 -0.388 -0.319 -0.032 -0.247 -0.059 -0.266
 1965     51     51     51     51     51     51     51     50     51     51     51     51
 1966 -0.230  0.149 -0.056 -0.393 -0.212  0.006  0.073  0.175  0.089 -0.029 -0.231 -0.602 -0.105
 1966     51     51     51     51     51     51     51     51     51     51     51     51
 1967 -0.289 -0.527 -0.064 -0.160  0.077 -0.254 -0.081 -0.018 -0.172  0.338 -0.039 -0.142 -0.111
 1967     51     51     51     51     51     51     51     51     51     51     51     51
 1968 -0.547 -0.393  0.612 -0.119 -0.166 -0.261 -0.266 -0.250 -0.145 -0.141 -0.239 -0.455 -0.197
 1968     51     51     51     51     51     51     50     51     51     51     51     51
 1969 -1.135 -1.072 -0.434 -0.043 -0.097 -0.175 -0.081 -0.081 -0.057 -0.079  0.142  0.331 -0.232
 1969     51     51     51     51     51     51     51     51     51     51     51     51
 1970 -0.145  0.430 -0.445 -0.007 -0.081  0.006 -0.020 -0.016 -0.090 -0.301 -0.083 -0.451 -0.100
 1970     51     51     51     51     51     51     51     50     51     51     50     50
 1971  0.032 -0.465 -0.650 -0.344 -0.225 -0.210 -0.220 -0.206 -0.058 -0.021  0.171 -0.007 -0.184
 1971     50     50     50     50     50     50     50     50     50     50     50     50
 1972 -1.038 -0.957 -0.281 -0.210 -0.335 -0.169 -0.145 -0.102 -0.445 -0.172 -0.344 -0.191 -0.366
 1972     50     50     50     49     49     49     49     49     49     49     48     48
 1973  0.110  0.640  0.366  0.211  0.132  0.211  0.081  0.033 -0.057  0.018 -0.115  0.155  0.149
 1973     49     48     49     49     49     49     49     49     49     48     48     48
 1974 -0.504 -0.628 -0.145 -0.077 -0.236 -0.138 -0.111 -0.134 -0.205 -0.364 -0.225 -0.364 -0.261
 1974     48     49     49     49     49     49     48     48     48     48     48     48
 1975  0.364  0.074  0.176  0.112  0.043  0.003 -0.018 -0.056  0.088 -0.068 -0.334 -0.368  0.001
 1975     49     48     48     48     48     48     48     47     47     47     47     46
 1976  0.202 -0.221 -0.930 -0.122 -0.296 -0.314 -0.362 -0.273 -0.184 -0.912 -0.670 -0.481 -0.380
 1976     47     48     48     48     48     48     48     47     47     47     47     47
 1977 -0.808  0.231  0.620  0.408  0.233  0.282  0.024 -0.112  0.113 -0.108  0.547 -0.024  0.117
 1977     48     47     47     47     48     47     47     47     46     47     47     46
 1978  0.126 -0.006  0.136  0.076 -0.142 -0.212 -0.221 -0.307 -0.047 -0.077  0.179 -0.042 -0.045
 1978     48     48     48     47     48     47     47     47     47     47     47     47
 1979 -0.208 -0.403  0.150 -0.423 -0.061  0.083  0.014 -0.044  0.149  0.318  0.153  0.938  0.055
 1979     46     46     47     46     46     46     46     47     47     46     46     46
 1980 -0.027  0.184 -0.407  0.123  0.182  0.232  0.104 -0.018  0.016  0.054  0.548  0.056  0.087
 1980     46     46     46     46     46     46     46     46     46     46     45     45
 1981  1.023  0.898  0.925  0.452  0.057  0.255  0.149  0.258  0.131  0.105  0.119  0.681  0.421
 1981     48     48     48     48     48     48     48     48     48     48     48     48
 1982 -0.339  0.034 -0.317  0.056 -0.028 -0.135  0.085 -0.086  0.176 -0.015 -0.231  0.498 -0.025
 1982     47     47     47     47     47     47     47     47     47     48     47     47
 1983  0.833  0.432  0.335  0.134 -0.018  0.053  0.379  0.419  0.375  0.193  0.815  0.103  0.338
 1983     47     47     47     48     48     48     48     48     48     48     47     47
 1984  0.202 -0.205  0.075 -0.037  0.243  0.094  0.016  0.116 -0.225 -0.023 -0.294 -0.840 -0.073
 1984     48     47     48     47     48     47     48     47     47     47     47     47
 1985 -0.047 -0.614 -0.243  0.010  0.119 -0.086 -0.192  0.068 -0.108 -0.003 -0.265 -0.003 -0.114
 1985     48     48     48     48     47     48     47     47     47     47     48     47
 1986  0.670  0.225  0.229  0.252  0.135  0.139 -0.064  0.022 -0.089 -0.048 -0.200  0.065  0.111
 1986     47     47     48     48     48     47     48     47     48     47     47     47
 1987  0.189  0.996 -0.315  0.015  0.202  0.163  0.322  0.235  0.435  0.109 -0.079  0.797  0.256
 1987     48     47     48     48     47     47     48     47     48     48     47     48
 1988  0.699  0.235  0.335  0.441  0.399  0.507  0.460  0.335  0.315  0.282  0.063  0.641  0.393
 1988     47     47     48     47     48     47     47     47     47     47     47     47
 1989  0.274  0.525  0.513  0.347  0.209  0.199  0.336  0.277  0.243  0.371  0.039  0.386  0.310
 1989     47     47     47     47     47     47     47     47     47     47     47     47
 1990  0.604  0.745  1.482  0.648  0.376  0.543  0.251  0.441  0.391  0.491  0.696  0.435  0.592
 1990     45     45     45     45     45     45     44     45     44     44     45     44
 1991  0.564  0.798  0.359  0.629  0.223  0.440  0.490  0.402  0.388  0.353  0.194  0.173  0.418
 1991     42     42     42     42     41     42     41     42     42     41     40     42
 1992  0.964  0.615  0.444 -0.042  0.030 -0.112 -0.349 -0.097 -0.304 -0.253 -0.152  0.271  0.085
 1992     42     42     41     41     42     41     40     41     42     41     42     41
 1993  0.584  0.586  0.444  0.126  0.259  0.152  0.030  0.069 -0.202  0.095 -0.555  0.501  0.174
 1993     41     42     41     42     42     41     42     42     41     41     41     41
 1994  0.484 -0.367  0.507  0.662  0.442  0.497  0.465  0.458  0.357  0.527  0.669  0.510  0.434
 1994     43     43     43     42     42     42     42     41     42     42     42     42
 1995  1.095  1.516  0.587  0.566  0.420  0.658  0.457  0.690  0.402  0.799  0.496  0.295  0.665
 1995     43     42     43     43     42     43     42     43     42     42     42     42
 1996  0.161  0.511 -0.063 -0.097  0.292  0.294  0.378  0.139 -0.001 -0.023  0.046  0.549  0.182
 1996     42     41     42     42     42     41     42     41     41     41     41     42
 1997  0.564  0.861  0.632  0.259  0.358  0.536  0.435  0.577  0.511  0.536  0.480  0.865  0.551
 1997     41     42     42     42     42     40     41     41     41     42     41     40
 1998  0.778  1.828  0.712  1.178  0.932  0.903  0.961  0.947  0.846  0.754  0.457  1.145  0.953
 1998     42     42     42     41     41     42     41     42     42     42     42     41
 1999  1.012  1.542  0.261  0.829  0.452  0.483  0.523  0.489  0.611  0.552  0.676  1.174  0.717
 1999     42     42     42     42     42     42     42     42     41     42     42     41
 2000  0.481  1.259  1.070  1.200  0.707  0.421  0.534  0.618  0.373  0.180  0.058  0.299  0.600
 2000     42     41     41     41     40     42     41     41     41     41     41     40
 2001  0.824  0.525  1.091  0.762  0.938  0.570  0.708  0.938  0.554  0.820  1.217  0.585  0.794
 2001     38     37     38     38     36     37     38     39     39     39     38     37
 2002  1.698  1.961  1.325  0.617  0.509  0.805  0.905  0.598  0.763  0.268  0.706  0.244  0.867
 2002     37     38     39     38     38     38     38     38     39     39     39     38
 2003  1.080  0.592  0.533  0.632  0.900  0.632  0.624  0.997  0.737  1.003  0.711  1.248  0.807
 2003     38     38     38     38     38     39     38     37     38     39     38     38
 2004  0.946  1.386  1.238  0.867  0.498  0.540  0.497  0.594  0.638  0.831  1.236  0.632  0.825
 2004     39     39     38     38     37     37     38     37     38     37     37     38
 2005  0.958  0.381  0.893  1.102  0.747  0.926  0.938  0.705  1.085  1.128  1.168  0.746  0.898
 2005     38     37     37     37     38     38     38     38     38     37     40     39
 2006  0.528  0.971  0.855  0.758  0.707  1.029  0.866  0.797  0.753  1.090  0.907  1.461  0.894
 2006     37     40     39     39     38     39     39     38     38     38     39     37
 2007  1.909  1.288  1.126  1.124  0.963  0.830  0.764  0.944  0.775  0.972  0.812  0.923  1.036
 2007     39     39     39     39     38     41     39     39     41     39     39     39
 2008  0.039  0.600  1.781  0.861  0.618  0.731  0.682  0.660  0.519  0.915  1.010  0.711  0.761
 2008     39     39     39     41     40     40     39     40     40     40     40     39
 2009  0.818  1.086  0.794  0.826  0.747  0.744  0.689  0.792  0.951  0.000  0.000  0.000  0.827
 2009     38     38     38     36     37     38     38     38     36      0      0      0
