 1850 -0.763 -0.132 -0.810 -0.533 -0.460 -0.096 -0.176 -0.179 -0.423 -0.596 -0.295 -0.293 -0.396
 1850     25     23     22     22     23     24     26     26     31     30     30     26
 1851 -0.244 -0.470 -0.653 -0.416 -0.291 -0.120 -0.240 -0.129 -0.005  0.022 -0.120 -0.078 -0.229
 1851     24     21     21     24     23     22     26     26     23     25     24     23
 1852  0.030 -0.348 -0.481 -0.593 -0.136  0.132 -0.129 -0.010 -0.079 -0.197 -0.246  0.263 -0.149
 1852     23     24     24     27     26     28     28     25     28     28     26     25
 1853  0.132 -0.121 -0.322 -0.322 -0.188 -0.063 -0.094 -0.202 -0.393 -0.420 -0.293 -0.424 -0.226
 1853     26     29     29     24     28     30     27     30     28     32     26     28
 1854 -0.321 -0.208 -0.035 -0.249 -0.013 -0.170  0.031  0.139 -0.087 -0.062 -0.435  0.074 -0.112
 1854     28     28     30     31     31     28     30     32     29     31     28     27
 1855 -0.010 -0.511 -0.206  0.093 -0.222 -0.071 -0.135 -0.185 -0.308 -0.084 -0.231 -0.807 -0.223
 1855     27     29     26     28     32     30     32     30     27     26     25     23
 1856 -0.246 -0.404 -0.705 -0.347 -0.066 -0.160 -0.363 -0.372 -0.442 -0.386 -0.899 -0.609 -0.417
 1856     23     29     25     23     30     28     27     27     24     26     32     29
 1857 -0.645 -0.152 -0.422 -0.698 -0.573 -0.229 -0.460 -0.184 -0.387 -0.515 -0.743 -0.197 -0.434
 1857     26     24     27     22     25     24     23     25     26     25     25     21
 1858 -0.258 -0.898 -0.693 -0.291 -0.456 -0.409 -0.248 -0.420 -0.519 -0.025 -0.913 -0.267 -0.450
 1858     22     25     23     25     24     24     24     25     24     25     25     26
 1859 -0.276 -0.070 -0.237 -0.087 -0.180 -0.179 -0.210  0.047 -0.631 -0.325 -0.454 -0.817 -0.285
 1859     21     21     25     21     23     18     21     18     19     21     18     21
 1860 -0.234 -0.674 -0.783 -0.312 -0.202 -0.243  0.057 -0.085 -0.240 -0.065 -0.696 -0.955 -0.369
 1860     20     22     18     20     15     16     18     21     18     18     17     16
 1861 -1.337 -0.408 -0.221 -0.381 -0.690  0.084  0.157  0.067 -0.325 -0.191 -0.229 -0.003 -0.290
 1861     16     16     13     14     14     12     12     16     14     14     13     12
 1862 -0.906 -1.147 -0.669 -0.319 -0.350 -0.503 -0.411 -0.680 -0.323 -0.436 -1.088 -1.089 -0.660
 1862     13     13     14     14     14     16     16     14     14     12     11     11
 1863  0.649  0.041 -0.460 -0.223 -0.073 -0.357 -0.516 -0.362 -0.261 -0.593 -0.431 -0.159 -0.229
 1863     13     13     13     13     14     14     12     13     11     12     12     12
 1864 -1.098 -0.669 -0.665 -0.588 -0.462  0.071  0.125  0.003 -0.413 -1.009 -0.769 -0.897 -0.531
 1864     13     14     15     15     12     16     13     13     12     13     15     14
 1865 -0.062 -0.942 -1.040 -0.235 -0.020 -0.013  0.032 -0.294  0.315 -0.343 -0.083 -0.386 -0.256
 1865     14     11     13     15     14     13     13     13     12     11     12     13
 1866  0.140 -0.094 -0.703 -0.227 -0.856  0.271 -0.036 -0.324 -0.220 -0.644 -0.437 -0.297 -0.286
 1866     15     16     15     14     12     13     13     13     13     13     12     12
 1867 -0.490  0.466 -1.038 -0.348 -0.719 -0.239 -0.280 -0.082 -0.074 -0.285 -0.287 -0.757 -0.344
 1867     15     14     14     14     14     14     15     13     13     13     13     15
 1868 -0.941 -0.610 -0.062 -0.331  0.184  0.271  0.624  0.036 -0.300 -0.445 -0.838  0.012 -0.200
 1868     12     12     13     16     14     13     15     13     14     14     15     15
 1869 -0.010  0.582 -0.769 -0.211 -0.098 -0.262  0.031  0.035 -0.202 -0.609 -0.523 -0.319 -0.196
 1869     14     17     19     18     19     20     18     19     18     17     17     18
 1870  0.104 -0.470 -0.536 -0.182  0.148  0.016  0.108 -0.152 -0.192 -0.330 -0.110 -1.057 -0.221
 1870     19     22     25     21     19     21     21     19     18     16     21     18
 1871 -0.664 -0.823  0.086  0.037 -0.216 -0.100  0.112 -0.120 -0.532 -0.492 -0.976 -0.852 -0.378
 1871     16     16     18     20     19     20     18     21     18     18     16     18
 1872 -0.375 -0.489 -0.546 -0.083  0.080 -0.022  0.043  0.112  0.041 -0.172 -0.544 -0.535 -0.207
 1872     18     20     20     20     19     21     21     19     21     21     23     23
 1873  0.000 -0.557 -0.375 -0.721 -0.533 -0.203 -0.120 -0.090 -0.290 -0.454 -0.447 -0.066 -0.321
 1873     22     19     20     19     22     23     19     24     21     20     21     22
 1874  0.429 -0.380 -0.735 -0.576 -0.338 -0.072 -0.124 -0.291 -0.004 -0.388 -0.676 -0.535 -0.308
 1874     18     23     23     22     20     21     24     22     21     25     23     25
 1875 -0.921 -1.102 -0.945 -0.667 -0.126 -0.080 -0.192 -0.152 -0.376 -0.410 -0.775 -0.578 -0.527
 1875     24     22     29     27     27     28     24     27     21     24     24     25
 1876 -0.319 -0.235 -0.565 -0.368 -0.680  0.003  0.135 -0.061 -0.299 -0.489 -0.691 -0.853 -0.369
 1876     25     26     25     26     25     26     25     26     24     23     26     23
 1877 -0.257  0.138 -0.527 -0.450 -0.383  0.130  0.192  0.341  0.099 -0.091  0.204  0.460 -0.012
 1877     22     23     24     25     24     24     26     24     25     26     26     27
 1878  0.129  0.544  0.464  0.547  0.047  0.372  0.061  0.174  0.159 -0.029  0.015 -0.359  0.177
 1878     28     29     26     27     26     28     28     31     28     27     28     30
 1879 -0.140 -0.037 -0.082 -0.216  0.024 -0.142 -0.170 -0.328 -0.316 -0.109 -0.745 -0.800 -0.255
 1879     24     28     28     28     29     30     27     30     29     27     26     28
 1880  0.222 -0.369 -0.273 -0.106 -0.128 -0.190 -0.241 -0.187 -0.268 -0.469 -0.754 -0.544 -0.276
 1880     25     31     29     27     27     30     32     32     31     33     33     33
 1881 -0.585 -0.310 -0.405 -0.253  0.014 -0.186 -0.097 -0.074 -0.297 -0.496 -0.724 -0.167 -0.298
 1881     33     35     33     32     33     35     32     32     37     33     34     31
 1882  0.247 -0.033  0.008 -0.407 -0.487 -0.364 -0.251 -0.260 -0.181 -0.433 -0.509 -0.618 -0.274
 1882     35     36     33     33     36     33     38     33     36     35     34     32
 1883 -0.798 -0.571 -0.586 -0.327 -0.309 -0.045 -0.142 -0.181 -0.334 -0.420 -0.439 -0.204 -0.363
 1883     37     38     37     33     34     33     35     34     35     37     35     38
 1884 -0.322 -0.259 -0.547 -0.740 -0.338 -0.360 -0.322 -0.455 -0.405 -0.291 -0.856 -0.570 -0.456
 1884     33     36     32     33     38     34     38     35     37     35     33     33
 1885 -0.751 -0.604 -0.478 -0.489 -0.506 -0.460 -0.181 -0.351 -0.317 -0.346 -0.423 -0.094 -0.417
 1885     36     35     34     34     32     29     32     35     37     37     32     37
 1886 -0.564 -0.637 -0.569 -0.185 -0.027 -0.223 -0.062 -0.194 -0.165 -0.290 -0.474 -0.179 -0.297
 1886     37     33     39     33     34     37     39     40     37     39     38     36
 1887 -0.577 -0.506 -0.317 -0.394 -0.102 -0.180 -0.065 -0.306 -0.172 -0.443 -0.342 -0.257 -0.305
 1887     37     37     36     40     35     37     39     40     39     37     40     40
 1888 -0.671 -0.518 -0.652 -0.014 -0.213 -0.061 -0.240 -0.221 -0.180 -0.077 -0.276 -0.203 -0.277
 1888     36     37     40     42     41     41     40     43     38     41     39     39
 1889 -0.235 -0.193 -0.145  0.107  0.020  0.009 -0.168 -0.158 -0.347 -0.258 -0.526 -0.038 -0.161
 1889     39     40     40     40     42     39     40     42     38     39     37     39
 1890 -0.232 -0.282 -0.359 -0.221 -0.347 -0.331 -0.420 -0.435 -0.411 -0.464 -0.614 -0.439 -0.380
 1890     40     39     37     36     38     39     38     40     37     39     37     37
 1891 -0.592 -0.637 -0.483 -0.383 -0.220 -0.189 -0.193 -0.213 -0.034 -0.313 -0.771  0.092 -0.328
 1891     39     37     39     38     39     38     38     37     36     35     40     37
 1892 -0.495 -0.103 -0.621 -0.550 -0.432 -0.298 -0.446 -0.363 -0.219 -0.422 -0.871 -0.995 -0.484
 1892     39     39     42     38     37     38     38     39     42     40     41     39
 1893 -1.486 -1.103 -0.574 -0.548 -0.644 -0.304 -0.137 -0.291 -0.422 -0.272 -0.551 -0.376 -0.559
 1893     39     41     39     40     40     41     40     42     41     39     40     38
 1894 -0.610 -0.524 -0.358 -0.358 -0.339 -0.463 -0.213 -0.258 -0.367 -0.461 -0.533 -0.415 -0.408
 1894     41     40     39     39     38     42     39     41     44     39     40     40
 1895 -0.669 -1.044 -0.693 -0.382 -0.292 -0.314 -0.295 -0.312 -0.048 -0.249 -0.288 -0.331 -0.410
 1895     42     40     38     37     41     37     39     41     40     43     40     42
 1896 -0.288 -0.265 -0.585 -0.450 -0.073  0.078 -0.019 -0.022  0.004 -0.028 -0.495 -0.039 -0.182
 1896     43     43     39     42     40     43     45     45     46     44     45     44
 1897 -0.311 -0.232 -0.516 -0.048  0.076 -0.110  0.019 -0.057  0.012 -0.144 -0.501 -0.523 -0.195
 1897     41     42     39     42     46     44     42     45     47     43     43     46
 1898  0.098 -0.317 -0.882 -0.468 -0.327 -0.162 -0.178 -0.176 -0.180 -0.471 -0.410 -0.239 -0.309
 1898     46     43     46     42     48     46     47     48     46     47     43     46
 1899 -0.019 -0.675 -0.790 -0.264 -0.275 -0.419 -0.156 -0.109 -0.072 -0.009  0.290 -0.540 -0.253
 1899     45     44     44     46     45     46     46     49     49     45     44     47
 1900 -0.247 -0.382 -0.230 -0.195 -0.145  0.007 -0.130 -0.045 -0.121  0.241 -0.240  0.141 -0.112
 1900     42     42     41     42     43     44     47     46     46     45     46     45
 1901 -0.118 -0.248 -0.152 -0.068 -0.133 -0.038  0.070 -0.045 -0.317 -0.238 -0.373 -0.511 -0.181
 1901     46     50     46     49     45     46     46     47     48     46     44     45
 1902 -0.056 -0.279 -0.451 -0.565 -0.445 -0.452 -0.456 -0.266 -0.338 -0.359 -0.504 -0.641 -0.401
 1902     46     46     49     50     48     51     51     54     52     49     51     50
 1903 -0.062 -0.009 -0.274 -0.415 -0.467 -0.527 -0.461 -0.613 -0.526 -0.585 -0.607 -0.654 -0.433
 1903     46     48     48     45     49     50     50     51     50     49     46     50
 1904 -0.747 -0.664 -0.704 -0.644 -0.541 -0.553 -0.596 -0.490 -0.489 -0.338 -0.222 -0.350 -0.528
 1904     47     49     48     50     49     48     48     49     50     49     48     48
 1905 -0.580 -0.890 -0.605 -0.672 -0.330 -0.274 -0.141 -0.231 -0.164 -0.324 -0.109 -0.222 -0.379
 1905     50     52     51     53     53     53     55     53     52     51     55     53
 1906 -0.142 -0.393 -0.331 -0.078 -0.229 -0.200 -0.266 -0.260 -0.285 -0.293 -0.518 -0.178 -0.264
 1906     51     54     54     52     53     54     54     58     51     54     54     52
 1907 -0.508 -0.628 -0.434 -0.690 -0.655 -0.570 -0.319 -0.543 -0.436 -0.366 -0.632 -0.492 -0.523
 1907     55     55     50     53     52     55     54     55     55     55     59     57
 1908 -0.434 -0.469 -0.790 -0.507 -0.495 -0.395 -0.450 -0.408 -0.343 -0.545 -0.656 -0.578 -0.506
 1908     54     54     54     54     55     54     55     57     56     58     56     56
 1909 -0.529 -0.576 -0.763 -0.722 -0.577 -0.468 -0.486 -0.328 -0.252 -0.361 -0.279 -0.661 -0.500
 1909     55     54     55     53     56     54     59     53     55     55     55     54
 1910 -0.262 -0.577 -0.359 -0.447 -0.544 -0.535 -0.425 -0.469 -0.402 -0.434 -0.682 -0.691 -0.486
 1910     57     54     55     54     53     58     56     57     56     59     57     56
 1911 -0.509 -0.758 -0.663 -0.670 -0.481 -0.338 -0.399 -0.356 -0.248 -0.418 -0.393 -0.377 -0.467
 1911     56     59     57     56     56     53     55     60     54     59     56     57
 1912 -0.507 -0.385 -0.601 -0.405 -0.321 -0.202 -0.465 -0.618 -0.688 -0.843 -0.661 -0.616 -0.526
 1912     60     59     58     56     59     58     59     61     60     61     62     62
 1913 -0.548 -0.781 -0.682 -0.589 -0.656 -0.635 -0.597 -0.437 -0.514 -0.528 -0.257 -0.142 -0.530
 1913     62     64     67     66     65     65     65     64     65     66     67     66
 1914  0.026 -0.268 -0.434 -0.475 -0.247 -0.328 -0.350 -0.297 -0.325 -0.197 -0.363 -0.373 -0.302
 1914     64     66     65     64     63     63     62     62     60     63     65     64
 1915 -0.169 -0.123 -0.503 -0.147 -0.298 -0.181 -0.086 -0.065 -0.118 -0.285 -0.127 -0.236 -0.195
 1915     62     62     63     61     61     60     63     64     63     59     57     59
 1916 -0.239 -0.256 -0.579 -0.396 -0.495 -0.517 -0.224 -0.393 -0.469 -0.426 -0.486 -0.807 -0.441
 1916     58     60     59     59     61     60     61     62     60     60     61     59
 1917 -0.668 -0.891 -0.913 -0.564 -0.748 -0.358 -0.322 -0.240 -0.203 -0.477 -0.270 -0.845 -0.542
 1917     62     58     58     60     59     59     60     61     59     63     57     58
 1918 -0.573 -0.519 -0.468 -0.534 -0.514 -0.469 -0.394 -0.372 -0.376 -0.103 -0.323 -0.374 -0.418
 1918     60     61     59     57     55     56     58     60     55     56     54     56
 1919 -0.273 -0.356 -0.585 -0.276 -0.559 -0.379 -0.342 -0.377 -0.202 -0.341 -0.706 -0.724 -0.427
 1919     55     58     56     58     60     59     59     58     58     59     60     57
 1920 -0.313 -0.420 -0.142 -0.460 -0.265 -0.300 -0.234 -0.300 -0.311 -0.390 -0.545 -0.492 -0.348
 1920     57     58     59     59     58     60     63     62     61     63     59     61
 1921 -0.003 -0.233 -0.253 -0.134 -0.175 -0.085 -0.079 -0.250 -0.226 -0.152 -0.549 -0.200 -0.195
 1921     63     63     63     62     62     62     61     65     62     63     64     65
 1922 -0.433 -0.485 -0.264 -0.310 -0.248 -0.243 -0.323 -0.261 -0.331 -0.362 -0.324 -0.362 -0.329
 1922     65     65     64     65     63     64     65     65     65     63     67     68
 1923 -0.175 -0.696 -0.597 -0.666 -0.295 -0.296 -0.334 -0.383 -0.230 -0.175  0.082  0.047 -0.310
 1923     66     65     67     66     66     69     70     70     69     69     67     68
 1924 -0.338 -0.213 -0.363 -0.344 -0.240 -0.208 -0.250 -0.210 -0.204 -0.193 -0.252 -0.599 -0.285
 1924     67     68     70     67     70     70     70     71     72     68     69     66
 1925 -0.325 -0.179 -0.218 -0.181 -0.180 -0.247 -0.183 -0.119 -0.009 -0.322 -0.109  0.020 -0.171
 1925     68     68     68     70     69     67     68     70     69     69     69     69
 1926  0.241  0.082 -0.086 -0.265 -0.206 -0.123 -0.198 -0.059 -0.035 -0.021  0.008 -0.159 -0.068
 1926     70     69     70     68     68     70     71     71     71     71     70     69
 1927 -0.192 -0.155 -0.346 -0.275 -0.208 -0.118 -0.101 -0.021 -0.014  0.160 -0.110 -0.467 -0.154
 1927     69     70     72     72     71     70     72     73     74     71     71     71
 1928  0.040 -0.128 -0.397 -0.401 -0.170 -0.345 -0.090 -0.193 -0.095 -0.099 -0.138 -0.185 -0.183
 1928     70     70     71     70     70     70     71     74     72     72     72     71
 1929 -0.565 -0.939 -0.423 -0.385 -0.289 -0.316 -0.248 -0.068 -0.148 -0.030 -0.077 -0.525 -0.334
 1929     71     73     72     72     72     73     72     74     74     73     73     73
 1930 -0.278 -0.100 -0.061 -0.098 -0.189 -0.144 -0.015  0.158  0.105  0.054  0.202  0.026 -0.028
 1930     72     72     73     72     72     73     74     75     73     73     71     72
 1931  0.075 -0.249 -0.128 -0.146 -0.115  0.080  0.078  0.108  0.141  0.188 -0.004  0.003  0.003
 1931     72     72     72     73     73     74     74     74     74     72     72     71
 1932  0.339 -0.219 -0.391 -0.041 -0.119 -0.071 -0.032  0.060  0.109  0.079 -0.193 -0.143 -0.052
 1932     72     73     72     73     74     74     73     76     74     73     70     72
 1933 -0.303 -0.449 -0.366 -0.208 -0.219 -0.220 -0.021 -0.080 -0.148 -0.124 -0.226 -0.530 -0.241
 1933     72     69     71     73     72     71     73     77     76     75     76     72
 1934 -0.199  0.064 -0.432 -0.274  0.023  0.003  0.017  0.015 -0.054  0.031  0.132 -0.037 -0.059
 1934     74     71     74     74     74     74     77     77     75     73     74     74
 1935 -0.272  0.393 -0.152 -0.252 -0.227 -0.131 -0.003  0.039 -0.035  0.124 -0.343 -0.170 -0.086
 1935     74     74     72     74     75     76     77     77     76     76     75     75
 1936 -0.235 -0.485 -0.182 -0.121  0.025  0.088  0.181  0.161  0.142  0.005 -0.006  0.124 -0.025
 1936     76     76     76     75     77     76     77     78     77     77     76     75
 1937 -0.181  0.085 -0.288 -0.078  0.052  0.166  0.260  0.296  0.363  0.357  0.137 -0.053  0.093
 1937     75     75     75     76     75     77     79     79     77     76     75     74
 1938  0.190  0.249  0.254  0.252  0.022 -0.005  0.107  0.244  0.265  0.277  0.159 -0.323  0.141
 1938     75     74     75     74     76     77     77     77     76     74     76     75
 1939 -0.040  0.010 -0.243 -0.048  0.048  0.063  0.174  0.225  0.260 -0.004  0.229  0.647  0.110
 1939     74     74     74     76     76     76     77     76     76     75     74     73
 1940 -0.483 -0.108 -0.115  0.063 -0.048  0.038  0.132  0.074  0.181  0.110  0.103  0.216  0.014
 1940     74     74     73     74     75     74     75     77     71     72     73     74
 1941  0.007  0.234 -0.098  0.059  0.023  0.164  0.209  0.132  0.049  0.339  0.035 -0.060  0.091
 1941     73     75     75     75     75     77     78     80     77     79     75     62
 1942  0.045 -0.163 -0.178 -0.064 -0.069  0.058  0.015 -0.093  0.074  0.212  0.080  0.002 -0.007
 1942     64     66     64     67     66     66     67     65     60     62     64     59
 1943 -0.338  0.169 -0.288  0.140  0.162 -0.106  0.031  0.104  0.095  0.311  0.115  0.373  0.064
 1943     59     60     62     61     60     62     62     66     66     65     64     66
 1944  0.571  0.395  0.129 -0.048  0.179  0.054  0.091  0.180  0.334  0.334 -0.042 -0.221  0.163
 1944     70     68     70     72     70     71     71     71     70     70     70     67
 1945 -0.042 -0.219 -0.074  0.056 -0.133 -0.028 -0.018  0.233  0.106  0.177  0.031 -0.347 -0.022
 1945     67     70     68     66     67     68     66     69     65     66     70     72
 1946  0.274  0.179 -0.086  0.185 -0.181 -0.183 -0.067 -0.049  0.019 -0.062 -0.081 -0.522 -0.048
 1946     66     66     63     66     63     66     68     70     65     67     71     66
 1947 -0.350 -0.311 -0.088  0.011 -0.191 -0.156 -0.129 -0.068 -0.031  0.188 -0.053 -0.182 -0.113
 1947     68     71     71     70     70     69     73     74     70     67     69     69
 1948  0.308 -0.196 -0.362 -0.035  0.084  0.102 -0.069  0.022 -0.053 -0.036 -0.130 -0.325 -0.058
 1948     69     66     69     66     66     69     70     70     70     71     70     68
 1949  0.257 -0.152 -0.304 -0.084 -0.057 -0.255 -0.176 -0.015 -0.183 -0.017 -0.027 -0.355 -0.114
 1949     76     75     76     75     77     78     79     79     80     79     79     78
 1950 -0.539 -0.296 -0.197 -0.257 -0.138 -0.205 -0.267 -0.235 -0.128 -0.125 -0.506 -0.150 -0.254
 1950     76     78     80     79     80     79     78     80     78     77     78     78
 1951 -0.364 -0.608 -0.361 -0.059  0.059 -0.033  0.043  0.257  0.227  0.141  0.004  0.354 -0.028
 1951     80     81     83     82     81     82     82     86     83     83     83     82
 1952  0.177  0.058 -0.356  0.028  0.026  0.117  0.081  0.075  0.113 -0.041 -0.375 -0.081 -0.015
 1952     82     83     82     85     84     83     85     86     84     84     84     82
 1953  0.125  0.193  0.154  0.180  0.088  0.147  0.122  0.171  0.116  0.148 -0.166  0.092  0.114
 1953     83     84     83     83     84     85     85     87     86     85     86     84
 1954 -0.351 -0.116 -0.313 -0.228 -0.240 -0.062 -0.117 -0.038  0.006 -0.009  0.098 -0.254 -0.135
 1954     84     83     85     84     84     86     86     86     87     87     86     83
 1955  0.243 -0.117 -0.524 -0.302 -0.115 -0.115 -0.067  0.034 -0.082 -0.014 -0.271 -0.280 -0.134
 1955     84     84     86     84     85     86     87     88     88     88     86     85
 1956 -0.161 -0.458 -0.402 -0.308 -0.286 -0.270 -0.291 -0.249 -0.358 -0.233 -0.380 -0.344 -0.312
 1956     84     85     85     86     86     86     86     88     89     88     87     87
 1957 -0.282 -0.194 -0.291 -0.164 -0.094  0.007  0.011  0.126  0.129 -0.014  0.098  0.358 -0.026
 1957     88     87     88     88     87     87     88     90     89     89     88     86
 1958  0.486  0.270  0.052  0.023  0.020  0.016 -0.038  0.076 -0.012  0.052  0.081  0.140  0.097
 1958     86     88     88     89     89     89     89     91     90     89     88     87
 1959  0.175  0.071  0.091  0.046 -0.046  0.046 -0.022  0.033  0.060 -0.144 -0.321 -0.078 -0.007
 1959     88     89     88     89     89     89     89     89     90     89     89     89
 1960 -0.034  0.339 -0.532 -0.191 -0.167  0.051  0.032  0.032  0.065 -0.030 -0.180  0.208 -0.034
 1960     89     89     89     89     90     89     89     91     90     90     89     89
 1961  0.133  0.238  0.136  0.046  0.037  0.106  0.026  0.060 -0.100 -0.096 -0.026 -0.127  0.036
 1961     89     89     89     89     90     90     90     91     90     90     88     89
 1962  0.174  0.294  0.066  0.079  0.036 -0.106  0.119  0.069  0.024  0.130  0.029  0.172  0.090
 1962     89     89     90     89     89     89     90     90     91     90     89     89
 1963  0.058  0.470 -0.127 -0.045 -0.039 -0.036  0.125  0.182  0.166  0.404  0.351  0.084  0.133
 1963     89     90     90     90     90     90     90     91     91     90     89     89
 1964  0.065 -0.244 -0.409 -0.302 -0.109 -0.112 -0.106 -0.266 -0.335 -0.309 -0.192 -0.349 -0.222
 1964     90     90     90     90     90     90     91     92     92     91     90     90
 1965 -0.102 -0.436 -0.241 -0.351 -0.193 -0.224 -0.200 -0.222 -0.198  0.012 -0.104 -0.015 -0.190
 1965     90     91     90     91     91     91     91     92     92     91     91     90
 1966 -0.091  0.028  0.024 -0.201 -0.120 -0.012  0.069  0.084  0.050  0.023 -0.112 -0.328 -0.049
 1966     91     91     91     91     91     91     92     93     93     92     91     90
 1967 -0.173 -0.285 -0.034  0.006  0.103 -0.062 -0.017  0.061 -0.051  0.191 -0.047 -0.031 -0.028
 1967     91     91     91     91     92     92     93     93     94     92     91     91
 1968 -0.303 -0.203  0.246 -0.121 -0.058 -0.033 -0.071 -0.068 -0.054 -0.015 -0.082 -0.222 -0.082
 1968     91     90     91     91     91     92     93     94     94     92     91     91
 1969 -0.544 -0.401 -0.113  0.058  0.026 -0.066 -0.007 -0.010  0.013 -0.030  0.131  0.234 -0.059
 1969     91     91     91     91     92     92     93     93     93     92     91     91
 1970 -0.014  0.198 -0.190  0.048 -0.068 -0.052 -0.082 -0.050 -0.098 -0.156 -0.086 -0.248 -0.067
 1970     91     91     91     91     92     92     93     93     94     93     92     91
 1971 -0.021 -0.340 -0.356 -0.229 -0.210 -0.216 -0.186 -0.217 -0.212 -0.188 -0.002 -0.157 -0.194
 1971     91     90     91     91     91     92     92     93     93     92     91     91
 1972 -0.674 -0.600 -0.229 -0.093 -0.158 -0.075 -0.082 -0.049 -0.255 -0.089 -0.154 -0.071 -0.211
 1972     91     91     91     91     91     91     91     93     92     92     91     90
 1973  0.069  0.319  0.193  0.109  0.069  0.097 -0.020 -0.031 -0.118 -0.086 -0.104 -0.023  0.039
 1973     90     90     91     90     91     91     91     93     92     92     91     91
 1974 -0.471 -0.436 -0.221 -0.168 -0.247 -0.184 -0.143 -0.145 -0.171 -0.232 -0.238 -0.298 -0.246
 1974     91     91     91     91     91     90     91     93     92     92     91     91
 1975  0.061 -0.025  0.033 -0.043 -0.103 -0.149 -0.151 -0.179 -0.151 -0.260 -0.382 -0.335 -0.140
 1975     91     90     90     90     91     91     92     93     92     91     90     90
 1976 -0.070 -0.331 -0.553 -0.158 -0.302 -0.297 -0.297 -0.207 -0.193 -0.465 -0.365 -0.283 -0.294
 1976     90     91     91     91     91     91     92     93     92     92     90     90
 1977 -0.433  0.001  0.178  0.126  0.059  0.127 -0.005 -0.033  0.108 -0.069  0.197 -0.085  0.014
 1977     90     90     90     90     91     91     92     92     92     92     91     90
 1978  0.090  0.034  0.039  0.014 -0.169 -0.171 -0.129 -0.193 -0.058 -0.063  0.077 -0.082 -0.051
 1978     90     90     91     90     91     90     92     93     92     91     90     90
 1979 -0.082 -0.192  0.030 -0.180 -0.065  0.023  0.008 -0.015  0.109  0.149  0.105  0.453  0.029
 1979     90     89     90     90     90     90     90     92     92     91     90     90
 1980  0.070  0.148 -0.174  0.080  0.116  0.119  0.098  0.020  0.014  0.001  0.230  0.064  0.066
 1980     90     89     90     90     90     90     91     92     92     91     91     90
 1981  0.507  0.380  0.403  0.178  0.069  0.168  0.102  0.110  0.090  0.083  0.087  0.351  0.211
 1981     90     91     91     90     90     91     92     93     92     92     91     90
 1982 -0.131 -0.002 -0.147  0.076  0.043 -0.037 -0.029 -0.107  0.021  0.000 -0.093  0.248 -0.013
 1982     89     90     90     90     90     90     91     93     92     92     91     90
 1983  0.445  0.263  0.135  0.008 -0.010  0.053  0.155  0.191  0.167  0.074  0.381  0.058  0.160
 1983     89     90     90     91     90     91     92     93     92     91     91     90
 1984  0.117 -0.103  0.075 -0.066  0.100 -0.062 -0.002  0.023 -0.090 -0.142 -0.290 -0.629 -0.089
 1984     90     90     90     90     90     91     92     92     92     91     91     91
 1985 -0.062 -0.431 -0.211 -0.139 -0.083 -0.079 -0.182 -0.061 -0.100 -0.084 -0.155 -0.023 -0.134
 1985     90     90     90     90     90     90     92     93     93     92     91     90
 1986  0.238  0.085  0.025  0.047  0.019  0.038 -0.056 -0.017 -0.044 -0.030 -0.141 -0.022  0.012
 1986     90     90     90     90     90     90     91     91     92     91     91     91
 1987  0.095  0.396 -0.134 -0.064  0.152  0.088  0.191  0.244  0.295  0.106  0.067  0.456  0.158
 1987     90     90     90     90     90     91     92     93     93     92     91     91
 1988  0.386  0.146  0.259  0.308  0.164  0.278  0.275  0.175  0.149  0.122  0.021  0.233  0.210
 1988     90     90     91     90     90     91     91     92     92     92     91     90
 1989 -0.034  0.132  0.123  0.134  0.092  0.135  0.251  0.208  0.158  0.194  0.044  0.261  0.142
 1989     91     90     90     90     91     90     92     92     92     91     91     90
 1990  0.246  0.310  0.730  0.377  0.284  0.304  0.232  0.302  0.342  0.370  0.389  0.252  0.345
 1990     88     89     88     88     89     89     90     91     91     90     89     88
 1991  0.335  0.447  0.149  0.392  0.199  0.320  0.328  0.264  0.180  0.163  0.090  0.079  0.245
 1991     87     86     87     86     87     87     88     90     89     89     86     86
 1992  0.428  0.340  0.231  0.033  0.058  0.025 -0.103 -0.120 -0.210 -0.112 -0.153  0.029  0.037
 1992     86     87     86     86     87     87     87     88     89     88     87     86
 1993  0.276  0.275  0.204  0.078  0.157  0.103  0.032 -0.006 -0.109  0.016 -0.246  0.171  0.079
 1993     86     87     86     87     87     86     87     89     89     87     87     86
 1994  0.208 -0.159  0.245  0.300  0.248  0.255  0.205  0.276  0.256  0.384  0.336  0.252  0.234
 1994     86     87     86     86     86     87     87     88     88     88     88     86
 1995  0.535  0.744  0.373  0.357  0.213  0.412  0.337  0.459  0.302  0.384  0.371  0.286  0.398
 1995     87     86     87     87     86     87     88     89     89     87     87     86
 1996  0.070  0.295  0.006  0.000  0.186  0.212  0.217  0.167  0.087  0.028  0.012  0.196  0.123
 1996     86     85     86     85     85     86     88     87     88     87     86     86
 1997  0.233  0.381  0.350  0.266  0.319  0.454  0.441  0.484  0.458  0.554  0.431  0.549  0.410
 1997     85     85     85     86     86     85     86     87     87     86     86     85
 1998  0.496  0.946  0.491  0.703  0.592  0.653  0.724  0.742  0.495  0.490  0.374  0.589  0.608
 1998     85     86     85     84     85     86     86     88     87     87     86     85
 1999  0.468  0.820  0.192  0.417  0.263  0.270  0.300  0.304  0.288  0.345  0.309  0.576  0.380
 1999     86     85     86     85     85     86     87     88     88     87     86     86
 2000  0.271  0.550  0.521  0.626  0.418  0.267  0.368  0.457  0.340  0.186  0.089  0.193  0.357
 2000     86     85     85     85     85     86     86     88     87     86     85     85
 2001  0.376  0.255  0.576  0.471  0.524  0.445  0.548  0.595  0.450  0.487  0.701  0.419  0.487
 2001     83     83     83     84     82     84     85     87     86     85     85     83
 2002  0.774  0.899  0.688  0.459  0.421  0.566  0.550  0.444  0.494  0.349  0.508  0.305  0.538
 2002     83     83     83     84     84     83     84     86     86     86     86     85
 2003  0.616  0.409  0.407  0.427  0.519  0.444  0.535  0.700  0.688  0.775  0.494  0.730  0.562
 2003     84     84     84     84     84     84     85     86     86     85     85     85
 2004  0.651  0.750  0.680  0.601  0.416  0.434  0.502  0.555  0.597  0.601  0.777  0.470  0.586
 2004     85     83     83     83     83     83     85     85     86     84     83     84
 2005  0.595  0.372  0.568  0.667  0.613  0.668  0.713  0.639  0.754  0.698  0.728  0.487  0.625
 2005     83     82     82     81     82     84     86     87     86     85     85     84
 2006  0.266  0.519  0.447  0.414  0.443  0.620  0.545  0.647  0.619  0.722  0.653  0.769  0.555
 2006     82     84     84     83     83     84     86     85     86     86     85     84
 2007  0.970  0.696  0.610  0.645  0.533  0.512  0.541  0.600  0.524  0.543  0.455  0.452  0.590
 2007     85     84     83     84     83     85     85     87     88     86     85     85
 2008  0.014  0.316  0.846  0.442  0.400  0.489  0.550  0.533  0.497  0.658  0.630  0.427  0.483
 2008     84     84     84     85     85     86     86     89     88     88     86     84
 2009  0.492  0.495  0.426  0.445  0.425  0.597  0.641  0.642  0.609  0.000  0.000  0.000  0.530
 2009     83     83     83     81     82     84     85     87     86      0      0      0
