 1850 -0.625 -0.598 -0.841 -0.632 -0.326 -0.528 -0.296 -0.503 -0.602 -0.420 -0.234 -0.358 -0.497
 1850     18     17     14     14     13     16     17     18     15     16     19     23
 1851 -0.461 -0.326 -0.368 -0.555 -0.494 -0.417 -0.309 -0.228 -0.419 -0.282 -0.155 -0.253 -0.356
 1851     20     22     18     17     16     18     17     19     13     14     12     17
 1852 -0.854 -0.689 -0.619 -0.638 -0.412 -0.354  0.007 -0.468 -0.339 -0.411 -0.247 -0.241 -0.439
 1852     21     21     19     18     20     19     18     20     15     15     18     24
 1853 -0.600 -0.706 -0.420 -0.475 -0.494 -0.456 -0.204 -0.266 -0.519 -0.493 -0.254 -0.503 -0.449
 1853     22     23     23     23     21     24     24     27     28     26     25     26
 1854 -0.488 -0.458 -0.594 -0.530 -0.582 -0.379 -0.605 -0.597 -0.220 -0.463 -0.454 -0.666 -0.503
 1854     29     30     27     24     26     27     27     31     26     29     30     29
 1855 -0.427 -0.347 -0.505 -0.578 -0.564 -0.447 -0.518 -0.232 -0.402 -0.476 -0.283 -0.259 -0.420
 1855     29     31     28     27     26     27     28     29     28     24     24     22
 1856 -0.219 -0.421 -0.378 -0.395 -0.274 -0.539 -0.333 -0.293 -0.509 -0.481 -0.439 -0.452 -0.395
 1856     26     25     25     28     24     24     23     27     28     29     29     23
 1857 -0.522 -0.538 -0.538 -0.644 -0.615 -0.451 -0.706 -0.547 -0.450 -0.573 -0.689 -0.598 -0.573
 1857     26     27     26     26     26     25     30     31     25     28     25     26
 1858 -0.802 -0.646 -0.514 -0.803 -0.986 -0.746 -0.530 -0.241 -0.263 -0.480 -0.456 -0.455 -0.577
 1858     30     26     30     27     26     22     21     22     23     17     19     24
 1859 -0.467 -0.429 -0.541 -0.412 -0.499 -0.383 -0.470 -0.351 -0.685 -0.347 -0.326 -0.039 -0.412
 1859     24     26     19     19     19     21     22     25     21     20     20     22
 1860 -0.182 -0.215 -0.428 -0.428 -0.502 -0.426 -0.377 -0.385 -0.302 -0.398 -0.338 -0.518 -0.375
 1860     28     19     23     22     24     20     20     20     18     18     19     18
 1861 -0.284 -0.546 -0.762 -0.369 -0.840 -0.428 -0.773 -0.413 -0.434 -0.603 -0.592 -0.378 -0.535
 1861     19     18     15     12     11     15     17     15     17     18     19     20
 1862 -0.549 -0.421 -0.222 -0.192 -0.149 -0.287 -0.398 -0.818 -0.571 -0.462 -0.491 -0.477 -0.420
 1862     17     17     16     17     20     18     18     18     20     19     16     15
 1863 -0.328 -0.192 -0.361 -0.266 -0.602 -0.546 -0.390 -0.438 -0.561 -0.300 -0.324 -0.492 -0.400
 1863     17     14     16     16     20     21     18     18     18     17     15     16
 1864 -0.797 -0.607 -0.495 -0.551 -0.383 -0.574 -0.449 -0.725 -0.505 -0.504 -0.166 -0.247 -0.500
 1864     17     17     15     15     17     18     19     22     16     17     17     18
 1865 -0.340 -0.290 -0.200 -0.123 -0.489 -0.490 -0.365 -0.230 -0.477 -0.331 -0.422 -0.310 -0.339
 1865     17     17     14     14     17     17     15     17     15     16     18     17
 1866 -0.272 -0.317 -0.593 -0.255 -0.281 -0.267 -0.094 -0.296 -0.407 -0.223 -0.312 -0.519 -0.320
 1866     18     15     13     16     15     16     17     15     15     14     16     17
 1867 -0.300 -0.455 -0.288 -0.147 -0.302 -0.345 -0.349 -0.424 -0.161 -0.229 -0.363 -0.512 -0.323
 1867     12     16     19     16     15     16     16     16     15     18     18     17
 1868 -0.601 -0.365 -0.105 -0.483 -0.372 -0.738 -0.457 -0.337 -0.234 -0.230 -0.281 -0.393 -0.383
 1868     18     16     19     16     19     20     23     23     27     25     26     22
 1869 -0.396 -0.236 -0.513 -0.305 -0.558 -0.585 -0.654 -0.412 -0.313 -0.386 -0.380 -0.421 -0.430
 1869     21     20     21     22     21     18     16     24     26     29     27     27
 1870 -0.283 -0.391 -0.440 -0.273 -0.476 -0.514 -0.182 -0.393 -0.413 -0.479 -0.349 -0.403 -0.383
 1870     30     29     26     25     23     27     28     26     25     22     23     25
 1871 -0.330 -0.191 -0.124 -0.342 -0.344 -0.323 -0.193 -0.398 -0.405 -0.567 -0.182 -0.316 -0.309
 1871     22     20     24     31     26     23     23     31     24     24     29     31
 1872 -0.322 -0.253 -0.405 -0.312 -0.266 -0.427 -0.305 -0.275 -0.369 -0.357 -0.034 -0.299 -0.302
 1872     32     26     24     27     30     28     24     29     28     27     24     33
 1873 -0.127 -0.222 -0.247 -0.377 -0.286 -0.353 -0.256 -0.271 -0.475 -0.465 -0.482 -0.532 -0.341
 1873     29     27     29     28     24     23     28     29     27     27     31     28
 1874 -0.401 -0.601 -0.458 -0.499 -0.580 -0.782 -0.210 -0.436 -0.443 -0.602 -0.465 -0.364 -0.487
 1874     29     26     29     30     24     24     25     25     27     32     28     29
 1875 -0.247 -0.155 -0.309 -0.266 -0.265 -0.446 -0.447 -0.315 -0.253 -0.385 -0.242 -0.388 -0.310
 1875     26     29     26     24     23     25     29     26     27     25     27     26
 1876 -0.286 -0.336 -0.325 -0.307 -0.410 -0.615 -0.458 -0.529 -0.643 -0.366 -0.492 -0.479 -0.437
 1876     27     28     28     20     25     31     30     26     21     28     28     30
 1877 -0.364  0.041 -0.097 -0.124 -0.557 -0.335 -0.250 -0.147 -0.094  0.100 -0.118 -0.100 -0.170
 1877     26     25     26     25     24     25     24     29     30     24     29     30
 1878  0.180  0.184  0.122  0.071 -0.281 -0.393 -0.167 -0.261 -0.202 -0.210 -0.291 -0.311 -0.130
 1878     28     26     25     26     25     25     27     31     30     27     31     31
 1879 -0.258 -0.284 -0.292 -0.291 -0.377 -0.304 -0.270 -0.159 -0.186 -0.322 -0.207 -0.350 -0.275
 1879     30     32     32     32     35     35     31     35     32     33     32     34
 1880 -0.242 -0.132 -0.078 -0.210 -0.371 -0.490 -0.351 -0.125 -0.239 -0.355 -0.198 -0.137 -0.244
 1880     38     34     31     31     30     35     35     36     32     34     35     38
 1881 -0.217 -0.212 -0.109 -0.120 -0.109 -0.307 -0.159 -0.227 -0.299 -0.144 -0.140 -0.197 -0.187
 1881     34     32     33     35     31     30     33     37     32     34     37     40
 1882 -0.138 -0.076 -0.106 -0.176 -0.301 -0.344 -0.244 -0.303 -0.087 -0.254 -0.205 -0.380 -0.218
 1882     37     35     38     40     36     36     37     37     35     35     33     37
 1883 -0.102 -0.101 -0.008 -0.391 -0.312 -0.113 -0.246 -0.212 -0.302 -0.357 -0.196 -0.443 -0.232
 1883     42     39     37     33     36     36     41     39     39     38     36     37
 1884 -0.354 -0.235 -0.207 -0.246 -0.363 -0.408 -0.439 -0.288 -0.184 -0.296 -0.328 -0.331 -0.307
 1884     38     41     37     42     38     40     39     41     38     38     38     40
 1885 -0.333 -0.398 -0.373 -0.423 -0.386 -0.525 -0.427 -0.357 -0.174 -0.201  0.021 -0.110 -0.307
 1885     41     39     34     34     35     34     39     40     34     34     31     39
 1886 -0.183 -0.313 -0.194 -0.157 -0.102 -0.305 -0.308 -0.169 -0.327 -0.301 -0.313 -0.356 -0.252
 1886     35     38     35     36     33     40     37     41     34     40     41     44
 1887 -0.265 -0.501 -0.407 -0.399 -0.474 -0.620 -0.403 -0.431 -0.432 -0.547 -0.529 -0.619 -0.469
 1887     43     42     39     40     39     37     41     45     39     37     40     37
 1888 -0.636 -0.505 -0.510 -0.478 -0.451 -0.469 -0.456 -0.361 -0.331 -0.214 -0.145 -0.196 -0.396
 1888     40     41     38     42     38     38     42     44     42     42     41     44
 1889 -0.041 -0.034 -0.004 -0.134 -0.233 -0.334 -0.261 -0.356 -0.384 -0.384 -0.296 -0.218 -0.223
 1889     41     43     38     38     37     40     38     38     37     37     38     39
 1890 -0.364 -0.429 -0.496 -0.443 -0.535 -0.484 -0.464 -0.478 -0.554 -0.594 -0.562 -0.374 -0.482
 1890     43     34     32     40     39     37     36     41     36     31     34     37
 1891 -0.458 -0.412 -0.338 -0.375 -0.278 -0.529 -0.583 -0.528 -0.401 -0.394 -0.423 -0.427 -0.429
 1891     35     35     29     29     34     31     27     28     29     27     34     34
 1892 -0.389 -0.217 -0.309 -0.484 -0.474 -0.627 -0.646 -0.561 -0.507 -0.543 -0.417 -0.633 -0.484
 1892     31     34     31     31     31     30     29     31     29     26     29     27
 1893 -0.454 -0.398 -0.251 -0.633 -0.570 -0.676 -0.463 -0.365 -0.500 -0.383 -0.367 -0.353 -0.451
 1893     30     30     33     33     31     26     29     34     35     34     30     31
 1894 -0.314 -0.344 -0.456 -0.505 -0.606 -0.553 -0.499 -0.504 -0.637 -0.522 -0.372 -0.433 -0.479
 1894     34     32     33     33     33     30     32     37     32     33     31     37
 1895 -0.332 -0.415 -0.431 -0.523 -0.593 -0.409 -0.490 -0.274 -0.466 -0.517 -0.348 -0.363 -0.430
 1895     36     34     34     33     35     40     34     41     38     38     36     39
 1896 -0.194 -0.196 -0.216 -0.264 -0.424 -0.371 -0.269 -0.203 -0.290 -0.276 -0.079 -0.102 -0.240
 1896     40     38     41     34     31     36     36     35     33     35     39     38
 1897 -0.211 -0.083 -0.098 -0.132 -0.227 -0.267 -0.397 -0.325 -0.359 -0.458 -0.480 -0.461 -0.292
 1897     34     35     35     37     39     36     35     38     39     39     37     32
 1898 -0.368 -0.473 -0.585 -0.697 -0.638 -0.499 -0.626 -0.520 -0.509 -0.670 -0.531 -0.538 -0.555
 1898     38     38     33     36     39     40     36     36     34     38     40     40
 1899 -0.437 -0.378 -0.345 -0.450 -0.398 -0.390 -0.493 -0.261 -0.289 -0.431 -0.247 -0.374 -0.374
 1899     36     36     38     35     39     39     37     41     41     37     40     39
 1900 -0.259 -0.028 -0.388 -0.338 -0.411 -0.376 -0.298 -0.405 -0.366 -0.449 -0.347 -0.345 -0.334
 1900     40     35     35     33     37     34     33     36     35     37     39     40
 1901 -0.291 -0.358 -0.459 -0.428 -0.333 -0.366 -0.504 -0.431 -0.451 -0.458 -0.545 -0.441 -0.422
 1901     41     41     41     38     37     36     34     39     40     40     39     39
 1902 -0.455 -0.347 -0.396 -0.398 -0.415 -0.516 -0.401 -0.534 -0.457 -0.635 -0.561 -0.427 -0.462
 1902     45     42     43     40     45     42     44     43     40     43     42     42
 1903 -0.514 -0.377 -0.476 -0.575 -0.543 -0.661 -0.536 -0.656 -0.623 -0.763 -0.634 -0.659 -0.585
 1903     41     44     42     44     43     47     47     46     47     40     43     47
 1904 -0.658 -0.623 -0.624 -0.514 -0.627 -0.570 -0.552 -0.548 -0.500 -0.668 -0.575 -0.498 -0.580
 1904     43     45     46     37     43     45     44     47     43     46     45     49
 1905 -0.440 -0.535 -0.393 -0.478 -0.437 -0.461 -0.507 -0.405 -0.512 -0.463 -0.429 -0.277 -0.445
 1905     45     41     42     40     44     43     44     44     42     45     49     46
 1906 -0.149 -0.149 -0.308 -0.225 -0.517 -0.479 -0.441 -0.463 -0.494 -0.517 -0.488 -0.503 -0.394
 1906     46     48     45     46     45     51     45     48     43     39     42     46
 1907 -0.418 -0.449 -0.319 -0.387 -0.555 -0.580 -0.540 -0.456 -0.477 -0.471 -0.593 -0.651 -0.491
 1907     49     44     43     44     45     44     46     50     49     42     46     48
 1908 -0.523 -0.505 -0.520 -0.638 -0.587 -0.643 -0.637 -0.696 -0.628 -0.718 -0.600 -0.644 -0.612
 1908     40     44     48     47     43     42     44     44     39     45     46     50
 1909 -0.662 -0.624 -0.644 -0.593 -0.672 -0.631 -0.730 -0.433 -0.513 -0.658 -0.667 -0.715 -0.629
 1909     48     45     47     49     45     47     50     51     47     50     49     51
 1910 -0.564 -0.611 -0.610 -0.524 -0.564 -0.587 -0.542 -0.542 -0.589 -0.675 -0.748 -0.758 -0.610
 1910     52     50     45     44     51     47     45     48     49     50     49     48
 1911 -0.667 -0.790 -0.775 -0.812 -0.799 -0.832 -0.686 -0.710 -0.799 -0.625 -0.501 -0.334 -0.694
 1911     55     52     53     48     48     47     50     53     41     45     48     47
 1912 -0.288 -0.398 -0.265 -0.372 -0.527 -0.540 -0.527 -0.569 -0.510 -0.546 -0.472 -0.449 -0.455
 1912     47     47     48     51     50     49     51     49     48     49     46     48
 1913 -0.519 -0.355 -0.505 -0.430 -0.460 -0.471 -0.409 -0.440 -0.436 -0.460 -0.416 -0.466 -0.447
 1913     52     57     55     46     51     54     51     54     56     56     50     50
 1914 -0.294 -0.357 -0.357 -0.388 -0.422 -0.336 -0.433 -0.239 -0.302 -0.251 -0.094 -0.227 -0.308
 1914     50     51     52     51     49     51     47     48     31     31     33     33
 1915 -0.180 -0.089 -0.012 -0.085 -0.251 -0.410 -0.244 -0.213 -0.279 -0.339 -0.254 -0.416 -0.231
 1915     33     31     31     35     33     31     31     30     32     34     33     39
 1916 -0.335 -0.217 -0.322 -0.369 -0.348 -0.555 -0.615 -0.389 -0.308 -0.445 -0.733 -0.495 -0.428
 1916     37     37     37     34     36     31     31     39     34     35     34     34
 1917 -0.740 -0.646 -0.801 -0.516 -0.637 -0.407 -0.020 -0.258 -0.124 -0.402 -0.614 -0.480 -0.470
 1917     31     31     34     31     27     31     27     28     30     33     29     26
 1918 -0.530 -0.646 -0.494 -0.550 -0.436 -0.255 -0.365 -0.462 -0.275 -0.253  0.084 -0.112 -0.358
 1918     31     29     30     26     23     26     27     30     27     24     22     23
 1919 -0.086  0.147 -0.139 -0.092 -0.089 -0.201 -0.423 -0.409 -0.357 -0.399 -0.512 -0.254 -0.235
 1919     21     23     23     22     30     31     30     28     26     28     33     30
 1920 -0.359 -0.652 -0.224 -0.207 -0.236 -0.220 -0.474 -0.293 -0.120 -0.207 -0.106 -0.257 -0.279
 1920     28     31     29     26     35     27     32     34     28     34     32     37
 1921 -0.439 -0.332 -0.408 -0.448 -0.280 -0.248 -0.307 -0.424 -0.188 -0.253 -0.232 -0.358 -0.326
 1921     39     39     39     40     40     39     38     45     40     41     40     41
 1922 -0.462 -0.270 -0.472 -0.358 -0.640 -0.529 -0.328 -0.488 -0.397 -0.423 -0.422 -0.400 -0.432
 1922     40     46     46     43     43     47     49     50     50     43     49     47
 1923 -0.433 -0.273 -0.319 -0.210 -0.430 -0.299 -0.572 -0.471 -0.555 -0.566 -0.285 -0.190 -0.383
 1923     52     51     54     45     48     51     51     51     50     49     49     48
 1924 -0.383 -0.273 -0.312 -0.355 -0.407 -0.416 -0.473 -0.391 -0.559 -0.479 -0.563 -0.609 -0.435
 1924     48     53     49     46     51     46     50     52     50     43     49     49
 1925 -0.648 -0.484 -0.316 -0.450 -0.468 -0.372 -0.355 -0.241 -0.445 -0.425 -0.185 -0.138 -0.377
 1925     49     51     46     47     49     44     47     48     42     45     52     47
 1926 -0.241 -0.336 -0.071 -0.183 -0.275 -0.187 -0.438 -0.122 -0.267 -0.270 -0.351 -0.322 -0.255
 1926     50     52     48     45     47     47     49     44     48     51     50     45
 1927 -0.375 -0.276 -0.373 -0.301 -0.347 -0.387 -0.304 -0.346 -0.330 -0.356 -0.418 -0.428 -0.353
 1927     48     54     56     55     56     55     50     55     52     53     54     51
 1928 -0.332 -0.338 -0.419 -0.212 -0.416 -0.411 -0.304 -0.248 -0.423 -0.294 -0.210 -0.321 -0.327
 1928     46     50     49     53     54     50     51     52     50     50     51     50
 1929 -0.337 -0.412 -0.509 -0.388 -0.538 -0.421 -0.556 -0.393 -0.471 -0.385 -0.159 -0.452 -0.419
 1929     48     50     50     51     50     54     50     54     48     49     49     47
 1930 -0.467 -0.415 -0.308 -0.322 -0.249 -0.260 -0.335 -0.328 -0.296 -0.240 -0.144 -0.250 -0.301
 1930     46     46     45     47     52     47     46     51     43     48     47     48
 1931 -0.156 -0.128 -0.154 -0.243 -0.314 -0.248 -0.155 -0.283 -0.311 -0.329 -0.387 -0.289 -0.250
 1931     48     49     49     48     49     49     45     46     46     45     51     51
 1932 -0.141 -0.165 -0.095 -0.218 -0.279 -0.337 -0.254 -0.486 -0.225 -0.352 -0.257 -0.281 -0.257
 1932     49     51     51     51     52     49     48     46     48     50     48     53
 1933 -0.289 -0.258 -0.354 -0.323 -0.273 -0.331 -0.434 -0.327 -0.358 -0.310 -0.427 -0.545 -0.352
 1933     50     51     52     49     47     44     49     51     49     48     54     53
 1934 -0.317 -0.528 -0.414 -0.276 -0.294 -0.107 -0.156 -0.128 -0.146 -0.253 -0.167 -0.318 -0.259
 1934     54     52     56     51     51     43     48     49     49     52     53     56
 1935 -0.184 -0.307 -0.347 -0.283 -0.253 -0.236 -0.274 -0.355 -0.249 -0.300 -0.236 -0.367 -0.283
 1935     52     54     59     52     50     53     51     58     55     56     57     58
 1936 -0.334 -0.184 -0.399 -0.332 -0.340 -0.419 -0.246 -0.246 -0.353 -0.044 -0.203 -0.237 -0.278
 1936     62     62     63     59     57     58     54     61     59     58     57     59
 1937 -0.164 -0.095 -0.214 -0.188 -0.279 -0.190 -0.139 -0.102 -0.130 -0.123 -0.163 -0.135 -0.160
 1937     59     60     62     56     54     57     59     58     54     54     59     56
 1938 -0.182 -0.168 -0.110 -0.118 -0.183 -0.037 -0.136 -0.137 -0.079  0.033 -0.122 -0.244 -0.124
 1938     59     58     62     54     54     53     55     57     54     53     55     58
 1939 -0.095 -0.138 -0.202 -0.086 -0.058  0.150  0.028 -0.051 -0.290 -0.379 -0.265  0.031 -0.113
 1939     57     60     59     54     53     51     49     45     30     30     34     35
 1940  0.101  0.000 -0.082  0.028  0.116 -0.012  0.137  0.039  0.118 -0.085 -0.231  0.140  0.022
 1940     36     34     34     30     38     37     39     42     36     35     36     34
 1941 -0.089 -0.104 -0.004  0.252 -0.048  0.170  0.161  0.078 -0.221  0.193  0.201  0.168  0.063
 1941     37     38     41     36     34     40     41     43     36     40     41     24
 1942  0.383 -0.009  0.071 -0.082  0.120  0.039 -0.188 -0.016 -0.166 -0.353 -0.296 -0.179 -0.056
 1942     33     39     42     36     34     35     33     34     34     30     36     34
 1943 -0.080 -0.210 -0.173 -0.249 -0.174 -0.117 -0.024 -0.243 -0.149  0.131 -0.092 -0.071 -0.121
 1943     31     36     35     31     31     34     28     35     33     31     30     31
 1944 -0.095 -0.181  0.091  0.023 -0.081  0.241  0.347  0.273  0.122  0.036  0.022  0.124  0.077
 1944     35     36     37     34     33     33     32     28     28     28     29     30
 1945 -0.005  0.060 -0.047  0.173 -0.222  0.022 -0.153  0.481  0.112 -0.002 -0.146 -0.187  0.007
 1945     31     33     30     27     26     25     23     18     21     24     24     25
 1946 -0.284 -0.276 -0.392 -0.304 -0.354 -0.564 -0.282 -0.515 -0.270 -0.266 -0.402 -0.435 -0.362
 1946     29     32     31     38     42     37     44     48     42     41     42     54
 1947 -0.134 -0.279 -0.361 -0.192 -0.266 -0.120 -0.153 -0.309 -0.460 -0.418 -0.225 -0.448 -0.280
 1947     45     52     45     46     44     44     48     48     45     42     47     50
 1948 -0.443 -0.368 -0.306 -0.380 -0.244 -0.272 -0.442 -0.351 -0.369 -0.267 -0.390 -0.366 -0.350
 1948     47     56     49     52     48     46     52     52     44     46     47     48
 1949 -0.256 -0.369 -0.312 -0.270 -0.316 -0.380 -0.249 -0.317 -0.206 -0.368 -0.368 -0.289 -0.308
 1949     55     54     58     56     52     51     51     53     52     51     52     56
 1950 -0.430 -0.435 -0.442 -0.340 -0.320 -0.238 -0.110 -0.233 -0.326 -0.402 -0.530 -0.568 -0.365
 1950     59     58     62     53     54     49     54     56     54     52     54     61
 1951 -0.546 -0.512 -0.435 -0.401 -0.336 -0.084 -0.174 -0.193 -0.274 -0.202 -0.291 -0.255 -0.309
 1951     62     61     58     53     51     51     53     54     56     55     57     62
 1952 -0.032 -0.003 -0.074 -0.162 -0.194 -0.287 -0.143 -0.128 -0.080 -0.137 -0.183 -0.166 -0.133
 1952     60     64     61     57     55     56     53     56     54     55     55     60
 1953 -0.206 -0.130 -0.114 -0.051 -0.099 -0.116 -0.263 -0.238 -0.194 -0.238 -0.207 -0.174 -0.169
 1953     65     64     61     53     57     52     53     53     54     55     57     59
 1954 -0.341 -0.250 -0.198 -0.392 -0.446 -0.438 -0.525 -0.359 -0.398 -0.312 -0.299 -0.441 -0.366
 1954     59     58     59     55     57     55     52     59     56     56     56     60
 1955 -0.265 -0.375 -0.424 -0.410 -0.569 -0.422 -0.500 -0.349 -0.324 -0.477 -0.490 -0.519 -0.427
 1955     61     61     62     57     55     53     51     56     56     54     59     67
 1956 -0.530 -0.397 -0.392 -0.512 -0.457 -0.366 -0.304 -0.384 -0.343 -0.350 -0.291 -0.300 -0.386
 1956     66     68     68     59     57     58     56     55     57     60     62     66
 1957 -0.242 -0.226 -0.146 -0.111  0.052  0.020 -0.146 -0.076 -0.184 -0.150 -0.079 -0.156 -0.120
 1957     68     68     70     62     58     57     56     59     58     61     62     68
 1958 -0.035 -0.019 -0.122 -0.102 -0.107 -0.144 -0.029 -0.194 -0.219 -0.119 -0.156 -0.157 -0.117
 1958     69     67     67     64     61     60     60     61     58     59     63     63
 1959 -0.150 -0.154 -0.137 -0.131 -0.144 -0.067 -0.144 -0.118 -0.143 -0.080 -0.146 -0.227 -0.137
 1959     70     73     71     62     58     58     60     61     62     63     62     70
 1960 -0.177 -0.226 -0.227 -0.303 -0.310 -0.279 -0.247 -0.169 -0.111 -0.159 -0.241 -0.104 -0.213
 1960     70     70     69     66     63     57     63     60     62     61     66     67
 1961 -0.134 -0.045 -0.115 -0.042  0.033  0.004 -0.144 -0.029 -0.073 -0.065 -0.160 -0.207 -0.081
 1961     70     71     68     65     60     62     60     64     61     63     70     69
 1962 -0.227 -0.136 -0.150 -0.201 -0.250 -0.003 -0.104 -0.114 -0.034 -0.086 -0.086 -0.211 -0.133
 1962     73     71     73     64     59     57     56     59     59     58     61     63
 1963 -0.267 -0.230 -0.174 -0.191 -0.061 -0.104  0.015 -0.006 -0.052 -0.134 -0.216 -0.132 -0.129
 1963     73     68     68     67     61     59     56     60     61     59     65     71
 1964 -0.266 -0.255 -0.280 -0.324 -0.397 -0.340 -0.360 -0.377 -0.389 -0.359 -0.502 -0.555 -0.367
 1964     76     74     74     67     63     64     62     63     67     66     70     75
 1965 -0.281 -0.195 -0.361 -0.291 -0.244 -0.137 -0.291 -0.179 -0.163 -0.206 -0.300 -0.254 -0.242
 1965     73     73     74     70     66     62     62     65     65     68     71     76
 1966 -0.238 -0.283 -0.275 -0.150 -0.312 -0.128 -0.159 -0.303 -0.258 -0.370 -0.252 -0.214 -0.245
 1966     77     75     73     67     68     64     63     62     67     67     68     69
 1967 -0.269 -0.301 -0.286 -0.268 -0.127 -0.261 -0.279 -0.282 -0.269 -0.212 -0.281 -0.398 -0.269
 1967     77     77     74     69     67     66     64     65     64     65     67     73
 1968 -0.296 -0.393 -0.334 -0.343 -0.458 -0.232 -0.181 -0.135 -0.213 -0.130 -0.080 -0.041 -0.236
 1968     78     74     73     70     69     68     67     67     66     65     68     73
 1969  0.062  0.076  0.104  0.113  0.108  0.006 -0.038  0.016 -0.049  0.010  0.026  0.025  0.038
 1969     80     78     72     72     68     66     68     67     68     68     72     76
 1970  0.071  0.020 -0.045  0.005 -0.083 -0.094 -0.122 -0.196 -0.096 -0.053 -0.102 -0.123 -0.068
 1970     81     76     78     72     70     68     68     67     67     69     72     77
 1971 -0.166 -0.264 -0.257 -0.262 -0.230 -0.279 -0.078 -0.121 -0.043 -0.136 -0.131 -0.269 -0.186
 1971     77     79     76     72     65     66     70     67     70     70     70     75
 1972 -0.064 -0.033 -0.050 -0.036  0.053  0.122  0.046  0.102  0.175  0.132  0.264  0.467  0.098
 1972     80     81     77     72     66     68     69     66     68     69     71     78
 1973  0.272  0.233  0.298  0.229  0.186  0.120  0.060  0.047  0.053  0.054 -0.053 -0.135  0.114
 1973     79     80     76     71     69     72     70     72     67     69     75     77
 1974 -0.307 -0.374 -0.294 -0.200 -0.112 -0.111 -0.109 -0.038 -0.146 -0.158 -0.121 -0.189 -0.180
 1974     79     81     78     71     70     65     65     68     68     70     71     76
 1975 -0.264 -0.214 -0.155 -0.139 -0.097 -0.071 -0.129 -0.214 -0.182 -0.255 -0.305 -0.369 -0.200
 1975     76     78     72     73     71     68     66     68     70     67     70     73
 1976 -0.458 -0.330 -0.386 -0.296 -0.360 -0.278 -0.105 -0.193 -0.142 -0.136  0.015  0.092 -0.215
 1976     75     75     73     70     69     67     65     68     66     69     69     73
 1977  0.167  0.149  0.039 -0.003  0.037  0.033  0.049 -0.025 -0.075  0.035 -0.003 -0.130  0.023
 1977     78     77     76     73     69     70     67     71     69     69     72     78
 1978 -0.060 -0.034 -0.026 -0.143 -0.040 -0.074  0.000 -0.185 -0.055 -0.183 -0.036 -0.069 -0.075
 1978     78     78     77     74     71     67     67     67     67     68     69     80
 1979  0.023 -0.016  0.028  0.087 -0.031  0.033  0.065  0.149  0.053  0.061  0.173  0.210  0.070
 1979     86     85     83     82     82     81     79     78     75     76     78     83
 1980  0.144  0.202  0.291  0.189  0.122  0.006  0.012 -0.001  0.016 -0.036  0.087  0.032  0.089
 1980     84     84     82     78     75     74     71     72     69     71     74     82
 1981  0.012 -0.056 -0.006  0.014  0.070  0.065  0.095  0.111  0.071 -0.110 -0.037  0.123  0.029
 1981     82     82     83     77     72     71     70     72     69     74     77     79
 1982  0.073 -0.062 -0.099 -0.024  0.040 -0.052 -0.007  0.061  0.101  0.050  0.127  0.209  0.035
 1982     82     85     86     79     72     71     71     69     71     72     76     79
 1983  0.329  0.368  0.227  0.227  0.235  0.199  0.105  0.179  0.149  0.106  0.094  0.108  0.194
 1983     84     86     84     79     73     73     72     74     73     73     76     79
 1984  0.058  0.117  0.032  0.024  0.043  0.011 -0.077  0.060  0.159  0.045  0.049  0.038  0.047
 1984     86     86     83     78     74     74     71     75     73     74     78     79
 1985  0.102  0.143  0.161  0.028  0.069 -0.036  0.070  0.096  0.013  0.067 -0.047  0.045  0.059
 1985     83     84     84     81     78     76     80     77     76     79     78     86
 1986 -0.009  0.079  0.074  0.026  0.016  0.052  0.044  0.006  0.069  0.107  0.059  0.043  0.047
 1986     85     86     84     84     78     77     76     72     75     79     80     82
 1987  0.136  0.141  0.177  0.203  0.117  0.156  0.321  0.198  0.217  0.240  0.307  0.195  0.201
 1987     86     87     84     81     78     77     79     78     76     77     79     84
 1988  0.310  0.253  0.258  0.173  0.192  0.135  0.051  0.140  0.165  0.129  0.015 -0.020  0.150
 1988     85     88     84     83     77     78     74     77     76     76     78     80
 1989  0.029  0.058  0.038  0.029  0.012  0.002  0.077  0.143  0.111  0.095  0.060  0.122  0.065
 1989     83     86     83     81     77     76     74     73     74     76     77     80
 1990  0.149  0.180  0.202  0.228  0.197  0.165  0.183  0.150 -0.013  0.200  0.179  0.140  0.163
 1990     80     83     80     80     79     75     72     74     72     73     75     78
 1991  0.118  0.114  0.205  0.234  0.311  0.253  0.252  0.215  0.182  0.106  0.070  0.079  0.178
 1991     78     80     79     75     73     73     74     73     71     71     75     76
 1992  0.130  0.164  0.178  0.206  0.163  0.184  0.062  0.084  0.030 -0.055 -0.087 -0.035  0.085
 1992     80     79     80     74     75     71     68     71     70     71     76     78
 1993  0.164  0.066  0.220  0.123  0.146  0.161  0.128  0.127  0.137  0.103  0.181  0.021  0.131
 1993     79     79     79     76     70     71     70     71     69     71     74     77
 1994  0.098 -0.026  0.115  0.049  0.234  0.176  0.101  0.067  0.059  0.087  0.152  0.184  0.108
 1994     78     78     77     73     71     69     70     72     72     74     74     77
 1995  0.179  0.193  0.211  0.105  0.125  0.162  0.265  0.175  0.111  0.105  0.186  0.018  0.153
 1995     78     78     80     77     75     74     76     75     75     76     76     78
 1996  0.059  0.208  0.252  0.188  0.148  0.088  0.150  0.199  0.094  0.137  0.139  0.152  0.151
 1996     81     80     79     76     74     75     73     73     74     73     75     77
 1997  0.069  0.115  0.178  0.125  0.168  0.300  0.304  0.335  0.452  0.434  0.504  0.517  0.292
 1997     79     80     78     76     76     74     74     76     73     73     75     77
 1998  0.483  0.552  0.603  0.579  0.594  0.556  0.618  0.545  0.289  0.346  0.331  0.304  0.483
 1998     77     77     76     74     75     72     73     71     70     71     72     75
 1999  0.267  0.271  0.389  0.206  0.202  0.258  0.242  0.166  0.244  0.107  0.112  0.084  0.212
 1999     75     75     74     74     72     71     70     72     70     74     73     76
 2000  0.142  0.167  0.136  0.274  0.061  0.197  0.145  0.218  0.299  0.198  0.214  0.145  0.183
 2000     79     79     76     73     71     71     68     70     68     71     71     75
 2001  0.273  0.316  0.399  0.389  0.260  0.384  0.359  0.420  0.355  0.269  0.310  0.221  0.330
 2001     74     77     77     74     73     72     72     74     71     73     73     77
 2002  0.425  0.324  0.527  0.432  0.460  0.385  0.403  0.397  0.325  0.368  0.282  0.353  0.390
 2002     76     79     79     75     74     73     71     73     71     72     77     76
 2003  0.438  0.467  0.436  0.401  0.351  0.434  0.371  0.346  0.348  0.355  0.362  0.309  0.385
 2003     75     77     77     75     74     74     74     75     74     74     76     79
 2004  0.359  0.392  0.340  0.388  0.232  0.260  0.239  0.284  0.295  0.354  0.275  0.282  0.308
 2004     78     80     78     75     75     75     73     74     73     73     75     79
 2005  0.330  0.381  0.418  0.405  0.347  0.356  0.351  0.368  0.259  0.328  0.260  0.255  0.338
 2005     78     79     77     75     75     75     74     76     76     76     76     79
 2006  0.326  0.368  0.323  0.299  0.232  0.267  0.324  0.330  0.214  0.241  0.228  0.303  0.288
 2006     80     80     81     79     77     78     78     78     77     79     77     80
 2007  0.294  0.345  0.272  0.300  0.216  0.238  0.270  0.141  0.301  0.191  0.078 -0.011  0.220
 2007     78     79     79     78     77     77     77     78     77     78     78     81
 2008  0.047  0.072  0.116  0.115  0.161  0.125  0.280  0.249  0.241  0.247  0.166  0.218  0.170
 2008     80     83     84     81     79     79     79     79     78     78     78     80
 2009  0.277  0.233  0.315  0.386  0.388  0.422  0.374  0.454  0.306  0.000  0.000  0.000  0.351
 2009     81     81     80     78     78     77     76     77     76      0      0      0
