 1850 -0.678 -0.367 -0.751 -0.568 -0.417 -0.318 -0.257 -0.337 -0.490 -0.463 -0.288 -0.334 -0.439
 1850     22     20     18     18     18     20     22     22     23     23     24     24
 1851 -0.316 -0.349 -0.444 -0.425 -0.370 -0.300 -0.277 -0.225 -0.271 -0.191 -0.246 -0.263 -0.306
 1851     22     22     20     21     20     20     21     23     18     20     18     20
 1852 -0.398 -0.452 -0.512 -0.558 -0.266 -0.197 -0.147 -0.255 -0.260 -0.331 -0.279 -0.054 -0.309
 1852     22     22     21     23     23     23     23     23     21     22     22     25
 1853 -0.237 -0.423 -0.405 -0.398 -0.343 -0.279 -0.222 -0.263 -0.421 -0.394 -0.284 -0.430 -0.342
 1853     24     26     26     24     25     27     26     28     28     29     26     27
 1854 -0.383 -0.315 -0.295 -0.381 -0.265 -0.270 -0.266 -0.244 -0.203 -0.253 -0.427 -0.285 -0.299
 1854     29     29     29     28     29     27     28     31     28     30     29     28
 1855 -0.276 -0.435 -0.382 -0.274 -0.366 -0.285 -0.334 -0.247 -0.374 -0.291 -0.287 -0.539 -0.341
 1855     28     30     27     27     29     28     30     29     27     25     25     23
 1856 -0.263 -0.410 -0.532 -0.358 -0.250 -0.339 -0.346 -0.364 -0.467 -0.456 -0.630 -0.496 -0.409
 1856     24     27     25     25     27     26     25     27     26     28     31     26
 1857 -0.569 -0.352 -0.466 -0.623 -0.555 -0.365 -0.529 -0.372 -0.422 -0.508 -0.653 -0.371 -0.482
 1857     26     25     26     24     25     24     27     28     26     27     25     24
 1858 -0.472 -0.740 -0.577 -0.513 -0.635 -0.528 -0.380 -0.342 -0.409 -0.263 -0.645 -0.377 -0.490
 1858     26     25     26     26     25     23     23     24     23     21     22     25
 1859 -0.368 -0.273 -0.381 -0.320 -0.338 -0.290 -0.355 -0.199 -0.598 -0.363 -0.377 -0.462 -0.360
 1859     23     23     22     20     21     20     22     22     20     21     19     22
 1860 -0.252 -0.470 -0.592 -0.395 -0.354 -0.328 -0.226 -0.278 -0.308 -0.280 -0.511 -0.711 -0.392
 1860     24     21     21     21     20     18     19     20     18     18     18     17
 1861 -0.788 -0.430 -0.448 -0.418 -0.703 -0.195 -0.300 -0.211 -0.388 -0.407 -0.400 -0.218 -0.409
 1861     18     17     14     13     13     14     14     16     15     16     16     16
 1862 -0.694 -0.771 -0.436 -0.285 -0.258 -0.378 -0.422 -0.671 -0.431 -0.455 -0.747 -0.699 -0.521
 1862     15     15     15     15     17     17     17     16     17     16     14     13
 1863  0.140 -0.072 -0.389 -0.271 -0.341 -0.452 -0.451 -0.380 -0.399 -0.453 -0.382 -0.324 -0.315
 1863     15     14     15     14     17     17     15     16     14     14     14     14
 1864 -0.868 -0.588 -0.555 -0.566 -0.416 -0.275 -0.192 -0.370 -0.446 -0.706 -0.488 -0.569 -0.503
 1864     15     16     15     15     14     17     16     17     14     15     16     16
 1865 -0.236 -0.604 -0.608 -0.199 -0.251 -0.272 -0.195 -0.282 -0.099 -0.363 -0.243 -0.345 -0.308
 1865     15     14     13     14     15     15     14     15     14     13     15     15
 1866 -0.081 -0.227 -0.611 -0.261 -0.566 -0.065 -0.104 -0.326 -0.324 -0.436 -0.380 -0.387 -0.314
 1866     17     16     14     15     14     14     15     14     14     13     14     15
 1867 -0.392 -0.001 -0.653 -0.256 -0.496 -0.300 -0.328 -0.274 -0.156 -0.267 -0.337 -0.592 -0.338
 1867     13     15     16     15     14     15     15     14     14     15     15     16
 1868 -0.729 -0.475 -0.098 -0.409 -0.116 -0.240  0.044 -0.174 -0.284 -0.324 -0.540 -0.215 -0.297
 1868     15     14     16     16     17     17     19     18     20     20     20     19
 1869 -0.199  0.133 -0.597 -0.273 -0.318 -0.412 -0.309 -0.192 -0.254 -0.479 -0.432 -0.357 -0.307
 1869     18     18     20     20     20     19     17     22     22     23     22     22
 1870 -0.100 -0.424 -0.467 -0.250 -0.197 -0.242 -0.069 -0.261 -0.319 -0.382 -0.227 -0.703 -0.303
 1870     25     25     25     23     21     24     25     23     22     19     22     21
 1871 -0.495 -0.527 -0.049 -0.169 -0.281 -0.236 -0.098 -0.252 -0.444 -0.497 -0.563 -0.581 -0.349
 1871     19     18     21     25     22     22     21     26     21     21     23     24
 1872 -0.327 -0.404 -0.474 -0.206 -0.116 -0.231 -0.177 -0.145 -0.212 -0.289 -0.310 -0.409 -0.275
 1872     25     23     22     24     24     25     23     24     25     24     24     28
 1873 -0.108 -0.400 -0.341 -0.511 -0.398 -0.262 -0.194 -0.216 -0.368 -0.448 -0.472 -0.314 -0.336
 1873     25     23     25     23     23     23     24     27     24     23     26     25
 1874 -0.020 -0.453 -0.554 -0.501 -0.441 -0.365 -0.183 -0.359 -0.233 -0.451 -0.537 -0.411 -0.376
 1874     23     24     26     26     22     23     24     24     24     28     25     27
 1875 -0.557 -0.611 -0.604 -0.446 -0.201 -0.255 -0.297 -0.239 -0.334 -0.408 -0.516 -0.437 -0.409
 1875     25     25     27     25     25     27     27     26     24     24     25     25
 1876 -0.278 -0.276 -0.410 -0.312 -0.477 -0.272 -0.169 -0.272 -0.438 -0.410 -0.566 -0.616 -0.375
 1876     26     27     26     23     25     28     28     26     22     25     27     27
 1877 -0.294  0.010 -0.329 -0.315 -0.439 -0.116 -0.079  0.025 -0.051 -0.073 -0.017  0.131 -0.129
 1877     24     24     25     25     24     25     25     27     28     25     27     28
 1878  0.082  0.269  0.209  0.221 -0.128 -0.047 -0.089 -0.078 -0.056 -0.127 -0.143 -0.331 -0.018
 1878     28     27     25     27     25     27     27     31     29     27     29     31
 1879 -0.215 -0.175 -0.201 -0.258 -0.182 -0.216 -0.221 -0.240 -0.237 -0.203 -0.461 -0.508 -0.260
 1879     27     30     30     30     32     33     29     33     31     30     29     31
 1880 -0.008 -0.248 -0.188 -0.163 -0.247 -0.318 -0.257 -0.147 -0.243 -0.389 -0.451 -0.322 -0.249
 1880     32     32     30     29     29     32     33     34     32     33     34     36
 1881 -0.390 -0.270 -0.259 -0.202 -0.081 -0.251 -0.145 -0.160 -0.290 -0.341 -0.414 -0.192 -0.250
 1881     34     33     33     33     32     32     33     35     34     34     36     35
 1882  0.018 -0.077 -0.077 -0.301 -0.374 -0.350 -0.254 -0.275 -0.175 -0.335 -0.375 -0.479 -0.255
 1882     36     35     36     37     36     34     37     35     36     35     34     34
 1883 -0.446 -0.348 -0.343 -0.360 -0.309 -0.111 -0.206 -0.226 -0.329 -0.383 -0.319 -0.296 -0.306
 1883     40     39     37     33     35     34     38     36     37     38     36     38
 1884 -0.337 -0.254 -0.371 -0.479 -0.362 -0.371 -0.357 -0.346 -0.297 -0.295 -0.561 -0.405 -0.370
 1884     36     38     35     37     38     37     38     38     38     36     36     36
 1885 -0.515 -0.473 -0.407 -0.419 -0.427 -0.465 -0.308 -0.367 -0.279 -0.290 -0.258 -0.140 -0.362
 1885     39     37     34     34     34     32     35     38     36     36     32     38
 1886 -0.372 -0.472 -0.391 -0.188 -0.116 -0.287 -0.198 -0.204 -0.261 -0.308 -0.391 -0.277 -0.289
 1886     36     36     37     34     33     38     38     40     36     39     39     40
 1887 -0.402 -0.479 -0.358 -0.378 -0.277 -0.379 -0.233 -0.354 -0.302 -0.486 -0.423 -0.429 -0.375
 1887     40     40     38     40     37     37     40     42     39     37     40     39
 1888 -0.608 -0.500 -0.555 -0.262 -0.341 -0.268 -0.336 -0.303 -0.254 -0.180 -0.249 -0.226 -0.340
 1888     38     39     39     42     40     40     41     43     40     42     40     41
 1889 -0.187 -0.171 -0.128 -0.073 -0.128 -0.191 -0.254 -0.281 -0.376 -0.323 -0.412 -0.152 -0.223
 1889     40     41     39     39     39     39     39     40     38     38     38     39
 1890 -0.299 -0.355 -0.425 -0.330 -0.439 -0.413 -0.428 -0.451 -0.467 -0.498 -0.552 -0.410 -0.422
 1890     41     36     35     38     38     38     37     40     36     35     36     37
 1891 -0.511 -0.507 -0.442 -0.371 -0.264 -0.368 -0.402 -0.373 -0.245 -0.354 -0.574 -0.188 -0.383
 1891     37     36     34     34     36     34     32     33     33     31     37     35
 1892 -0.440 -0.179 -0.473 -0.501 -0.460 -0.452 -0.517 -0.461 -0.375 -0.477 -0.615 -0.783 -0.478
 1892     35     37     37     35     34     34     33     35     35     33     35     33
 1893 -0.954 -0.761 -0.426 -0.574 -0.579 -0.471 -0.317 -0.346 -0.451 -0.335 -0.453 -0.358 -0.502
 1893     35     35     36     36     36     33     34     38     38     36     35     34
 1894 -0.446 -0.419 -0.399 -0.424 -0.454 -0.492 -0.366 -0.376 -0.502 -0.482 -0.454 -0.412 -0.435
 1894     37     36     36     36     35     36     35     39     38     36     36     39
 1895 -0.511 -0.712 -0.540 -0.433 -0.416 -0.355 -0.402 -0.308 -0.268 -0.371 -0.332 -0.343 -0.416
 1895     39     37     36     35     38     38     37     41     39     40     38     40
 1896 -0.267 -0.247 -0.423 -0.370 -0.248 -0.170 -0.184 -0.148 -0.184 -0.186 -0.319 -0.114 -0.238
 1896     41     40     40     38     36     40     40     40     40     40     42     41
 1897 -0.286 -0.208 -0.343 -0.135 -0.110 -0.195 -0.201 -0.214 -0.179 -0.279 -0.474 -0.475 -0.258
 1897     38     38     37     39     42     40     39     41     43     41     40     39
 1898 -0.126 -0.369 -0.688 -0.513 -0.447 -0.315 -0.365 -0.320 -0.320 -0.514 -0.450 -0.361 -0.399
 1898     42     41     39     39     43     43     42     42     40     43     41     43
 1899 -0.233 -0.525 -0.546 -0.360 -0.337 -0.378 -0.323 -0.230 -0.201 -0.230 -0.021 -0.448 -0.319
 1899     41     40     41     40     42     42     42     45     45     41     42     43
 1900 -0.274 -0.254 -0.334 -0.306 -0.287 -0.206 -0.247 -0.245 -0.273 -0.147 -0.318 -0.140 -0.253
 1900     41     39     38     37     40     39     40     41     40     41     42     43
 1901 -0.227 -0.326 -0.310 -0.271 -0.254 -0.236 -0.236 -0.267 -0.389 -0.353 -0.453 -0.469 -0.316
 1901     44     46     43     44     41     41     40     43     44     43     42     42
 1902 -0.241 -0.312 -0.410 -0.476 -0.426 -0.474 -0.428 -0.412 -0.412 -0.488 -0.518 -0.532 -0.427
 1902     45     44     46     45     46     47     48     49     46     46     47     46
 1903 -0.297 -0.226 -0.381 -0.490 -0.502 -0.559 -0.492 -0.597 -0.547 -0.624 -0.594 -0.623 -0.494
 1903     43     46     45     45     46     49     48     48     49     45     44     49
 1904 -0.664 -0.608 -0.637 -0.576 -0.565 -0.534 -0.551 -0.504 -0.490 -0.490 -0.404 -0.427 -0.537
 1904     45     47     47     43     46     47     46     48     47     48     47     49
 1905 -0.515 -0.710 -0.501 -0.576 -0.399 -0.383 -0.355 -0.341 -0.351 -0.402 -0.288 -0.271 -0.424
 1905     47     47     47     46     49     48     50     49     47     48     52     49
 1906 -0.191 -0.313 -0.363 -0.194 -0.369 -0.358 -0.371 -0.365 -0.398 -0.415 -0.506 -0.351 -0.349
 1906     49     51     49     49     49     52     50     53     47     46     48     49
 1907 -0.486 -0.540 -0.408 -0.562 -0.606 -0.586 -0.462 -0.507 -0.467 -0.426 -0.602 -0.560 -0.518
 1907     52     49     47     49     48     49     50     52     52     48     52     52
 1908 -0.479 -0.501 -0.646 -0.567 -0.545 -0.507 -0.529 -0.551 -0.490 -0.621 -0.622 -0.593 -0.554
 1908     47     49     51     51     49     48     50     51     47     51     51     53
 1909 -0.580 -0.582 -0.686 -0.651 -0.620 -0.549 -0.596 -0.401 -0.403 -0.499 -0.468 -0.672 -0.559
 1909     51     50     51     51     50     51     54     52     51     52     52     52
 1910 -0.424 -0.584 -0.485 -0.484 -0.558 -0.561 -0.487 -0.513 -0.493 -0.547 -0.694 -0.699 -0.544
 1910     54     52     50     49     52     53     50     52     52     54     53     52
 1911 -0.585 -0.750 -0.701 -0.732 -0.626 -0.575 -0.538 -0.524 -0.512 -0.517 -0.449 -0.364 -0.573
 1911     56     55     55     52     52     50     53     57     47     52     52     52
 1912 -0.420 -0.400 -0.462 -0.396 -0.438 -0.392 -0.501 -0.591 -0.596 -0.678 -0.562 -0.519 -0.496
 1912     53     53     53     54     55     54     55     55     54     55     54     55
 1913 -0.519 -0.561 -0.575 -0.501 -0.562 -0.557 -0.497 -0.442 -0.471 -0.490 -0.347 -0.303 -0.485
 1913     57     61     61     56     58     59     58     59     60     61     58     58
 1914 -0.162 -0.324 -0.384 -0.425 -0.349 -0.335 -0.376 -0.284 -0.347 -0.243 -0.270 -0.319 -0.318
 1914     57     59     58     57     56     57     55     55     46     47     49     49
 1915 -0.222 -0.128 -0.332 -0.160 -0.321 -0.308 -0.197 -0.190 -0.222 -0.312 -0.225 -0.333 -0.246
 1915     47     47     47     48     47     46     47     47     47     47     45     49
 1916 -0.314 -0.280 -0.471 -0.405 -0.430 -0.511 -0.412 -0.385 -0.380 -0.413 -0.554 -0.634 -0.432
 1916     47     48     48     46     49     46     46     50     47     47     48     46
 1917 -0.649 -0.744 -0.790 -0.527 -0.671 -0.378 -0.180 -0.276 -0.210 -0.424 -0.406 -0.661 -0.493
 1917     47     45     46     45     43     45     44     45     44     48     43     42
 1918 -0.546 -0.544 -0.466 -0.512 -0.481 -0.343 -0.373 -0.393 -0.344 -0.191 -0.176 -0.277 -0.387
 1918     45     45     45     42     39     41     43     45     41     40     38     40
 1919 -0.205 -0.156 -0.372 -0.201 -0.334 -0.294 -0.367 -0.362 -0.275 -0.368 -0.582 -0.474 -0.333
 1919     38     41     39     40     45     45     44     43     42     43     46     44
 1920 -0.320 -0.498 -0.201 -0.355 -0.259 -0.294 -0.349 -0.310 -0.246 -0.337 -0.367 -0.385 -0.327
 1920     43     45     44     43     47     44     47     48     45     48     46     49
 1921 -0.222 -0.292 -0.315 -0.293 -0.218 -0.175 -0.206 -0.343 -0.231 -0.229 -0.405 -0.285 -0.268
 1921     51     51     51     51     51     51     50     55     51     52     52     53
 1922 -0.443 -0.398 -0.363 -0.335 -0.415 -0.374 -0.336 -0.372 -0.358 -0.377 -0.361 -0.383 -0.376
 1922     53     56     55     54     53     56     57     58     58     53     58     57
 1923 -0.311 -0.483 -0.440 -0.442 -0.365 -0.308 -0.426 -0.417 -0.369 -0.346 -0.134 -0.100 -0.345
 1923     59     58     60     55     57     60     60     61     59     59     58     58
 1924 -0.353 -0.256 -0.345 -0.360 -0.339 -0.301 -0.351 -0.306 -0.363 -0.330 -0.393 -0.576 -0.356
 1924     57     61     60     57     60     58     60     61     61     56     59     57
 1925 -0.444 -0.309 -0.289 -0.284 -0.324 -0.310 -0.277 -0.209 -0.227 -0.364 -0.171 -0.081 -0.274
 1925     59     59     57     59     59     55     57     59     56     57     61     58
 1926 -0.026 -0.113 -0.100 -0.241 -0.256 -0.188 -0.306 -0.124 -0.180 -0.165 -0.189 -0.260 -0.179
 1926     60     60     59     57     57     58     60     57     60     61     60     57
 1927 -0.282 -0.220 -0.354 -0.299 -0.291 -0.259 -0.218 -0.193 -0.177 -0.112 -0.244 -0.441 -0.257
 1927     59     62     64     63     64     62     61     64     63     62     63     61
 1928 -0.166 -0.248 -0.388 -0.315 -0.286 -0.364 -0.202 -0.226 -0.235 -0.202 -0.180 -0.244 -0.255
 1928     58     60     60     61     62     60     61     63     61     61     62     60
 1929 -0.435 -0.638 -0.426 -0.368 -0.380 -0.357 -0.376 -0.234 -0.287 -0.199 -0.141 -0.459 -0.358
 1929     60     61     61     62     61     63     61     64     61     61     61     60
 1930 -0.360 -0.238 -0.200 -0.211 -0.231 -0.194 -0.166 -0.098 -0.115 -0.117  0.001 -0.121 -0.171
 1930     59     59     59     59     62     60     60     63     58     61     59     60
 1931 -0.051 -0.198 -0.147 -0.203 -0.223 -0.100 -0.082 -0.106 -0.117 -0.093 -0.206 -0.140 -0.139
 1931     60     60     61     61     61     62     60     60     60     58     61     61
 1932  0.072 -0.211 -0.272 -0.136 -0.205 -0.195 -0.140 -0.187 -0.069 -0.139 -0.235 -0.221 -0.161
 1932     61     62     61     62     63     61     60     61     61     61     59     62
 1933 -0.289 -0.359 -0.344 -0.257 -0.246 -0.243 -0.206 -0.197 -0.217 -0.204 -0.316 -0.504 -0.282
 1933     61     60     62     61     60     57     61     64     63     62     65     63
 1934 -0.251 -0.209 -0.390 -0.271 -0.131 -0.062 -0.079 -0.070 -0.122 -0.118 -0.058 -0.169 -0.161
 1934     64     61     65     62     62     59     62     63     62     62     64     65
 1935 -0.245  0.048 -0.239 -0.272 -0.252 -0.183 -0.136 -0.154 -0.153 -0.091 -0.283 -0.255 -0.185
 1935     63     64     65     63     63     64     64     67     66     66     66     66
 1936 -0.272 -0.343 -0.255 -0.219 -0.148 -0.154 -0.031 -0.055 -0.100 -0.047 -0.114 -0.053 -0.149
 1936     69     69     70     67     67     67     66     70     68     67     67     67
 1937 -0.190 -0.015 -0.248 -0.131 -0.093 -0.008  0.046  0.083  0.107  0.090 -0.026 -0.108 -0.041
 1937     67     68     68     66     64     67     69     68     66     65     67     65
 1938 -0.005  0.019  0.066  0.054 -0.062 -0.031 -0.022  0.036  0.070  0.126  0.017 -0.247  0.002
 1938     67     66     69     64     65     65     66     67     65     63     65     66
 1939 -0.062 -0.063 -0.200 -0.063  0.004  0.090  0.077  0.081 -0.015 -0.152 -0.015  0.278 -0.003
 1939     65     67     67     65     65     63     63     61     53     52     54     54
 1940 -0.209 -0.057 -0.088  0.014  0.008  0.020  0.106  0.057  0.120  0.013 -0.045  0.158  0.008
 1940     55     54     53     52     56     56     57     60     54     54     54     54
 1941 -0.034  0.074 -0.065  0.121  0.001  0.130  0.148  0.082 -0.063  0.220  0.091  0.042  0.062
 1941     55     57     58     56     55     59     60     61     56     59     58     43
 1942  0.170 -0.097 -0.046 -0.039  0.013  0.057 -0.064 -0.032 -0.007 -0.043 -0.084 -0.073 -0.020
 1942     49     53     53     52     50     51     50     50     47     46     50     47
 1943 -0.205  0.005 -0.190 -0.033  0.003 -0.096  0.027 -0.059 -0.011  0.192  0.007  0.143 -0.018
 1943     45     48     49     46     46     48     45     50     50     48     47     49
 1944  0.243  0.107  0.081 -0.025  0.029  0.115  0.174  0.183  0.214  0.165 -0.012 -0.083  0.099
 1944     52     52     53     53     51     52     51     50     49     49     50     48
 1945 -0.037 -0.094 -0.062  0.079 -0.158 -0.032 -0.095  0.308  0.081  0.065 -0.070 -0.272 -0.024
 1945     49     51     49     46     46     46     44     43     43     45     47     48
 1946 -0.018 -0.033 -0.228 -0.073 -0.251 -0.329 -0.157 -0.245 -0.114 -0.176 -0.226 -0.430 -0.190
 1946     47     49     47     52     53     51     56     59     53     54     56     60
 1947 -0.247 -0.294 -0.214 -0.100 -0.214 -0.131 -0.149 -0.181 -0.223 -0.105 -0.159 -0.303 -0.193
 1947     57     61     58     58     57     57     60     61     58     54     58     59
 1948 -0.058 -0.267 -0.330 -0.200 -0.092 -0.097 -0.236 -0.160 -0.190 -0.160 -0.235 -0.319 -0.195
 1948     58     61     58     59     57     57     61     61     57     58     58     58
 1949 -0.015 -0.260 -0.298 -0.183 -0.180 -0.292 -0.212 -0.157 -0.192 -0.179 -0.190 -0.309 -0.206
 1949     65     64     67     65     64     64     65     66     66     65     65     67
 1950 -0.467 -0.349 -0.290 -0.284 -0.210 -0.210 -0.206 -0.233 -0.206 -0.246 -0.491 -0.326 -0.293
 1950     68     68     71     66     67     64     66     68     66     64     66     69
 1951 -0.423 -0.533 -0.367 -0.226 -0.141 -0.077 -0.076  0.004 -0.025 -0.043 -0.139  0.031 -0.168
 1951     71     71     70     67     66     66     67     70     69     69     70     72
 1952  0.053 -0.011 -0.232 -0.084 -0.101 -0.094 -0.054 -0.037 -0.014 -0.111 -0.288 -0.152 -0.094
 1952     71     74     71     71     70     70     69     71     69     70     69     71
 1953 -0.056  0.009  0.003  0.022 -0.038 -0.017 -0.096 -0.043 -0.044 -0.052 -0.185 -0.047 -0.045
 1953     74     73     72     68     70     68     69     70     70     70     71     71
 1954 -0.337 -0.193 -0.257 -0.305 -0.332 -0.245 -0.304 -0.195 -0.181 -0.160 -0.100 -0.328 -0.245
 1954     71     71     72     69     70     70     69     72     71     71     71     71
 1955 -0.027 -0.237 -0.453 -0.335 -0.310 -0.261 -0.272 -0.160 -0.194 -0.227 -0.360 -0.375 -0.268
 1955     72     72     74     71     70     69     69     72     72     70     72     76
 1956 -0.323 -0.416 -0.376 -0.386 -0.358 -0.309 -0.294 -0.307 -0.338 -0.273 -0.335 -0.318 -0.336
 1956     75     76     77     72     71     72     71     71     73     74     75     76
 1957 -0.259 -0.211 -0.214 -0.136 -0.056 -0.011 -0.075  0.004 -0.042 -0.084 -0.008  0.096 -0.083
 1957     78     77     78     75     72     72     72     74     73     75     74     77
 1958  0.194  0.101 -0.058 -0.039 -0.052 -0.064 -0.036 -0.061 -0.106 -0.042 -0.037 -0.026 -0.019
 1958     77     77     77     76     74     74     74     76     73     74     76     74
 1959 -0.009 -0.041 -0.012 -0.040 -0.096 -0.026 -0.073 -0.051 -0.035 -0.121 -0.232 -0.141 -0.073
 1959     78     80     79     75     73     73     74     75     75     75     75     79
 1960 -0.101  0.050 -0.365 -0.220 -0.228 -0.103 -0.098 -0.076 -0.028 -0.093 -0.196  0.042 -0.118
 1960     79     79     79     77     76     73     76     75     76     75     77     78
 1961 -0.004  0.084  0.012 -0.015  0.015  0.034 -0.065 -0.005 -0.094 -0.086 -0.090 -0.161 -0.031
 1961     79     80     78     77     75     75     74     77     75     76     79     79
 1962 -0.033  0.064 -0.063 -0.071 -0.098 -0.074 -0.017 -0.031 -0.023  0.009 -0.040 -0.026 -0.034
 1962     80     80     81     76     74     73     72     74     75     74     75     76
 1963 -0.115  0.107 -0.152 -0.131 -0.056 -0.075  0.058  0.062  0.034  0.138  0.059 -0.038 -0.009
 1963     81     78     79     78     75     74     72     75     76     74     77     80
 1964 -0.080 -0.234 -0.328 -0.290 -0.225 -0.221 -0.226 -0.311 -0.328 -0.327 -0.324 -0.430 -0.277
 1964     83     82     81     78     76     76     76     77     79     78     80     82
 1965 -0.194 -0.313 -0.299 -0.300 -0.215 -0.168 -0.236 -0.194 -0.175 -0.102 -0.196 -0.131 -0.210
 1965     81     81     82     80     78     76     76     78     78     79     81     83
 1966 -0.166 -0.130 -0.123 -0.181 -0.204 -0.076 -0.058 -0.113 -0.115 -0.170 -0.187 -0.277 -0.150
 1966     84     83     82     78     79     77     77     77     80     79     80     79
 1967 -0.211 -0.278 -0.155 -0.130 -0.031 -0.169 -0.151 -0.112 -0.158 -0.019 -0.155 -0.194 -0.147
 1967     84     84     82     80     79     78     78     79     78     78     79     81
 1968 -0.292 -0.286 -0.044 -0.231 -0.249 -0.139 -0.120 -0.116 -0.124 -0.080 -0.087 -0.144 -0.159
 1968     84     82     82     80     80     79     79     80     80     79     79     82
 1969 -0.252 -0.186 -0.027  0.060  0.044 -0.036 -0.017 -0.004 -0.026 -0.026  0.059  0.109 -0.025
 1969     86     84     81     81     79     78     80     79     80     79     81     83
 1970  0.000  0.093 -0.120  0.020 -0.078 -0.078 -0.103 -0.114 -0.099 -0.122 -0.094 -0.182 -0.073
 1970     86     83     84     82     80     80     80     80     80     80     81     84
 1971 -0.087 -0.294 -0.290 -0.229 -0.208 -0.232 -0.122 -0.163 -0.126 -0.156 -0.073 -0.193 -0.181
 1971     84     85     83     82     78     78     80     80     81     80     81     83
 1972 -0.348 -0.310 -0.148 -0.063 -0.062  0.006 -0.016  0.008 -0.059  0.009  0.035  0.158 -0.066
 1972     85     86     83     81     78     79     79     79     80     80     81     84
 1973  0.154  0.260  0.224  0.138  0.088  0.084  0.005 -0.007 -0.047 -0.028 -0.088 -0.085  0.058
 1973     85     85     83     80     80     81     80     82     79     80     83     84
 1974 -0.360 -0.371 -0.237 -0.180 -0.179 -0.157 -0.128 -0.110 -0.160 -0.190 -0.177 -0.217 -0.206
 1974     85     86     84     80     80     77     78     80     79     81     80     83
 1975 -0.075 -0.114 -0.066 -0.101 -0.105 -0.119 -0.140 -0.180 -0.156 -0.243 -0.314 -0.322 -0.161
 1975     83     84     81     81     80     79     79     80     80     79     80     81
 1976 -0.239 -0.300 -0.434 -0.211 -0.288 -0.259 -0.205 -0.194 -0.168 -0.288 -0.187 -0.106 -0.240
 1976     82     83     82     80     79     78     78     80     78     80     79     81
 1977 -0.171  0.051  0.099  0.055  0.027  0.065 -0.005 -0.044  0.017 -0.020  0.088 -0.091  0.006
 1977     84     83     83     81     79     80     79     81     80     80     81     84
 1978  0.017 -0.004  0.008 -0.061 -0.121 -0.113 -0.056 -0.163 -0.061 -0.104  0.020 -0.076 -0.059
 1978     84     84     84     82     80     78     79     79     79     79     79     84
 1979 -0.041 -0.092  0.022 -0.057 -0.036  0.033  0.043  0.066  0.085  0.099  0.122  0.309  0.046
 1979     88     87     86     85     86     85     84     84     83     83     84     86
 1980  0.098  0.150  0.038  0.129  0.112  0.070  0.042  0.012  0.016 -0.004  0.136  0.052  0.071
 1980     87     87     85     84     82     82     80     81     80     81     82     85
 1981  0.250  0.157  0.184  0.097  0.068  0.101  0.073  0.078  0.062  0.000  0.033  0.213  0.110
 1981     86     86     87     83     80     80     80     82     80     82     84     84
 1982 -0.029 -0.025 -0.105  0.032  0.040 -0.033 -0.015 -0.005  0.071  0.022  0.018  0.223  0.016
 1982     86     88     88     84     81     80     81     80     81     82     83     84
 1983  0.363  0.307  0.182  0.114  0.105  0.117  0.135  0.175  0.147  0.093  0.234  0.080  0.171
 1983     86     88     87     85     81     81     81     83     82     82     83     84
 1984  0.088  0.009  0.050 -0.018  0.064 -0.015 -0.025  0.033  0.022 -0.036 -0.122 -0.283 -0.019
 1984     88     88     86     84     82     82     80     83     82     82     84     85
 1985  0.000 -0.154 -0.031 -0.043  0.000 -0.050 -0.043  0.013 -0.036 -0.008 -0.092  0.001 -0.037
 1985     86     87     87     85     83     82     85     84     84     85     84     88
 1986  0.121  0.065  0.050  0.043  0.023  0.056  0.005  0.000  0.015  0.041 -0.030  0.022  0.034
 1986     87     88     87     87     84     83     83     81     83     85     85     86
 1987  0.114  0.267  0.021  0.085  0.144  0.122  0.241  0.219  0.252  0.172  0.185  0.313  0.178
 1987     88     88     87     85     83     83     85     85     84     84     84     87
 1988  0.334  0.188  0.249  0.224  0.173  0.199  0.166  0.154  0.147  0.120  0.027  0.108  0.174
 1988     87     89     87     86     83     84     82     84     84     83     84     85
 1989  0.019  0.094  0.089  0.083  0.072  0.094  0.165  0.166  0.134  0.145  0.067  0.184  0.109
 1989     86     88     86     85     83     82     82     82     83     83     84     85
 1990  0.186  0.241  0.441  0.284  0.230  0.232  0.194  0.227  0.177  0.271  0.277  0.199  0.247
 1990     84     85     84     84     83     82     81     82     81     81     82     83
 1991  0.221  0.270  0.162  0.295  0.250  0.270  0.268  0.224  0.174  0.132  0.081  0.084  0.203
 1991     82     83     83     80     79     80     80     81     79     79     80     81
 1992  0.263  0.250  0.195  0.131  0.124  0.117 -0.008 -0.009 -0.060 -0.075 -0.099  0.011  0.070
 1992     83     83     83     80     81     79     77     79     79     79     81     82
 1993  0.205  0.164  0.204  0.116  0.157  0.123  0.087  0.059  0.008  0.059 -0.042  0.105  0.104
 1993     82     83     82     81     78     78     78     80     78     79     80     81
 1994  0.157 -0.073  0.176  0.175  0.217  0.194  0.143  0.175  0.156  0.230  0.244  0.229  0.169
 1994     82     82     81     79     79     78     78     80     80     81     81     81
 1995  0.347  0.450  0.285  0.230  0.174  0.283  0.279  0.305  0.212  0.241  0.268  0.165  0.270
 1995     82     82     83     82     80     80     81     82     82     81     81     82
 1996  0.067  0.244  0.125  0.095  0.176  0.161  0.178  0.176  0.092  0.087  0.080  0.175  0.138
 1996     83     83     83     80     79     80     80     80     81     80     80     82
 1997  0.157  0.244  0.260  0.198  0.255  0.365  0.373  0.404  0.455  0.482  0.448  0.527  0.347
 1997     82     82     82     81     81     80     80     81     80     79     80     81
 1998  0.484  0.732  0.519  0.602  0.567  0.576  0.650  0.612  0.399  0.406  0.343  0.426  0.526
 1998     81     81     81     79     80     78     79     79     78     79     79     80
 1999  0.363  0.534  0.286  0.318  0.246  0.266  0.281  0.251  0.274  0.239  0.223  0.341  0.302
 1999     80     80     80     79     78     78     78     80     79     80     80     81
 2000  0.212  0.361  0.332  0.445  0.267  0.249  0.260  0.337  0.310  0.210  0.159  0.183  0.277
 2000     82     82     80     79     78     78     77     79     77     78     78     79
 2001  0.329  0.289  0.474  0.426  0.399  0.416  0.453  0.498  0.403  0.376  0.489  0.323  0.406
 2001     79     80     80     78     77     78     78     80     78     78     79     80
 2002  0.570  0.594  0.586  0.443  0.432  0.458  0.462  0.412  0.412  0.362  0.398  0.327  0.455
 2002     79     81     81     79     79     77     78     79     78     79     81     80
 2003  0.515  0.424  0.415  0.404  0.437  0.435  0.454  0.511  0.497  0.549  0.418  0.517  0.465
 2003     80     80     80     79     78     79     79     80     80     79     80     82
 2004  0.496  0.560  0.500  0.484  0.322  0.350  0.381  0.420  0.443  0.467  0.520  0.382  0.444
 2004     81     82     80     79     79     79     78     79     79     78     79     81
 2005  0.452  0.360  0.489  0.532  0.474  0.506  0.531  0.498  0.494  0.501  0.489  0.369  0.475
 2005     80     81     80     78     78     79     80     81     81     80     81     82
 2006  0.298  0.431  0.384  0.364  0.349  0.447  0.446  0.478  0.422  0.474  0.436  0.529  0.421
 2006     81     82     83     81     80     81     81     81     82     82     81     82
 2007  0.623  0.509  0.437  0.467  0.372  0.373  0.392  0.362  0.402  0.361  0.263  0.230  0.399
 2007     81     81     81     81     80     81     81     82     82     81     81     82
 2008  0.050  0.200  0.479  0.285  0.283  0.313  0.405  0.403  0.368  0.447  0.398  0.324  0.330
 2008     82     83     84     83     82     82     82     83     82     83     82     82
 2009  0.372  0.362  0.364  0.408  0.400  0.501  0.499  0.534  0.449  0.000  0.000  0.000  0.432
 2009     82     82     81     79     79     80     80     82     81      0      0      0
