 1850 -0.282 -0.278 -0.544 -0.405 -0.342 -0.181 -0.312 -0.370 -0.413 -0.470 -0.281 -0.315 -0.349
 1850     21     19     18     18     19     20     21     22     27     25     25     22
 1851 -0.421 -0.557 -0.455 -0.409 -0.260 -0.202 -0.279 -0.287 -0.056 -0.066  0.054  0.038 -0.242
 1851     19     16     17     19     18     17     21     22     19     21     20     18
 1852  0.043 -0.372 -0.276 -0.242 -0.245  0.128 -0.224 -0.066 -0.090 -0.132 -0.124 -0.009 -0.134
 1852     18     19     19     22     22     23     23     21     23     23     21     20
 1853 -0.056  0.111 -0.056 -0.138 -0.157 -0.103 -0.187 -0.305 -0.386 -0.480 -0.238 -0.162 -0.180
 1853     22     24     25     19     23     25     23     26     24     27     21     23
 1854 -0.213 -0.243 -0.065 -0.128 -0.106 -0.178 -0.168  0.034 -0.180 -0.262 -0.368 -0.045 -0.160
 1854     24     22     25     27     26     23     25     27     24     26     23     22
 1855  0.044 -0.187  0.006 -0.044 -0.384 -0.101 -0.232 -0.276 -0.346 -0.071 -0.081 -0.242 -0.159
 1855     22     25     21     23     27     25     27     25     22     21     20     18
 1856 -0.183 -0.304 -0.336 -0.445  0.039 -0.411 -0.483 -0.434 -0.402 -0.305 -0.706 -0.628 -0.383
 1856     18     24     19     17     25     23     21     22     19     21     27     24
 1857 -0.430 -0.297 -0.342 -0.352 -0.469 -0.203 -0.606 -0.323 -0.349 -0.497 -0.589 -0.628 -0.424
 1857     21     19     22     17     20     19     18     20     20     20     20     16
 1858 -0.454 -0.495 -0.559 -0.299 -0.512 -0.849 -0.474 -0.513 -0.676 -0.209 -0.402 -0.297 -0.478
 1858     17     19     17     20     19     19     19     20     18     19     19     20
 1859 -0.541 -0.499 -0.453 -0.042 -0.393 -0.394 -0.498 -0.104 -0.674 -0.235 -0.551 -0.507 -0.408
 1859     16     15     18     16     16     11     14     12     13     16     11     15
 1860 -0.433 -0.471 -0.287 -0.291 -0.219 -0.567  0.105 -0.155 -0.333  0.077 -0.222 -0.204 -0.250
 1860     15     16     12     14     10     11     12     15     12     13     11     11
 1861 -0.785 -1.211 -0.494  0.149 -0.329 -0.191  0.250 -0.025 -0.299 -0.137 -0.094 -0.108 -0.273
 1861     10      9      7      8      7      6      6     10      8      8      7      6
 1862 -0.363 -0.510 -0.536 -0.496 -0.457 -0.484 -0.513 -0.741 -0.388 -0.469 -0.730 -1.034 -0.560
 1862      7      6      8      8      8     11     11      8      8      6      6      5
 1863 -0.629 -0.664 -0.653 -0.290 -0.271 -0.355 -0.627 -0.596 -0.474 -0.668 -0.811 -0.203 -0.520
 1863      7      7      8      7      9      8      7      8      6      7      6      6
 1864 -0.725 -0.966 -0.800 -0.437 -0.106 -0.048  0.149  0.401 -0.431 -0.342 -0.112 -0.312 -0.311
 1864      8      8      9     10      7     10      7      7      6      7      9      8
 1865 -0.226  0.099 -0.214 -0.335 -0.246  0.064 -0.263 -0.341 -0.023  0.031 -0.313 -0.265 -0.169
 1865      7      5      6      9      8      7      7      7      6      4      5      7
 1866 -0.566  0.115 -0.445 -0.557 -0.549  0.428 -0.137 -0.091 -0.336 -0.187 -0.067 -0.199 -0.216
 1866      8     10      8      7      6      7      7      7      7      6      6      6
 1867 -0.041 -0.026  0.167 -0.237 -0.093 -0.247 -0.016 -0.039 -0.164 -0.348  0.232 -0.471 -0.107
 1867      8      7      8      8      7      8      8      6      6      6      6      8
 1868 -0.155 -0.297 -0.032 -0.006  0.027  0.425  0.699  0.075 -0.089 -0.476 -0.204  0.089  0.005
 1868      5      5      6      9      7      6      8      7      8      8      8      8
 1869 -0.234 -0.092 -0.235 -0.022  0.127 -0.199 -0.006 -0.023 -0.298 -0.118 -0.195 -0.196 -0.124
 1869      7     10     11     11     13     14     12     13     11     11     10     11
 1870 -0.146 -0.018 -0.045 -0.097 -0.075 -0.062 -0.062  0.083 -0.126 -0.079 -0.212 -0.113 -0.079
 1870     12     14     17     14     12     14     15     13     11      9     14     10
 1871 -0.296 -0.339 -0.233  0.070  0.004 -0.056  0.023 -0.284 -0.463 -0.472 -0.513 -0.179 -0.228
 1871      9      9     11     12     12     13     12     14     11     10      9     11
 1872 -0.542 -0.587 -0.514 -0.273 -0.199 -0.083  0.014  0.162  0.117 -0.243 -0.392 -0.393 -0.244
 1872     10     13     12     13     12     14     14     12     14     14     16     16
 1873 -0.096 -0.508 -0.294 -0.319 -0.414 -0.443 -0.354 -0.202 -0.106 -0.332 -0.321 -0.201 -0.299
 1873     14     11     13     12     15     16     12     17     13     13     13     15
 1874  0.097 -0.398 -0.528 -0.402 -0.162 -0.234 -0.306 -0.387 -0.133 -0.524 -0.491 -0.635 -0.342
 1874     10     15     15     15     12     14     17     16     14     18     16     18
 1875 -0.431 -0.343 -0.416 -0.349 -0.159 -0.270 -0.269 -0.095 -0.047 -0.049 -0.360 -0.472 -0.272
 1875     16     14     21     19     19     20     16     19     12     16     15     17
 1876 -0.584 -0.378 -0.400 -0.419 -0.554 -0.200  0.043 -0.202 -0.316 -0.450 -0.233 -0.120 -0.318
 1876     16     18     16     17     17     18     17     18     15     14     18     15
 1877 -0.366  0.168 -0.179 -0.069 -0.090  0.112  0.094  0.325  0.259  0.187  0.248  0.317  0.084
 1877     13     14     16     16     15     16     19     17     18     18     17     18
 1878  0.308  0.255  0.178  0.494  0.288  0.294 -0.041  0.111  0.139 -0.176 -0.056 -0.017  0.148
 1878     18     19     17     19     16     20     19     23     19     18     18     21
 1879 -0.079  0.046 -0.093 -0.167  0.009 -0.135 -0.280 -0.369 -0.303 -0.311 -0.487 -0.486 -0.221
 1879     15     19     19     19     20     22     18     21     21     18     16     19
 1880 -0.239 -0.373 -0.157 -0.050 -0.269 -0.240 -0.250 -0.189 -0.293 -0.243 -0.206 -0.289 -0.233
 1880     15     21     20     18     18     21     23     24     22     24     24     24
 1881 -0.048 -0.032 -0.066 -0.113 -0.072 -0.157 -0.247 -0.192 -0.401 -0.444 -0.725 -0.341 -0.236
 1881     23     25     23     22     22     25     22     22     27     23     24     20
 1882 -0.245 -0.337 -0.232 -0.282 -0.366 -0.349 -0.225 -0.407 -0.228 -0.332 -0.217 -0.388 -0.301
 1882     24     25     23     22     27     23     27     22     25     24     24     21
 1883 -0.463 -0.265 -0.284 -0.166 -0.269 -0.142 -0.206 -0.136 -0.373 -0.429 -0.405 -0.302 -0.287
 1883     26     27     26     22     23     22     25     23     23     26     24     28
 1884 -0.327 -0.171 -0.262 -0.326 -0.132 -0.219 -0.268 -0.276 -0.367 -0.341 -0.628 -0.608 -0.327
 1884     22     25     21     21     27     24     28     24     27     24     23     23
 1885 -0.343 -0.490 -0.347 -0.399 -0.212 -0.474 -0.257 -0.100 -0.224 -0.178 -0.241 -0.210 -0.290
 1885     26     24     23     24     21     18     21     24     27     27     21     26
 1886 -0.156 -0.171 -0.220 -0.136 -0.021 -0.116 -0.101 -0.269 -0.186 -0.261 -0.375 -0.268 -0.190
 1886     25     21     28     21     22     25     28     29     26     27     26     25
 1887 -0.347 -0.446 -0.225 -0.332 -0.285 -0.120 -0.079 -0.140 -0.280 -0.157 -0.332 -0.089 -0.236
 1887     25     25     25     29     24     25     27     28     27     25     28     29
 1888 -0.161 -0.183 -0.106  0.025 -0.093  0.006 -0.340 -0.208 -0.200  0.021  0.025 -0.030 -0.104
 1888     24     25     28     30     30     31     30     31     27     30     27     26
 1889  0.104  0.039  0.009  0.013 -0.017  0.060 -0.217 -0.205 -0.201 -0.221 -0.198 -0.310 -0.095
 1889     27     28     28     28     29     26     27     30     26     26     24     26
 1890 -0.323 -0.276 -0.326 -0.420 -0.283 -0.364 -0.613 -0.551 -0.501 -0.461 -0.517 -0.477 -0.426
 1890     27     26     24     22     24     27     26     27     24     25     24     23
 1891 -0.473 -0.350 -0.203 -0.158 -0.091 -0.056 -0.094 -0.167 -0.145 -0.199 -0.474 -0.231 -0.220
 1891     24     23     25     24     24     24     24     23     23     21     26     22
 1892 -0.189 -0.147 -0.260 -0.352 -0.343 -0.422 -0.574 -0.459 -0.446 -0.593 -0.671 -0.585 -0.420
 1892     24     25     28     24     23     24     23     24     28     25     26     25
 1893 -0.512 -0.435 -0.468 -0.423 -0.496 -0.339 -0.148 -0.261 -0.484 -0.314 -0.577 -0.533 -0.416
 1893     24     27     24     26     26     27     26     27     26     24     25     23
 1894 -0.593 -0.717 -0.619 -0.481 -0.528 -0.558 -0.291 -0.399 -0.308 -0.491 -0.453 -0.453 -0.491
 1894     26     25     24     23     23     27     23     26     30     25     25     25
 1895 -0.260 -0.319 -0.590 -0.469 -0.322 -0.249 -0.249 -0.273 -0.097 -0.115 -0.148 -0.254 -0.279
 1895     26     25     23     22     26     22     24     26     24     28     25     26
 1896 -0.304 -0.303 -0.173 -0.117 -0.069 -0.016 -0.038 -0.004  0.128 -0.141 -0.044  0.036 -0.087
 1896     28     28     24     26     25     28     30     30     31     29     30     29
 1897 -0.057 -0.075  0.117  0.032 -0.092 -0.114 -0.040 -0.122 -0.211 -0.227 -0.268 -0.277 -0.111
 1897     26     26     23     26     31     29     27     29     32     28     27     30
 1898 -0.231 -0.237 -0.242 -0.323 -0.333 -0.154 -0.226 -0.298 -0.250 -0.374 -0.354 -0.382 -0.284
 1898     30     28     30     27     33     32     33     35     32     33     28     30
 1899 -0.266 -0.379 -0.511 -0.274 -0.246 -0.348 -0.192 -0.141 -0.194 -0.130 -0.171 -0.195 -0.254
 1899     29     29     27     30     30     30     31     33     33     29     28     31
 1900 -0.110 -0.091 -0.079 -0.001 -0.227 -0.073 -0.136 -0.143 -0.124  0.004 -0.124 -0.106 -0.101
 1900     25     26     25     25     27     28     32     31     31     30     30     29
 1901 -0.104 -0.091 -0.317 -0.192 -0.177 -0.164 -0.183 -0.192 -0.333 -0.369 -0.418 -0.426 -0.247
 1901     29     34     30     33     30     30     31     32     33     31     29     29
 1902 -0.453 -0.495 -0.440 -0.404 -0.393 -0.504 -0.477 -0.363 -0.258 -0.205 -0.209 -0.261 -0.372
 1902     30     30     33     35     33     37     35     40     37     35     37     34
 1903 -0.180 -0.207 -0.185 -0.319 -0.392 -0.499 -0.493 -0.736 -0.588 -0.656 -0.606 -0.635 -0.458
 1903     30     32     32     30     35     36     35     37     36     34     32     35
 1904 -0.713 -0.650 -0.605 -0.526 -0.578 -0.527 -0.534 -0.539 -0.492 -0.428 -0.482 -0.466 -0.545
 1904     33     35     34     36     35     35     35     36     38     36     35     35
 1905 -0.517 -0.499 -0.554 -0.524 -0.295 -0.270 -0.095 -0.341 -0.347 -0.417 -0.380 -0.358 -0.383
 1905     36     37     37     39     39     40     41     40     39     38     41     39
 1906 -0.189 -0.175 -0.179 -0.262 -0.353 -0.304 -0.315 -0.348 -0.366 -0.381 -0.498 -0.458 -0.319
 1906     38     41     40     38     40     41     42     46     38     40     41     38
 1907 -0.369 -0.485 -0.421 -0.437 -0.361 -0.425 -0.334 -0.554 -0.495 -0.496 -0.429 -0.403 -0.434
 1907     41     41     37     39     39     41     41     42     43     42     46     43
 1908 -0.541 -0.553 -0.641 -0.524 -0.501 -0.461 -0.507 -0.395 -0.504 -0.472 -0.582 -0.610 -0.524
 1908     41     41     41     41     42     42     43     45     44     46     43     42
 1909 -0.427 -0.601 -0.610 -0.526 -0.484 -0.507 -0.562 -0.434 -0.428 -0.449 -0.673 -0.623 -0.527
 1909     41     41     41     39     43     41     46     41     42     42     41     40
 1910 -0.438 -0.634 -0.605 -0.632 -0.634 -0.581 -0.609 -0.557 -0.500 -0.522 -0.618 -0.683 -0.584
 1910     43     41     41     41     39     45     43     44     43     46     44     43
 1911 -0.472 -0.598 -0.521 -0.674 -0.548 -0.475 -0.498 -0.372 -0.252 -0.457 -0.402 -0.445 -0.476
 1911     42     45     43     42     43     40     42     47     40     46     43     43
 1912 -0.400 -0.400 -0.275 -0.328 -0.335 -0.287 -0.364 -0.525 -0.627 -0.667 -0.693 -0.655 -0.463
 1912     46     45     44     42     46     45     46     48     47     47     48     48
 1913 -0.605 -0.622 -0.602 -0.660 -0.618 -0.630 -0.625 -0.604 -0.592 -0.475 -0.502 -0.444 -0.582
 1913     48     51     53     53     52     52     53     52     53     53     54     52
 1914 -0.431 -0.392 -0.456 -0.402 -0.329 -0.380 -0.394 -0.341 -0.359 -0.240 -0.282 -0.262 -0.356
 1914     50     52     51     50     50     50     49     48     45     49     50     48
 1915 -0.252 -0.362 -0.259 -0.315 -0.294 -0.091 -0.050  0.037 -0.105 -0.203 -0.216 -0.304 -0.201
 1915     47     48     48     46     45     46     48     50     48     45     42     44
 1916 -0.374 -0.340 -0.471 -0.415 -0.458 -0.434 -0.328 -0.424 -0.387 -0.447 -0.609 -0.543 -0.436
 1916     43     44     44     43     46     45     46     47     45     44     46     44
 1917 -0.694 -0.595 -0.576 -0.493 -0.555 -0.337 -0.470 -0.320 -0.321 -0.363 -0.527 -0.459 -0.476
 1917     46     42     41     43     43     42     43     45     42     46     40     41
 1918 -0.529 -0.552 -0.573 -0.437 -0.375 -0.476 -0.464 -0.397 -0.455 -0.369 -0.305 -0.279 -0.434
 1918     43     44     43     40     38     39     42     44     40     41     38     41
 1919 -0.375 -0.289 -0.362 -0.270 -0.447 -0.431 -0.477 -0.568 -0.436 -0.368 -0.477 -0.614 -0.426
 1919     40     43     42     43     46     46     45     45     44     47     47     44
 1920 -0.496 -0.331 -0.242 -0.434 -0.349 -0.295 -0.289 -0.393 -0.449 -0.366 -0.369 -0.380 -0.366
 1920     43     44     45     46     45     46     50     50     48     50     45     48
 1921 -0.379 -0.330 -0.448 -0.271 -0.311 -0.292 -0.248 -0.314 -0.250 -0.188 -0.444 -0.297 -0.314
 1921     48     48     50     48     48     48     47     52     48     49     50     51
 1922 -0.321 -0.303 -0.245 -0.360 -0.397 -0.362 -0.370 -0.321 -0.416 -0.432 -0.461 -0.490 -0.373
 1922     50     50     50     51     49     50     51     52     51     49     53     53
 1923 -0.468 -0.492 -0.524 -0.465 -0.266 -0.389 -0.420 -0.413 -0.362 -0.350 -0.165 -0.161 -0.373
 1923     51     49     52     51     51     55     56     56     55     55     52     53
 1924 -0.195 -0.183 -0.283 -0.209 -0.198 -0.247 -0.244 -0.254 -0.268 -0.290 -0.423 -0.495 -0.274
 1924     50     52     54     52     55     56     56     57     58     53     54     50
 1925 -0.383 -0.327 -0.346 -0.310 -0.185 -0.294 -0.238 -0.215 -0.169 -0.261 -0.220 -0.179 -0.261
 1925     52     51     51     54     53     51     52     55     53     53     53     52
 1926 -0.080 -0.107 -0.142 -0.048 -0.166 -0.098 -0.154 -0.078 -0.018 -0.015 -0.067 -0.049 -0.085
 1926     53     52     54     52     51     53     54     55     55     54     53     52
 1927 -0.090 -0.177 -0.159 -0.191 -0.154 -0.151 -0.197  0.028 -0.136 -0.013 -0.096 -0.080 -0.118
 1927     51     53     55     55     54     54     56     57     58     53     54     54
 1928 -0.114 -0.200 -0.146 -0.206 -0.211 -0.271 -0.107 -0.162 -0.072 -0.160 -0.293 -0.313 -0.188
 1928     52     53     54     53     53     53     55     58     56     55     56     54
 1929 -0.314 -0.320 -0.374 -0.236 -0.287 -0.276 -0.252 -0.134 -0.128 -0.145 -0.164 -0.137 -0.230
 1929     54     55     55     55     55     56     56     58     58     57     56     56
 1930 -0.124 -0.161 -0.151 -0.065 -0.140 -0.149 -0.077  0.041  0.185  0.119  0.114  0.067 -0.029
 1930     55     55     56     55     55     56     57     59     58     56     55     54
 1931  0.060 -0.008  0.006 -0.046 -0.021 -0.006 -0.082  0.014  0.016 -0.034 -0.148 -0.122 -0.031
 1931     55     55     55     56     56     58     58     57     57     55     54     53
 1932 -0.128 -0.038 -0.141 -0.180 -0.134 -0.147 -0.074 -0.016 -0.001 -0.007 -0.064 -0.107 -0.086
 1932     54     55     55     56     56     57     56     59     56     56     51     54
 1933 -0.109 -0.125 -0.122 -0.073 -0.116 -0.200 -0.111 -0.138 -0.255 -0.148 -0.260 -0.272 -0.161
 1933     55     52     54     56     55     53     56     61     60     58     58     55
 1934 -0.263 -0.331 -0.351 -0.234 -0.139  0.008  0.013 -0.009  0.039 -0.165 -0.125 -0.147 -0.142
 1934     56     53     56     56     57     57     60     61     59     56     57     57
 1935 -0.096 -0.148 -0.159 -0.069 -0.062 -0.084 -0.056 -0.020 -0.108 -0.020 -0.071 -0.075 -0.081
 1935     55     56     55     56     58     59     60     61     60     59     58     58
 1936 -0.087 -0.037 -0.029  0.029 -0.001  0.045  0.070  0.137  0.133 -0.085 -0.145 -0.054 -0.002
 1936     57     57     57     56     59     59     59     61     59     59     57     55
 1937 -0.043  0.056  0.125  0.056  0.068  0.135  0.267  0.255  0.241  0.187  0.177  0.117  0.137
 1937     56     55     55     57     57     59     62     62     59     57     55     55
 1938  0.094  0.092  0.104  0.009 -0.012  0.021  0.068  0.155  0.100  0.037 -0.051 -0.070  0.046
 1938     56     55     56     55     58     58     59     60     57     55     56     56
 1939 -0.125 -0.072 -0.088 -0.095 -0.018 -0.022  0.140  0.171  0.348  0.172  0.174  0.081  0.056
 1939     55     54     54     57     57     58     59     58     56     55     53     52
 1940 -0.082 -0.199 -0.085 -0.095 -0.020  0.016  0.104  0.043  0.030  0.136  0.116  0.113  0.006
 1940     53     53     51     52     54     54     54     57     50     52     52     52
 1941  0.085  0.159  0.037  0.116  0.055  0.137  0.168  0.139  0.127  0.380  0.353  0.247  0.167
 1941     49     52     51     52     53     54     55     56     53     55     50     33
 1942  0.142  0.331  0.028  0.037  0.050 -0.001  0.049 -0.072  0.038  0.022  0.046 -0.088  0.049
 1942     39     40     38     42     41     41     41     40     33     35     37     31
 1943 -0.082 -0.101 -0.092 -0.072  0.057  0.027 -0.035  0.061  0.039  0.087  0.078  0.166  0.011
 1943     31     33     36     34     34     36     35     39     40     38     37     40
 1944  0.072  0.183  0.075  0.014  0.162  0.058  0.104  0.223  0.236  0.223  0.112  0.238  0.142
 1944     44     41     44     46     43     45     45     45     44     44     43     40
 1945  0.229  0.193  0.093  0.020  0.007  0.126  0.068  0.098  0.055  0.112  0.154  0.155  0.109
 1945     42     44     41     41     42     42     39     41     39     40     45     47
 1946  0.091 -0.077 -0.017 -0.078 -0.111 -0.216 -0.128 -0.149 -0.019 -0.067 -0.093 -0.161 -0.085
 1946     39     39     37     40     37     40     43     46     39     42     47     40
 1947 -0.110 -0.188 -0.228 -0.216 -0.270 -0.167 -0.203 -0.165 -0.227 -0.332 -0.277 -0.229 -0.218
 1947     41     45     46     44     46     45     49     51     46     43     44     44
 1948 -0.222 -0.294 -0.182 -0.166 -0.133  0.012 -0.164 -0.060 -0.229 -0.280 -0.333 -0.200 -0.188
 1948     43     41     43     42     43     46     47     48     48     47     47     44
 1949 -0.079  0.001 -0.201 -0.164 -0.135 -0.292 -0.181 -0.111 -0.267 -0.191 -0.150 -0.107 -0.157
 1949     52     52     54     52     55     55     56     58     59     56     56     54
 1950 -0.085 -0.128 -0.156 -0.190 -0.168 -0.220 -0.174 -0.160 -0.196 -0.231 -0.146 -0.102 -0.163
 1950     52     53     54     54     55     54     54     56     54     53     54     53
 1951 -0.100 -0.135 -0.139 -0.184 -0.037  0.020  0.054  0.224  0.181  0.095  0.087  0.140  0.017
 1951     52     54     56     55     55     56     57     60     57     56     56     55
 1952  0.050  0.069  0.023  0.024  0.072  0.060 -0.021  0.047  0.012  0.029 -0.094 -0.013  0.022
 1952     55     55     55     58     57     57     59     61     58     58     58     55
 1953 -0.037 -0.047  0.037  0.057  0.053  0.047  0.059  0.099  0.086  0.017  0.023  0.029  0.035
 1953     56     57     56     56     58     60     60     62     61     59     60     57
 1954  0.116  0.005 -0.076 -0.074 -0.095 -0.101 -0.193 -0.124 -0.129 -0.185 -0.167 -0.129 -0.096
 1954     57     57     58     58     58     60     60     61     62     61     60     55
 1955 -0.115 -0.106 -0.116 -0.159 -0.184 -0.215 -0.085 -0.068 -0.128 -0.239 -0.144 -0.077 -0.136
 1955     57     56     59     58     59     60     62     63     63     62     60     58
 1956 -0.050 -0.113 -0.103 -0.130 -0.207 -0.319 -0.256 -0.224 -0.273 -0.202 -0.258 -0.164 -0.192
 1956     57     58     58     59     60     60     61     64     63     62     61     60
 1957 -0.162 -0.068 -0.044 -0.040  0.035  0.022  0.099  0.183  0.113  0.030  0.106  0.161  0.036
 1957     61     60     61     63     61     61     63     66     64     64     62     60
 1958  0.157  0.224  0.170  0.157  0.069  0.158  0.049  0.102  0.113  0.053  0.020  0.131  0.117
 1958     59     61     61     63     63     63     65     67     65     64     63     61
 1959  0.077  0.100  0.010  0.044  0.074  0.023  0.047  0.033  0.043  0.008 -0.053 -0.015  0.033
 1959     61     62     61     62     63     64     64     64     65     63     63     62
 1960 -0.013 -0.004  0.018 -0.027 -0.016 -0.019  0.115  0.018  0.055 -0.026 -0.007 -0.007  0.007
 1960     62     62     62     63     63     63     64     66     65     64     63     63
 1961  0.023  0.067  0.101  0.094  0.051  0.053  0.069  0.089 -0.048  0.085  0.024  0.068  0.056
 1961     62     62     62     63     64     65     65     66     66     64     63     62
 1962  0.056  0.073  0.020  0.059  0.015 -0.023  0.133  0.153  0.061  0.060  0.050  0.087  0.062
 1962     63     62     63     64     63     63     65     66     66     65     63     62
 1963  0.034  0.034  0.033  0.074  0.042  0.032  0.116  0.173  0.082  0.156  0.189  0.176  0.095
 1963     62     62     63     63     64     64     65     66     65     65     63     62
 1964  0.077  0.026 -0.062 -0.068 -0.046 -0.034 -0.078 -0.297 -0.308 -0.251 -0.258 -0.245 -0.129
 1964     64     63     63     64     65     64     65     67     67     66     65     64
 1965 -0.243 -0.197 -0.236 -0.213 -0.207 -0.220 -0.233 -0.130 -0.130 -0.026  0.049  0.039 -0.146
 1965     63     64     64     64     65     65     66     68     67     66     65     64
 1966  0.061  0.074  0.099  0.042 -0.068 -0.025  0.011  0.020 -0.017  0.081  0.061  0.045  0.032
 1966     64     64     64     65     65     66     68     70     69     68     66     65
 1967 -0.077 -0.056 -0.058  0.023  0.046  0.061  0.042  0.122  0.023  0.038 -0.003 -0.086  0.006
 1967     65     65     65     66     66     67     68     70     69     68     66     66
 1968 -0.156 -0.164 -0.203 -0.093  0.012  0.106  0.077  0.041  0.067  0.094  0.074  0.114 -0.002
 1968     65     64     64     66     66     67     69     70     71     69     66     66
 1969  0.197  0.168  0.158  0.137  0.194  0.045  0.030  0.040  0.056  0.001  0.024  0.051  0.092
 1969     65     65     65     65     66     66     68     68     68     67     66     65
 1970  0.045  0.010  0.025  0.078 -0.018 -0.028 -0.139 -0.053 -0.078 -0.031 -0.070 -0.045 -0.025
 1970     64     64     65     66     66     66     68     69     69     68     66     66
 1971 -0.094 -0.176 -0.225 -0.175 -0.231 -0.258 -0.159 -0.236 -0.286 -0.286 -0.299 -0.227 -0.221
 1971     64     64     65     65     66     66     68     69     69     67     66     65
 1972 -0.260 -0.185 -0.196 -0.076 -0.045 -0.020  0.023 -0.090 -0.125 -0.078  0.002  0.086 -0.080
 1972     65     64     65     65     65     66     68     69     69     68     67     66
 1973  0.087  0.103  0.057  0.063  0.028  0.002 -0.022 -0.043 -0.100 -0.158 -0.151 -0.264 -0.033
 1973     65     65     65     65     66     67     67     70     70     68     67     66
 1974 -0.224 -0.176 -0.198 -0.232 -0.294 -0.216 -0.196 -0.105 -0.153 -0.188 -0.231 -0.142 -0.196
 1974     65     65     66     66     66     65     67     70     68     68     67     66
 1975 -0.143 -0.086 -0.142 -0.198 -0.195 -0.250 -0.187 -0.185 -0.306 -0.347 -0.376 -0.388 -0.234
 1975     66     65     66     65     67     67     68     70     70     68     67     66
 1976 -0.366 -0.346 -0.215 -0.278 -0.318 -0.239 -0.222 -0.183 -0.257 -0.136 -0.177 -0.143 -0.240
 1976     65     66     65     65     67     66     67     70     69     68     66     66
 1977 -0.119 -0.110 -0.056 -0.117 -0.102 -0.025 -0.015  0.019  0.074 -0.060 -0.047 -0.018 -0.048
 1977     65     65     65     66     66     67     69     70     69     68     67     66
 1978  0.053 -0.010 -0.024 -0.083 -0.127 -0.103 -0.021 -0.081 -0.093 -0.088 -0.053 -0.034 -0.055
 1978     65     65     66     66     66     66     68     69     70     68     66     65
 1979  0.026 -0.005  0.027  0.030 -0.088  0.078  0.009 -0.004  0.037  0.033  0.061  0.120  0.027
 1979     66     66     66     66     66     67     68     70     69     68     67     66
 1980  0.160  0.056  0.058  0.027  0.023  0.038  0.061  0.037  0.020 -0.075 -0.078 -0.059  0.022
 1980     66     65     66     66     66     66     68     69     69     68     68     66
 1981 -0.084 -0.063  0.024  0.029  0.051  0.102  0.069 -0.003  0.052  0.061  0.013  0.025  0.023
 1981     65     66     66     66     66     66     69     69     69     68     67     66
 1982  0.021  0.047  0.062  0.013  0.072  0.016 -0.074 -0.096 -0.054  0.037  0.073  0.060  0.015
 1982     65     65     66     66     66     67     68     70     69     68     67     66
 1983  0.133  0.030  0.050  0.014  0.099  0.116  0.064  0.027  0.087 -0.005 -0.028  0.000  0.049
 1983     65     65     66     66     65     67     68     69     69     67     67     66
 1984 -0.062 -0.066 -0.017 -0.053 -0.056 -0.142  0.008 -0.047 -0.028 -0.155 -0.174 -0.200 -0.083
 1984     65     66     65     65     66     68     68     69     69     67     67     66
 1985 -0.200 -0.196 -0.215 -0.246 -0.171 -0.098 -0.134 -0.126 -0.037 -0.079 -0.042 -0.106 -0.137
 1985     64     65     66     65     66     66     69     70     69     68     67     66
 1986 -0.130 -0.131 -0.124 -0.074 -0.015 -0.007 -0.048 -0.063 -0.022 -0.044 -0.054 -0.051 -0.064
 1986     65     65     65     65     66     67     68     68     69     68     67     66
 1987 -0.109 -0.099 -0.014 -0.027  0.075  0.092  0.137  0.245  0.223  0.188  0.276  0.186  0.098
 1987     66     65     66     66     66     67     69     70     70     68     66     66
 1988  0.230  0.147  0.169  0.151  0.098  0.129  0.195  0.126  0.035  0.002 -0.115 -0.142  0.085
 1988     66     66     66     66     66     67     68     70     70     69     67     67
 1989 -0.141 -0.072 -0.085  0.048  0.072  0.106  0.210  0.212  0.134  0.059  0.078  0.028  0.054
 1989     66     66     66     66     67     67     69     69     70     68     67     66
 1990  0.081  0.152  0.226  0.229  0.210  0.194  0.268  0.258  0.280  0.314  0.266  0.234  0.226
 1990     66     66     65     66     67     68     69     70     70     69     68     66
 1991  0.255  0.186  0.156  0.228  0.150  0.211  0.260  0.211  0.083  0.076  0.049  0.065  0.161
 1991     65     65     65     65     66     67     68     70     70     69     67     65
 1992  0.077  0.140  0.114  0.106  0.139  0.154  0.026 -0.063 -0.082 -0.063 -0.118 -0.031  0.033
 1992     64     64     65     64     66     66     67     68     69     67     66     65
 1993  0.090  0.032  0.004  0.056  0.117  0.124  0.052 -0.006 -0.025 -0.030  0.018  0.013  0.037
 1993     64     65     65     65     66     65     66     68     68     66     65     65
 1994  0.070  0.094  0.092  0.148  0.144  0.132  0.168  0.239  0.227  0.291  0.229  0.248  0.173
 1994     64     64     64     64     66     66     66     68     68     66     67     64
 1995  0.238  0.223  0.204  0.183  0.117  0.278  0.341  0.374  0.221  0.212  0.214  0.220  0.235
 1995     64     64     64     64     64     65     68     68     68     66     65     65
 1996  0.120  0.081  0.066  0.078  0.123  0.193  0.131  0.201  0.140  0.074  0.016  0.030  0.104
 1996     64     64     65     64     65     65     67     68     68     67     66     65
 1997  0.089  0.197  0.202  0.182  0.302  0.403  0.441  0.434  0.428  0.460  0.444  0.436  0.335
 1997     64     64     64     64     64     65     66     67     67     65     64     64
 1998  0.485  0.479  0.442  0.478  0.488  0.514  0.547  0.610  0.339  0.351  0.324  0.257  0.443
 1998     62     62     64     63     64     64     65     67     66     65     63     63
 1999  0.195  0.206  0.237  0.196  0.215  0.212  0.225  0.243  0.226  0.216  0.135  0.138  0.204
 1999     63     63     63     63     63     64     66     67     67     66     64     64
 2000  0.157  0.127  0.226  0.207  0.292  0.228  0.252  0.361  0.295  0.234  0.258  0.201  0.236
 2000     64     64     63     64     64     64     66     67     66     65     64     64
 2001  0.197  0.191  0.286  0.287  0.315  0.379  0.437  0.443  0.354  0.371  0.342  0.344  0.329
 2001     63     62     63     63     63     64     65     67     66     65     64     64
 2002  0.296  0.305  0.354  0.430  0.397  0.440  0.370  0.374  0.369  0.431  0.362  0.436  0.380
 2002     64     62     63     63     64     64     66     67     66     66     65     64
 2003  0.311  0.295  0.372  0.320  0.381  0.464  0.510  0.603  0.657  0.582  0.509  0.406  0.451
 2003     64     63     64     64     64     65     66     67     67     65     65     64
 2004  0.430  0.384  0.395  0.494  0.412  0.429  0.543  0.584  0.572  0.526  0.511  0.472  0.479
 2004     63     62     63     63     64     64     65     67     68     66     65     63
 2005  0.411  0.373  0.328  0.445  0.519  0.587  0.615  0.633  0.599  0.493  0.433  0.290  0.477
 2005     63     63     64     63     64     65     66     68     67     66     65     64
 2006  0.263  0.213  0.168  0.297  0.334  0.420  0.468  0.573  0.587  0.603  0.574  0.469  0.414
 2006     62     63     63     62     63     64     65     66     67     67     64     64
 2007  0.435  0.418  0.358  0.325  0.303  0.393  0.413  0.421  0.379  0.347  0.235  0.235  0.355
 2007     63     64     64     64     64     64     66     67     67     66     66     64
 2008  0.204  0.212  0.205  0.245  0.264  0.367  0.503  0.484  0.525  0.436  0.334  0.280  0.338
 2008     63     63     64     63     64     65     66     68     68     67     65     64
 2009  0.264  0.208  0.205  0.254  0.324  0.585  0.635  0.616  0.456  0.000  0.000  0.000  0.394
 2009     63     63     63     63     64     66     66     69     68      0      0      0
