 1850 -0.624 -0.594 -0.851 -0.632 -0.327 -0.531 -0.288 -0.499 -0.602 -0.427 -0.234 -0.363 -0.498
 1850     18     16     14     14     13     16     17     18     15     16     19     23
 1851 -0.469 -0.336 -0.368 -0.563 -0.494 -0.420 -0.312 -0.236 -0.436 -0.300 -0.158 -0.249 -0.362
 1851     20     22     18     17     16     18     17     19     13     14     12     17
 1852 -0.856 -0.695 -0.628 -0.638 -0.408 -0.351  0.011 -0.463 -0.339 -0.395 -0.238 -0.232 -0.436
 1852     21     20     18     18     19     19     18     20     14     15     18     24
 1853 -0.591 -0.693 -0.396 -0.461 -0.486 -0.437 -0.213 -0.269 -0.511 -0.498 -0.259 -0.506 -0.443
 1853     22     22     23     23     21     23     24     26     28     26     25     26
 1854 -0.488 -0.471 -0.602 -0.538 -0.596 -0.385 -0.617 -0.608 -0.217 -0.462 -0.446 -0.669 -0.508
 1854     28     30     27     24     26     26     26     31     26     29     29     29
 1855 -0.440 -0.339 -0.515 -0.587 -0.582 -0.460 -0.526 -0.235 -0.400 -0.489 -0.275 -0.276 -0.427
 1855     28     31     28     26     26     26     28     29     28     23     24     22
 1856 -0.208 -0.419 -0.400 -0.412 -0.263 -0.551 -0.322 -0.300 -0.518 -0.488 -0.429 -0.454 -0.397
 1856     25     25     24     28     24     23     23     27     28     29     29     22
 1857 -0.526 -0.571 -0.554 -0.651 -0.607 -0.470 -0.731 -0.556 -0.461 -0.575 -0.704 -0.631 -0.586
 1857     25     27     25     26     26     24     29     30     25     28     24     26
 1858 -0.839 -0.665 -0.535 -0.803 -0.986 -0.762 -0.511 -0.233 -0.250 -0.473 -0.450 -0.454 -0.580
 1858     30     26     30     26     25     21     21     21     22     16     18     23
 1859 -0.455 -0.400 -0.526 -0.438 -0.508 -0.381 -0.458 -0.351 -0.659 -0.370 -0.323 -0.051 -0.410
 1859     23     25     19     18     19     21     22     25     20     19     20     22
 1860 -0.206 -0.228 -0.442 -0.431 -0.483 -0.452 -0.382 -0.397 -0.295 -0.411 -0.336 -0.545 -0.384
 1860     27     19     23     21     24     20     20     19     18     18     19     18
 1861 -0.289 -0.576 -0.855 -0.432 -0.885 -0.482 -0.800 -0.400 -0.447 -0.618 -0.594 -0.394 -0.564
 1861     18     17     14     11     10     15     16     15     16     18     18     19
 1862 -0.572 -0.403 -0.268 -0.187 -0.140 -0.302 -0.380 -0.803 -0.576 -0.448 -0.527 -0.480 -0.424
 1862     16     16     15     16     19     17     17     17     20     18     15     14
 1863 -0.325 -0.174 -0.348 -0.254 -0.579 -0.536 -0.356 -0.397 -0.513 -0.263 -0.278 -0.483 -0.376
 1863     16     14     15     15     19     20     17     17     17     16     14     15
 1864 -0.778 -0.567 -0.486 -0.576 -0.396 -0.592 -0.467 -0.720 -0.551 -0.496 -0.171 -0.248 -0.504
 1864     16     16     14     14     16     17     18     21     15     16     16     17
 1865 -0.286 -0.280 -0.218 -0.162 -0.456 -0.537 -0.367 -0.209 -0.501 -0.344 -0.466 -0.313 -0.345
 1865     16     16     13     13     16     16     14     16     14     15     16     16
 1866 -0.264 -0.312 -0.592 -0.245 -0.329 -0.257 -0.061 -0.302 -0.437 -0.222 -0.263 -0.523 -0.317
 1866     17     14     12     14     14     15     16     14     14     13     14     16
 1867 -0.332 -0.491 -0.279 -0.147 -0.338 -0.398 -0.375 -0.456 -0.175 -0.281 -0.376 -0.524 -0.348
 1867     11     15     18     15     13     14     15     14     14     16     17     15
 1868 -0.554 -0.337 -0.122 -0.490 -0.415 -0.765 -0.474 -0.346 -0.232 -0.264 -0.291 -0.385 -0.390
 1868     17     15     18     15     18     19     22     22     26     24     25     21
 1869 -0.414 -0.204 -0.541 -0.306 -0.558 -0.621 -0.633 -0.444 -0.328 -0.385 -0.383 -0.446 -0.439
 1869     20     19     20     20     19     17     15     23     25     28     26     27
 1870 -0.280 -0.436 -0.440 -0.262 -0.484 -0.566 -0.176 -0.356 -0.435 -0.530 -0.350 -0.408 -0.394
 1870     30     28     25     24     22     25     27     24     24     21     22     24
 1871 -0.333 -0.178 -0.084 -0.327 -0.361 -0.345 -0.214 -0.425 -0.401 -0.548 -0.169 -0.345 -0.311
 1871     21     19     23     30     25     22     22     30     22     23     29     30
 1872 -0.361 -0.265 -0.421 -0.305 -0.261 -0.462 -0.321 -0.243 -0.389 -0.398 -0.075 -0.319 -0.318
 1872     31     24     22     26     28     27     23     28     27     26     23     32
 1873 -0.125 -0.203 -0.226 -0.374 -0.345 -0.463 -0.229 -0.304 -0.532 -0.494 -0.465 -0.570 -0.361
 1873     28     25     28     26     23     22     27     28     26     26     30     27
 1874 -0.404 -0.581 -0.443 -0.537 -0.542 -0.791 -0.195 -0.480 -0.446 -0.591 -0.448 -0.394 -0.488
 1874     28     24     27     29     22     23     23     24     25     31     27     28
 1875 -0.262 -0.183 -0.304 -0.297 -0.261 -0.411 -0.456 -0.310 -0.251 -0.390 -0.244 -0.410 -0.315
 1875     25     28     24     22     21     24     28     24     25     23     25     24
 1876 -0.295 -0.358 -0.383 -0.341 -0.467 -0.618 -0.520 -0.548 -0.745 -0.391 -0.481 -0.502 -0.471
 1876     25     27     26     18     24     29     29     24     19     26     26     29
 1877 -0.420  0.025 -0.141 -0.150 -0.553 -0.359 -0.331 -0.189 -0.103  0.083 -0.141 -0.107 -0.199
 1877     25     24     25     23     23     24     23     28     29     22     27     29
 1878  0.187  0.243  0.080  0.035 -0.259 -0.371 -0.183 -0.281 -0.279 -0.270 -0.347 -0.324 -0.148
 1878     27     24     23     25     24     23     25     29     28     26     29     30
 1879 -0.264 -0.267 -0.271 -0.266 -0.345 -0.280 -0.283 -0.152 -0.206 -0.326 -0.230 -0.354 -0.270
 1879     29     30     30     30     34     33     30     33     31     31     30     32
 1880 -0.252 -0.142 -0.069 -0.209 -0.380 -0.523 -0.361 -0.198 -0.249 -0.327 -0.240 -0.184 -0.261
 1880     36     32     29     29     28     33     34     34     30     32     33     36
 1881 -0.183 -0.237 -0.115 -0.134 -0.142 -0.275 -0.125 -0.248 -0.360 -0.143 -0.151 -0.254 -0.197
 1881     32     29     31     33     29     28     32     36     30     32     36     38
 1882 -0.183 -0.077 -0.135 -0.177 -0.304 -0.335 -0.242 -0.352 -0.136 -0.311 -0.241 -0.393 -0.241
 1882     36     33     37     39     34     34     35     35     34     33     32     35
 1883 -0.099 -0.088 -0.003 -0.387 -0.303 -0.177 -0.258 -0.224 -0.289 -0.359 -0.187 -0.464 -0.237
 1883     40     37     36     31     35     34     39     37     37     36     35     36
 1884 -0.343 -0.238 -0.234 -0.244 -0.326 -0.399 -0.437 -0.377 -0.203 -0.300 -0.338 -0.331 -0.314
 1884     36     39     35     40     37     39     37     39     36     37     36     38
 1885 -0.321 -0.380 -0.328 -0.384 -0.386 -0.508 -0.421 -0.379 -0.217 -0.252  0.009 -0.133 -0.308
 1885     39     38     32     32     34     32     37     39     33     33     29     38
 1886 -0.208 -0.337 -0.199 -0.166 -0.083 -0.286 -0.303 -0.159 -0.336 -0.256 -0.318 -0.345 -0.250
 1886     33     36     34     34     31     39     35     39     32     39     40     42
 1887 -0.275 -0.478 -0.419 -0.401 -0.425 -0.626 -0.393 -0.426 -0.411 -0.554 -0.507 -0.618 -0.461
 1887     41     41     38     38     37     36     39     44     38     35     38     35
 1888 -0.652 -0.496 -0.480 -0.508 -0.421 -0.471 -0.466 -0.380 -0.346 -0.212 -0.173 -0.228 -0.403
 1888     38     39     36     40     36     36     40     42     41     40     39     42
 1889 -0.046 -0.046 -0.038 -0.137 -0.258 -0.327 -0.233 -0.331 -0.389 -0.403 -0.316 -0.247 -0.231
 1889     39     40     36     36     34     38     36     36     35     35     36     37
 1890 -0.351 -0.382 -0.494 -0.444 -0.498 -0.496 -0.423 -0.443 -0.556 -0.597 -0.542 -0.357 -0.465
 1890     40     32     30     38     37     35     35     38     33     29     32     35
 1891 -0.394 -0.373 -0.306 -0.330 -0.279 -0.524 -0.540 -0.484 -0.351 -0.361 -0.437 -0.419 -0.400
 1891     33     33     26     27     31     28     24     26     26     24     32     31
 1892 -0.397 -0.243 -0.347 -0.437 -0.415 -0.584 -0.667 -0.584 -0.452 -0.505 -0.399 -0.597 -0.469
 1892     29     32     29     29     29     27     26     28     26     24     26     24
 1893 -0.406 -0.336 -0.211 -0.617 -0.549 -0.609 -0.482 -0.363 -0.474 -0.398 -0.367 -0.335 -0.429
 1893     28     28     31     31     28     23     26     31     32     31     27     28
 1894 -0.295 -0.284 -0.427 -0.456 -0.508 -0.488 -0.428 -0.463 -0.532 -0.504 -0.407 -0.425 -0.435
 1894     31     30     30     31     30     28     30     35     30     31     29     34
 1895 -0.279 -0.372 -0.415 -0.499 -0.569 -0.426 -0.411 -0.271 -0.464 -0.552 -0.333 -0.388 -0.415
 1895     33     31     32     30     33     37     32     38     36     36     34     37
 1896 -0.209 -0.179 -0.204 -0.243 -0.375 -0.292 -0.250 -0.153 -0.284 -0.316 -0.059 -0.140 -0.225
 1896     37     35     38     31     28     34     33     32     30     33     36     35
 1897 -0.188 -0.077 -0.088 -0.183 -0.200 -0.294 -0.400 -0.292 -0.351 -0.471 -0.568 -0.531 -0.304
 1897     31     32     32     35     36     33     33     35     36     36     34     29
 1898 -0.401 -0.480 -0.586 -0.703 -0.598 -0.526 -0.630 -0.522 -0.565 -0.689 -0.561 -0.582 -0.570
 1898     34     36     30     33     36     37     33     33     31     36     37     37
 1899 -0.387 -0.374 -0.359 -0.471 -0.360 -0.356 -0.490 -0.247 -0.319 -0.404 -0.247 -0.451 -0.372
 1899     33     33     35     32     37     36     34     38     38     34     37     35
 1900 -0.276 -0.069 -0.386 -0.336 -0.406 -0.418 -0.294 -0.400 -0.361 -0.506 -0.412 -0.371 -0.353
 1900     38     32     32     30     34     31     29     33     32     34     36     37
 1901 -0.289 -0.362 -0.466 -0.433 -0.364 -0.436 -0.506 -0.431 -0.547 -0.494 -0.641 -0.506 -0.456
 1901     38     37     37     34     33     32     30     36     36     36     35     35
 1902 -0.465 -0.395 -0.425 -0.446 -0.469 -0.583 -0.413 -0.509 -0.499 -0.671 -0.625 -0.448 -0.496
 1902     41     39     40     38     42     39     41     40     37     40     40     39
 1903 -0.562 -0.424 -0.549 -0.617 -0.556 -0.686 -0.567 -0.693 -0.670 -0.782 -0.652 -0.638 -0.616
 1903     38     41     40     41     40     44     44     43     44     37     40     45
 1904 -0.625 -0.564 -0.601 -0.554 -0.621 -0.594 -0.588 -0.549 -0.512 -0.665 -0.594 -0.486 -0.579
 1904     40     41     43     33     40     42     41     44     40     43     42     46
 1905 -0.441 -0.519 -0.412 -0.512 -0.441 -0.510 -0.491 -0.423 -0.528 -0.469 -0.451 -0.306 -0.458
 1905     41     38     38     36     41     39     41     41     39     41     46     43
 1906 -0.198 -0.198 -0.329 -0.281 -0.594 -0.503 -0.503 -0.484 -0.501 -0.542 -0.474 -0.506 -0.426
 1906     43     45     42     42     42     48     42     45     40     35     39     42
 1907 -0.408 -0.473 -0.297 -0.375 -0.547 -0.607 -0.555 -0.434 -0.466 -0.505 -0.599 -0.658 -0.494
 1907     45     40     39     40     41     40     43     46     46     38     42     45
 1908 -0.572 -0.513 -0.531 -0.658 -0.599 -0.656 -0.658 -0.705 -0.633 -0.712 -0.643 -0.668 -0.629
 1908     37     40     45     43     40     39     41     41     36     41     43     47
 1909 -0.687 -0.625 -0.676 -0.598 -0.638 -0.673 -0.754 -0.510 -0.533 -0.692 -0.676 -0.713 -0.648
 1909     44     41     43     45     41     44     47     48     44     46     45     48
 1910 -0.575 -0.632 -0.579 -0.549 -0.607 -0.685 -0.604 -0.637 -0.689 -0.661 -0.749 -0.778 -0.645
 1910     48     46     40     40     47     43     41     44     45     46     46     44
 1911 -0.653 -0.797 -0.796 -0.819 -0.810 -0.792 -0.723 -0.733 -0.805 -0.655 -0.542 -0.358 -0.707
 1911     51     48     49     44     44     44     46     50     37     41     44     44
 1912 -0.342 -0.466 -0.312 -0.390 -0.559 -0.567 -0.516 -0.580 -0.549 -0.595 -0.498 -0.485 -0.488
 1912     42     44     44     48     46     45     47     45     44     44     41     44
 1913 -0.532 -0.369 -0.494 -0.471 -0.400 -0.453 -0.476 -0.467 -0.441 -0.495 -0.448 -0.518 -0.464
 1913     48     54     51     42     48     50     48     51     52     53     47     47
 1914 -0.343 -0.406 -0.377 -0.440 -0.471 -0.405 -0.480 -0.275 -0.353 -0.320 -0.103 -0.320 -0.358
 1914     47     48     49     47     46     47     44     44     26     26     29     29
 1915 -0.178 -0.252 -0.034 -0.147 -0.251 -0.429 -0.418 -0.272 -0.409 -0.389 -0.350 -0.460 -0.299
 1915     28     26     27     30     28     26     25     26     27     30     28     35
 1916 -0.379 -0.274 -0.365 -0.388 -0.397 -0.560 -0.636 -0.413 -0.395 -0.483 -0.700 -0.439 -0.452
 1916     32     32     32     29     31     27     26     34     30     31     29     29
 1917 -0.778 -0.504 -0.758 -0.464 -0.492 -0.432 -0.017 -0.093 -0.076 -0.365 -0.542 -0.434 -0.413
 1917     27     26     30     26     23     26     22     23     25     28     24     21
 1918 -0.403 -0.575 -0.386 -0.589 -0.279 -0.308 -0.241 -0.453 -0.212 -0.232  0.243 -0.153 -0.299
 1918     26     24     25     21     17     20     22     24     21     18     15     17
 1919 -0.109  0.223 -0.192 -0.322 -0.163 -0.301 -0.497 -0.390 -0.305 -0.406 -0.559 -0.439 -0.288
 1919     15     17     17     16     24     25     24     23     20     21     27     25
 1920 -0.396 -0.703 -0.194 -0.224 -0.216 -0.234 -0.537 -0.303 -0.110 -0.131 -0.068 -0.191 -0.276
 1920     22     26     24     21     31     22     27     29     23     29     28     32
 1921 -0.425 -0.347 -0.384 -0.470 -0.345 -0.278 -0.299 -0.377 -0.189 -0.224 -0.223 -0.348 -0.326
 1921     34     35     35     35     36     34     33     41     36     37     36     37
 1922 -0.478 -0.296 -0.498 -0.478 -0.655 -0.521 -0.335 -0.482 -0.427 -0.430 -0.459 -0.407 -0.456
 1922     36     41     42     39     39     43     45     46     46     38     45     43
 1923 -0.444 -0.338 -0.362 -0.225 -0.425 -0.323 -0.513 -0.437 -0.544 -0.539 -0.262 -0.178 -0.382
 1923     48     47     50     41     44     47     47     48     46     45     45     43
 1924 -0.375 -0.217 -0.317 -0.270 -0.389 -0.455 -0.499 -0.384 -0.599 -0.484 -0.563 -0.604 -0.430
 1924     43     49     45     42     47     42     46     48     46     39     45     45
 1925 -0.610 -0.509 -0.312 -0.493 -0.438 -0.364 -0.299 -0.264 -0.363 -0.404 -0.194 -0.192 -0.370
 1925     45     47     41     43     44     40     43     44     38     41     48     43
 1926 -0.283 -0.489 -0.136 -0.221 -0.211 -0.213 -0.475 -0.155 -0.312 -0.297 -0.386 -0.302 -0.290
 1926     46     48     44     41     43     43     45     39     44     46     46     41
 1927 -0.424 -0.312 -0.419 -0.296 -0.320 -0.391 -0.286 -0.341 -0.347 -0.378 -0.472 -0.420 -0.367
 1927     44     50     52     50     52     51     46     51     48     48     50     47
 1928 -0.327 -0.322 -0.476 -0.287 -0.377 -0.376 -0.308 -0.288 -0.486 -0.324 -0.256 -0.340 -0.347
 1928     42     45     44     49     50     45     47     48     46     45     47     45
 1929 -0.354 -0.471 -0.491 -0.384 -0.507 -0.411 -0.545 -0.384 -0.492 -0.427 -0.195 -0.446 -0.426
 1929     43     45     46     47     46     50     46     50     44     44     44     42
 1930 -0.498 -0.462 -0.321 -0.353 -0.243 -0.358 -0.355 -0.277 -0.308 -0.184 -0.165 -0.251 -0.315
 1930     41     42     41     43     48     42     41     47     39     44     43     44
 1931 -0.132 -0.176 -0.188 -0.214 -0.280 -0.262 -0.174 -0.325 -0.267 -0.343 -0.279 -0.314 -0.246
 1931     43     45     45     44     45     44     40     42     41     41     46     47
 1932 -0.275 -0.184 -0.107 -0.247 -0.285 -0.340 -0.309 -0.483 -0.230 -0.380 -0.312 -0.292 -0.287
 1932     44     47     46     46     47     43     42     41     43     45     42     47
 1933 -0.326 -0.300 -0.444 -0.398 -0.336 -0.405 -0.415 -0.351 -0.389 -0.372 -0.396 -0.513 -0.387
 1933     43     45     46     44     42     38     43     45     43     43     49     47
 1934 -0.373 -0.508 -0.478 -0.238 -0.361 -0.151 -0.212 -0.173 -0.144 -0.196 -0.104 -0.299 -0.270
 1934     49     46     51     46     45     38     43     44     44     47     48     50
 1935 -0.194 -0.334 -0.430 -0.223 -0.295 -0.243 -0.290 -0.356 -0.203 -0.310 -0.283 -0.390 -0.296
 1935     46     48     53     47     45     47     46     53     50     51     51     53
 1936 -0.368 -0.225 -0.431 -0.339 -0.356 -0.428 -0.368 -0.290 -0.358 -0.058 -0.229 -0.248 -0.308
 1936     57     58     58     54     52     54     50     56     55     53     52     54
 1937 -0.155 -0.101 -0.229 -0.172 -0.279 -0.235 -0.109 -0.130 -0.123 -0.124 -0.222 -0.155 -0.169
 1937     54     54     56     51     48     51     53     53     49     48     53     50
 1938 -0.166 -0.143 -0.139 -0.138 -0.290 -0.057 -0.172 -0.085 -0.111 -0.002 -0.136 -0.342 -0.148
 1938     53     53     56     49     49     47     48     51     47     46     49     51
 1939 -0.153 -0.139 -0.181 -0.029 -0.137  0.131  0.099  0.007 -0.123 -0.357 -0.114  0.206 -0.066
 1939     51     53     53     48     47     44     42     38     22     21     26     27
 1940  0.135  0.057 -0.166  0.237  0.211 -0.146  0.085  0.052  0.143 -0.060 -0.210  0.099  0.036
 1940     28     26     26     22     30     30     31     35     28     27     28     25
 1941  0.055 -0.088  0.042  0.349 -0.065  0.170  0.132  0.067 -0.130  0.263  0.240  0.226  0.105
 1941     28     29     33     28     26     31     34     36     27     31     31     12
 1942  0.342 -0.056  0.074 -0.124  0.272  0.061 -0.105 -0.145 -0.305 -0.302 -0.391 -0.178 -0.071
 1942     24     30     33     26     25     26     23     23     23     20     27     24
 1943 -0.039 -0.261 -0.249 -0.265 -0.001  0.038  0.018  0.051 -0.122  0.021  0.086 -0.034 -0.063
 1943     21     27     26     22     21     24     19     26     23     22     21     22
 1944 -0.170 -0.128  0.154  0.118  0.150  0.314  0.361  0.184 -0.155 -0.147 -0.141  0.043  0.049
 1944     25     27     26     24     22     22     22     18     17     17     19     19
 1945 -0.079  0.098 -0.040  0.110 -0.160  0.112  0.071  0.206  0.092  0.033 -0.147 -0.209  0.007
 1945     20     22     20     15     14     13     10      6      9     12     11     13
 1946 -0.253 -0.379 -0.382 -0.305 -0.570 -0.662 -0.442 -0.646 -0.375 -0.200 -0.549 -0.515 -0.440
 1946     18     22     21     29     33     27     35     39     32     32     32     45
 1947 -0.299 -0.439 -0.446 -0.223 -0.379 -0.347 -0.177 -0.360 -0.488 -0.490 -0.318 -0.472 -0.370
 1947     35     42     36     35     35     35     39     40     35     32     37     41
 1948 -0.490 -0.429 -0.223 -0.386 -0.282 -0.441 -0.525 -0.375 -0.483 -0.340 -0.399 -0.504 -0.406
 1948     38     46     38     41     38     36     43     44     34     36     37     38
 1949 -0.288 -0.322 -0.300 -0.216 -0.318 -0.404 -0.298 -0.358 -0.235 -0.406 -0.423 -0.356 -0.327
 1949     47     45     50     48     44     43     43     45     44     42     43     48
 1950 -0.447 -0.473 -0.482 -0.387 -0.329 -0.304 -0.132 -0.210 -0.354 -0.331 -0.547 -0.605 -0.383
 1950     51     50     54     44     45     40     45     48     46     43     45     53
 1951 -0.527 -0.496 -0.587 -0.391 -0.476 -0.126 -0.214 -0.195 -0.375 -0.246 -0.420 -0.345 -0.367
 1951     51     51     47     43     40     41     42     44     45     46     47     52
 1952 -0.135 -0.021 -0.173 -0.163 -0.247 -0.235 -0.203 -0.194 -0.156 -0.179 -0.130 -0.213 -0.171
 1952     50     55     52     47     45     47     43     46     43     47     45     51
 1953 -0.227 -0.117 -0.201 -0.059 -0.048 -0.120 -0.153 -0.304 -0.246 -0.237 -0.297 -0.250 -0.188
 1953     54     54     50     43     47     41     43     43     43     46     46     48
 1954 -0.396 -0.257 -0.259 -0.493 -0.491 -0.465 -0.576 -0.411 -0.448 -0.402 -0.364 -0.504 -0.422
 1954     48     48     50     45     48     46     42     50     45     44     45     51
 1955 -0.330 -0.468 -0.402 -0.445 -0.625 -0.512 -0.461 -0.455 -0.424 -0.529 -0.558 -0.528 -0.478
 1955     50     50     53     47     45     43     41     46     45     44     50     57
 1956 -0.459 -0.397 -0.420 -0.462 -0.389 -0.349 -0.342 -0.343 -0.290 -0.325 -0.231 -0.261 -0.356
 1956     57     59     59     49     46     49     47     45     48     51     54     58
 1957 -0.266 -0.199 -0.153 -0.157  0.043 -0.027 -0.015 -0.107 -0.212 -0.229 -0.182 -0.234 -0.145
 1957     59     59     61     52     49     46     47     50     49     51     53     59
 1958 -0.073 -0.056 -0.166 -0.243 -0.200 -0.212 -0.165 -0.118 -0.184 -0.170 -0.233 -0.135 -0.163
 1958     60     58     59     55     52     50     51     52     49     50     55     54
 1959 -0.152 -0.192 -0.199 -0.158 -0.143 -0.174 -0.245 -0.118 -0.153 -0.101 -0.221 -0.251 -0.176
 1959     61     65     62     53     49     48     51     53     53     54     54     62
 1960 -0.249 -0.252 -0.220 -0.302 -0.181 -0.310 -0.234 -0.189 -0.124 -0.229 -0.233 -0.116 -0.220
 1960     61     61     62     58     54     48     54     51     54     52     58     58
 1961 -0.140 -0.032 -0.120 -0.119 -0.045  0.022 -0.181 -0.075 -0.203 -0.202 -0.192 -0.241 -0.127
 1961     61     62     59     55     50     52     51     55     51     54     61     60
 1962 -0.230 -0.165 -0.194 -0.203 -0.162 -0.097 -0.023 -0.140 -0.111 -0.115 -0.208 -0.251 -0.158
 1962     63     62     64     55     49     47     46     49     49     48     50     53
 1963 -0.266 -0.254 -0.170 -0.173 -0.018 -0.112 -0.063 -0.059 -0.124 -0.202 -0.190 -0.179 -0.151
 1963     63     59     58     58     52     49     46     51     52     49     56     62
 1964 -0.319 -0.307 -0.332 -0.380 -0.422 -0.325 -0.404 -0.409 -0.440 -0.298 -0.524 -0.534 -0.391
 1964     68     67     66     59     55     55     54     55     59     57     61     67
 1965 -0.295 -0.293 -0.361 -0.268 -0.306 -0.269 -0.284 -0.261 -0.227 -0.271 -0.344 -0.279 -0.288
 1965     65     65     66     62     58     54     53     56     57     60     64     68
 1966 -0.286 -0.294 -0.329 -0.203 -0.338 -0.252 -0.189 -0.266 -0.249 -0.368 -0.321 -0.203 -0.275
 1966     69     67     65     58     59     55     55     54     59     58     59     61
 1967 -0.312 -0.295 -0.242 -0.372 -0.225 -0.229 -0.298 -0.321 -0.314 -0.351 -0.320 -0.448 -0.311
 1967     69     70     66     60     59     57     55     56     55     57     59     65
 1968 -0.361 -0.440 -0.358 -0.348 -0.435 -0.238 -0.231 -0.128 -0.182 -0.141 -0.130  0.007 -0.249
 1968     70     66     65     62     60     59     58     58     58     57     60     65
 1969  0.008  0.045  0.112  0.110  0.086 -0.005 -0.129  0.004 -0.042  0.018 -0.009  0.031  0.019
 1969     72     70     64     63     59     56     59     58     59     59     63     68
 1970  0.081 -0.050 -0.067 -0.059 -0.104 -0.201 -0.176 -0.198 -0.184 -0.113 -0.098 -0.150 -0.110
 1970     73     67     70     64     61     60     60     58     58     60     63     70
 1971 -0.163 -0.261 -0.301 -0.214 -0.172 -0.180 -0.118 -0.184 -0.110 -0.138 -0.065 -0.295 -0.184
 1971     69     72     68     64     56     57     61     58     61     61     62     67
 1972 -0.023 -0.005  0.011 -0.007  0.010  0.053  0.063  0.127  0.126  0.174  0.303  0.428  0.105
 1972     72     73     69     64     57     58     60     58     60     61     63     69
 1973  0.225  0.247  0.258  0.183  0.134  0.046  0.047  0.061  0.084  0.040 -0.012 -0.063  0.104
 1973     71     72     68     62     61     63     62     64     58     61     66     69
 1974 -0.258 -0.296 -0.269 -0.124 -0.054 -0.072 -0.140 -0.015 -0.041 -0.115 -0.058 -0.136 -0.132
 1974     72     73     69     62     61     56     57     59     59     62     62     68
 1975 -0.237 -0.176 -0.106 -0.114 -0.115 -0.088 -0.126 -0.138 -0.193 -0.163 -0.304 -0.374 -0.178
 1975     67     70     64     65     63     60     58     60     62     59     62     66
 1976 -0.372 -0.278 -0.319 -0.228 -0.295 -0.253 -0.085 -0.134 -0.098 -0.064  0.071  0.102 -0.163
 1976     67     67     65     62     61     59     56     59     57     61     61     65
 1977  0.179  0.156  0.070  0.011  0.068  0.018  0.011 -0.097 -0.067 -0.042 -0.022 -0.159  0.010
 1977     70     69     68     65     61     62     58     63     61     62     65     71
 1978 -0.033 -0.055 -0.054 -0.146 -0.045 -0.051 -0.043 -0.125 -0.015 -0.157  0.002 -0.043 -0.064
 1978     70     70     70     66     63     58     59     59     59     61     62     72
 1979  0.006  0.001  0.040  0.095  0.000  0.046  0.088  0.092  0.077  0.075  0.179  0.194  0.074
 1979     79     78     76     74     76     73     72     70     68     69     71     75
 1980  0.137  0.192  0.245  0.143  0.063  0.038  0.038 -0.033 -0.025 -0.042  0.074  0.009  0.070
 1980     77     77     75     72     67     67     64     65     61     64     67     75
 1981  0.018 -0.050  0.016 -0.040  0.037  0.106  0.099  0.054  0.091 -0.056 -0.018  0.111  0.031
 1981     75     75     76     70     64     63     62     64     62     66     69     71
 1982  0.041 -0.072 -0.086 -0.029  0.014 -0.046  0.010  0.013  0.129  0.115  0.089  0.178  0.030
 1982     76     79     79     71     64     63     63     62     62     65     68     71
 1983  0.294  0.293  0.206  0.225  0.193  0.239  0.142  0.179  0.108  0.100  0.110  0.097  0.182
 1983     76     80     76     72     66     64     64     66     64     65     68     72
 1984  0.108  0.129  0.052  0.064  0.005  0.069 -0.054  0.088  0.199  0.018  0.085  0.075  0.070
 1984     79     79     75     70     66     65     62     68     65     67     70     72
 1985  0.085  0.139  0.114  0.037  0.061 -0.042  0.074  0.053  0.015  0.080 -0.085  0.048  0.048
 1985     76     77     76     73     70     67     72     70     68     71     70     79
 1986 -0.019  0.068  0.035 -0.044 -0.064 -0.002  0.044 -0.030  0.061  0.141  0.073  0.019  0.024
 1986     78     78     76     77     70     69     68     64     68     71     72     75
 1987  0.096  0.121  0.169  0.126  0.162  0.114  0.258  0.245  0.251  0.215  0.248  0.178  0.182
 1987     79     81     77     74     70     70     71     71     68     69     71     77
 1988  0.251  0.262  0.203  0.171  0.204  0.117  0.067  0.118  0.110  0.052  0.007 -0.039  0.127
 1988     78     81     77     76     69     70     67     69     69     68     71     73
 1989  0.048  0.033  0.060  0.013  0.022 -0.005  0.106  0.166  0.105  0.071  0.075  0.099  0.066
 1989     76     79     76     73     69     67     66     65     66     68     70     73
 1990  0.108  0.216  0.160  0.229  0.183  0.172  0.145  0.129  0.030  0.134  0.068  0.092  0.139
 1990     73     75     73     73     71     68     65     67     64     66     68     71
 1991  0.118  0.089  0.174  0.196  0.280  0.137  0.240  0.210  0.135  0.089  0.060  0.078  0.151
 1991     71     74     73     68     66     66     67     66     64     63     68     70
 1992  0.123  0.138  0.120  0.148  0.127  0.112  0.105  0.083  0.067 -0.035 -0.020 -0.032  0.078
 1992     74     73     74     68     67     64     60     63     64     64     69     71
 1993  0.148  0.086  0.195  0.038  0.122  0.148  0.077  0.099  0.158  0.107  0.170  0.010  0.113
 1993     72     72     73     69     63     64     63     64     62     64     67     69
 1994  0.060 -0.005  0.122  0.038  0.174  0.104  0.091  0.048 -0.033  0.068  0.124  0.108  0.075
 1994     72     71     71     67     65     62     62     65     64     67     67     70
 1995  0.162  0.221  0.236  0.110  0.138  0.117  0.221  0.115  0.030  0.054  0.136 -0.011  0.127
 1995     71     72     73     70     67     67     69     68     68     69     69     71
 1996  0.051  0.214  0.230  0.206  0.118  0.037  0.110  0.096  0.044  0.088  0.113  0.154  0.122
 1996     74     74     73     69     67     69     66     66     67     67     68     71
 1997  0.051  0.090  0.215  0.103  0.166  0.245  0.270  0.326  0.376  0.434  0.476  0.494  0.270
 1997     72     73     71     70     69     67     67     68     66     65     67     70
 1998  0.455  0.511  0.582  0.576  0.572  0.524  0.561  0.500  0.276  0.303  0.352  0.303  0.460
 1998     69     70     70     66     67     64     65     63     61     63     65     68
 1999  0.241  0.280  0.374  0.304  0.170  0.212  0.231  0.138  0.192  0.089  0.184  0.144  0.213
 1999     67     67     67     65     64     63     62     64     62     66     66     68
 2000  0.176  0.193  0.182  0.294  0.114  0.194  0.176  0.217  0.256  0.204  0.243  0.175  0.202
 2000     72     72     68     66     64     63     60     63     60     63     65     68
 2001  0.254  0.307  0.448  0.402  0.286  0.390  0.349  0.399  0.339  0.304  0.362  0.261  0.342
 2001     67     70     69     66     65     64     64     66     64     66     66     69
 2002  0.454  0.372  0.535  0.363  0.414  0.418  0.366  0.363  0.287  0.322  0.234  0.337  0.372
 2002     69     73     72     68     66     65     63     66     63     65     69     69
 2003  0.397  0.445  0.450  0.404  0.315  0.331  0.363  0.365  0.307  0.352  0.321  0.293  0.362
 2003     68     70     70     68     67     66     67     68     67     66     68     72
 2004  0.324  0.392  0.303  0.328  0.300  0.196  0.237  0.274  0.290  0.266  0.258  0.265  0.286
 2004     70     73     71     69     68     68     66     68     66     67     69     73
 2005  0.305  0.332  0.368  0.331  0.284  0.268  0.299  0.340  0.244  0.269  0.190  0.242  0.289
 2005     72     72     70     68     68     68     67     69     69     69     69     72
 2006  0.269  0.355  0.313  0.313  0.318  0.254  0.253  0.300  0.182  0.154  0.184  0.305  0.267
 2006     74     73     75     72     70     72     71     71     71     72     70     75
 2007  0.296  0.305  0.261  0.246  0.225  0.270  0.296  0.143  0.210  0.109  0.063 -0.012  0.201
 2007     72     73     73     72     70     70     70     72     70     71     72     75
 2008  0.028  0.095  0.124  0.143  0.176  0.135  0.204  0.254  0.217  0.186  0.122  0.216  0.158
 2008     74     77     78     75     72     74     73     72     71     72     73     74
 2009  0.285  0.232  0.285  0.360  0.387  0.414  0.387  0.376  0.264  0.000  0.000  0.000  0.332
 2009     74     75     75     72     71     70     70     71     69      0      0      0
