2001.0438              273.0850524902343750
2001.1260              273.5130615234375000
2001.2054              273.5182189941406250
2001.2904              273.1714477539062500
2001.3726              272.9686279296875000
2001.4575              272.9279785156250000
2001.5397              272.8896484375000000
2001.6246              272.9193725585937500
2001.7096              272.9629821777343750
2001.7917              273.0086669921875000
2001.8767              273.0282592773437500
2001.9589              273.1030273437500000
2002.0438              273.4047241210937500
2002.1260              273.8373718261718750
2002.2054              273.8830566406250000
2002.2904              273.6232604980468750
2002.3726              273.3281250000000000
2002.4575              272.8786010742187500
2002.5397              272.7280883789062500
2002.6246              272.7070617675781250
2002.7096              272.7799072265625000
2002.7917              272.8352966308593750
2002.8767              272.8378601074218750
2002.9589              272.9399719238281250
2003.0438              273.3889770507812500
2003.1260              273.7991638183593750
2003.2054              273.8197937011718750
2003.2904              273.5418395996093750
2003.3726              273.0450439453125000
2003.4575              272.5950622558593750
2003.5397              272.3468933105468750
2003.6246              272.4112548828125000
2003.7096              272.5051879882812500
2003.7917              272.5501098632812500
2003.8767              272.6181640625000000
2003.9589              272.8115234375000000
2004.0437              273.4895629882812500
2004.1257              273.9398193359375000
2004.2076              273.8625793457031250
2004.2924              273.5942382812500000
2004.3743              273.3350524902343750
2004.4590              272.9263000488281250
2004.5410              272.8377380371093750
2004.6257              272.7396240234375000
2004.7103              272.7968139648437500
2004.7924              272.8529968261718750
2004.8771              272.8756713867187500
2004.9590              272.8603515625000000
2005.0438              273.3626403808593750
2005.1260              273.8130798339843750
2005.2054              273.8063354492187500
2005.2904              273.4011230468750000
2005.3726              273.0652770996093750
2005.4575              272.5835571289062500
2005.5397              272.5450744628906250
2005.6246              272.5531005859375000
2005.7096              272.6553039550781250
2005.7917              272.6910705566406250
2005.8767              272.8022460937500000
2005.9589              272.9659729003906250
2006.0438              273.4939575195312500
2006.1260              273.8881225585937500
2006.2054              273.8583984375000000
2006.2904              273.4406433105468750
2006.3726              273.1805725097656250
2006.4575              272.7339477539062500
2006.5397              272.4851989746093750
2006.6246              272.4308776855468750
2006.7096              272.5625305175781250
2006.7917              272.6650390625000000
2006.8767              272.7569274902343750
2006.9589              272.7940673828125000
2007.0438              273.2307434082031250
2007.1260              273.5421752929687500
2007.2054              273.5957946777343750
2007.2904              273.3653869628906250
2007.3726              273.0352172851562500
2007.4575              272.7708435058593750
2007.5397              272.7417602539062500
2007.6246              272.7459106445312500
2007.7096              272.7519226074218750
2007.7917              272.7788391113281250
2007.8767              272.8247680664062500
2007.9589              272.9095153808593750
2008.0437              273.3137817382812500
2008.1257              273.7906494140625000
2008.2076              273.7279968261718750
2008.2924              273.3983459472656250
2008.3743              272.9425354003906250
2008.4590              272.8814697265625000
2008.5410              272.8174133300781250
2008.6257              272.7607421875000000
2008.7103              272.7972412109375000
2008.7924              272.8168640136718750
2008.8771              272.8958129882812500
2008.9590              272.9736938476562500
2009.0438              273.1002807617187500
2009.1260              273.5190429687500000
2009.2054              273.4972839355468750
2009.2904              273.1727905273437500
2009.3726              272.9150695800781250
2009.4575              272.9370422363281250
2009.5397              272.8188781738281250
2009.6246              272.7435607910156250
2009.7096              272.8506469726562500
2009.7917              272.9360046386718750
2009.8767              272.9804077148437500
2009.9589              273.0048828125000000
2010.0438              273.2571105957031250
2010.1260              273.6926574707031250
2010.2054              273.7198486328125000
2010.2904              273.1688232421875000
2010.3726              272.9181213378906250
2010.4575              272.7939758300781250
2010.5397              272.8111572265625000
2010.6246              272.8295288085937500
2010.7096              272.8584594726562500
2010.7917              272.9196777343750000
2010.8767              272.9802856445312500
2010.9589              273.0271911621093750
2011.0438              273.3142395019531250
2011.1260              273.7022705078125000
2011.2054              273.6915588378906250
2011.2904              273.3493652343750000
2011.3726              273.1271362304687500
2011.4575              272.8449096679687500
2011.5397              272.7743835449218750
2011.6246              272.7083129882812500
2011.7096              272.7576293945312500
2011.7917              272.8375244140625000
2011.8767              272.8813781738281250
2011.9589              272.9426574707031250
2012.0437              273.2453308105468750
2012.1257              273.6446228027343750
2012.2076              273.6829528808593750
2012.2924              273.4429016113281250
2012.3743              273.0821838378906250
2012.4590              272.8999328613281250
2012.5410              272.8579406738281250
2012.6257              272.8094482421875000
2012.7103              272.8259277343750000
2012.7924              272.8857116699218750
2012.8771              272.9322204589843750
2012.9590              273.0229187011718750
2013.0438              273.5363769531250000
2013.1260              273.9878540039062500
2013.2054              273.9999084472656250
2013.2904              273.7129821777343750
2013.3726              273.5983581542968750
2013.4575              273.0035705566406250
2013.5397              272.8487243652343750
2013.6246              272.7683410644531250
2013.7096              272.8158569335937500
2013.7917              272.9447937011718750
2013.8767              272.9887084960937500
2013.9589              273.1749572753906250
2014.0438              273.7911987304687500
2014.1260              274.1739196777343750
2014.2054              274.1481018066406250
2014.2904              273.8854064941406250
2014.3726              273.4068908691406250
2014.4575              272.7376098632812500
2014.5397              272.6480712890625000
2014.6246              272.6635742187500000
2014.7096              272.7254638671875000
2014.7917              272.7829284667968750
2014.8767              272.8287048339843750
2014.9589              272.9218139648437500
2015.0438              273.2895202636718750
2015.1260              273.6797485351562500
2015.2054              273.6830444335937500
2015.2904              273.4065246582031250
2015.3726              273.0470275878906250
2015.4575              272.9063720703125000
2015.5397              272.8786621093750000
2015.6246              272.8783569335937500
2015.7096              272.9346008300781250
2015.7917              273.0124816894531250
2015.8767              273.0346679687500000
2015.9589              273.1764831542968750
2016.0437              273.8287963867187500
2016.1257              274.1777038574218750
2016.2076              274.1570434570312500
2016.2924              273.8501281738281250
2016.3743              273.4739074707031250
2016.4590              272.9258117675781250
2016.5410              272.7638854980468750
2016.6257              272.7728576660156250
2016.7103              272.7885437011718750
2016.7924              272.8349609375000000
2016.8771              272.8804016113281250
2016.9590              272.9268493652343750
2017.0438              273.1980590820312500
2017.1260              273.5695800781250000
2017.2054              273.5404663085937500
2017.2904              273.2375488281250000
2017.3726              272.9997253417968750
2017.4575              272.8380737304687500
2017.5397              272.7334899902343750
2017.6246              272.7370605468750000
2017.7096              272.8390197753906250
2017.7917              272.8858642578125000
2017.8767              272.9659423828125000
2017.9589              273.0690612792968750
2018.0438              273.5778503417968750
2018.1260              273.8950195312500000
2018.2054              273.8601074218750000
2018.2904              273.5590515136718750
2018.3726              273.1357727050781250
2018.4575              272.8693237304687500
2018.5397              272.6289062500000000
2018.6246              272.6612548828125000
2018.7096              272.6708068847656250
2018.7917              272.6848449707031250
2018.8767              272.7293701171875000
2018.9589              272.8014221191406250
2019.0438              273.1869812011718750
2019.1260              273.6439208984375000
2019.2054              273.6567687988281250
2019.2904              273.3557739257812500
2019.3726              273.0452880859375000
2019.4575              272.8023376464843750
2019.5397              272.7611083984375000
2019.6246              272.7697753906250000
2019.7096              272.8017272949218750
2019.7917              272.8499145507812500
2019.8767              272.9361572265625000
2019.9589              273.0533142089843750
2020.0437              273.5748291015625000
2020.1257              273.9024658203125000
2020.2076              273.9481811523437500
2020.2924              273.7026672363281250
2020.3743              273.3769531250000000
2020.4590              273.0705566406250000
2020.5410              272.9272155761718750
2020.6257              272.8765869140625000
2020.7103              272.8544006347656250
2020.7924              272.8899536132812500
2020.8771              272.9473571777343750
2020.9590              273.1911315917968750
2021.0438              273.7626953125000000
2021.1260              274.0733642578125000
2021.2054              274.0376892089843750
2021.2904              273.6577148437500000
2021.3726              273.2495117187500000
2021.4575              272.8037414550781250
2021.5397              272.6030273437500000
2021.6246              272.5574035644531250
2021.7096              272.5970764160156250
2021.7917              272.6559448242187500
2021.8767              272.7869567871093750
2021.9589              273.0330810546875000
2022.0438              273.5638732910156250
2022.1260              273.8307189941406250
2022.2054              273.8238220214843750
2022.2904              273.5040588378906250
2022.3726              273.2305908203125000
2022.4575              272.7870483398437500
2022.5397              272.5473022460937500
2022.6246              272.5797729492187500
2022.7096              272.6979675292968750
2022.7917              272.8162841796875000
2022.8767              272.8884277343750000
2022.9589              273.0612182617187500
2023.0438              273.7279968261718750
2023.1260              274.1212463378906250
2023.2054              273.9743347167968750
2023.2904              273.5996093750000000
2023.3726              273.2440185546875000
2023.4575              272.7208557128906250
2023.5397              272.3487548828125000
2023.6246              272.3407287597656250
2023.7096              272.4607849121093750
2023.7917              272.5030212402343750
2023.8767              272.6051635742187500
2023.9589              272.9513854980468750
2024.0437              273.6440734863281250
2024.1257              273.9274291992187500
2024.2076              273.9512023925781250
2024.2924              273.6272583007812500
2024.3743              273.3284301757812500
2024.4590              273.0276489257812500
2024.5410              272.8086242675781250
2024.6257              272.7739562988281250
2024.7103              272.8300170898437500
2024.7924              272.8808898925781250
2024.8771              272.9639282226562500
2024.9590              273.0699157714843750
2025.0438              273.5804748535156250
2025.1260              273.8991699218750000
2025.2054              273.9132080078125000
2025.2904              273.5346069335937500
2025.3726              273.0954589843750000
2025.4575              272.8419799804687500
2025.5397              272.7496337890625000
2025.6246              272.7755432128906250
2025.7096              272.7972106933593750
2025.7917              272.8117980957031250
2025.8767              272.8645324707031250
2025.9589              272.9052429199218750
2026.0438              273.1553649902343750
2026.1260              273.5878601074218750
2026.2054              273.6692199707031250
2026.2904              273.4838562011718750
2026.3726              273.3621520996093750
2026.4575              273.0384521484375000
2026.5397              272.9656982421875000
2026.6246              272.9299621582031250
2026.7096              272.9865722656250000
2026.7917              272.9954223632812500
2026.8767              273.0187683105468750
2026.9589              273.0202941894531250
2027.0438              273.3990173339843750
2027.1260              273.8483581542968750
2027.2054              273.8535766601562500
2027.2904              273.6402587890625000
2027.3726              273.3032836914062500
2027.4575              273.0005493164062500
2027.5397              272.9281921386718750
2027.6246              272.8834228515625000
2027.7096              272.9269714355468750
2027.7917              272.9899291992187500
2027.8767              273.0181579589843750
2027.9589              273.0058593750000000
2028.0437              273.3120117187500000
2028.1257              273.7569580078125000
2028.2076              273.7551879882812500
2028.2924              273.5416259765625000
2028.3743              273.2548522949218750
2028.4590              272.9427490234375000
2028.5410              272.8008728027343750
2028.6257              272.7623291015625000
2028.7103              272.8252868652343750
2028.7924              272.8437194824218750
2028.8771              272.9693908691406250
2028.9590              273.1474304199218750
2029.0438              273.6976623535156250
2029.1260              274.1052246093750000
2029.2054              274.1047363281250000
2029.2904              273.9002380371093750
2029.3726              273.6405029296875000
2029.4575              273.1149597167968750
2029.5397              272.9495544433593750
2029.6246              272.9639892578125000
2029.7096              272.9916992187500000
2029.7917              273.0647888183593750
2029.8767              273.1050720214843750
2029.9589              273.1473388671875000
2030.0438              273.4536132812500000
2030.1260              273.7396545410156250
2030.2054              273.8187866210937500
2030.2904              273.5057678222656250
2030.3726              273.0524902343750000
2030.4575              272.9936218261718750
2030.5397              272.9500427246093750
2030.6246              272.9274291992187500
2030.7096              272.9454650878906250
2030.7917              272.9547729492187500
2030.8767              273.0091552734375000
2030.9589              273.0058593750000000
2031.0438              273.1792907714843750
2031.1260              273.5944213867187500
2031.2054              273.6459655761718750
2031.2904              273.3034667968750000
2031.3726              272.9695739746093750
2031.4575              273.0389404296875000
2031.5397              272.9704284667968750
2031.6246              273.0118103027343750
2031.7096              273.0745239257812500
2031.7917              273.0810852050781250
2031.8767              273.0751647949218750
2031.9589              273.1120605468750000
2032.0437              273.4321899414062500
2032.1257              273.8199157714843750
2032.2076              273.7565002441406250
2032.2924              273.2917480468750000
2032.3743              273.0481567382812500
2032.4590              272.9417419433593750
2032.5410              272.8625793457031250
2032.6257              272.8227539062500000
2032.7103              272.8811340332031250
2032.7924              272.9100646972656250
2032.8771              272.9354858398437500
2032.9590              272.9917602539062500
2033.0438              273.2540893554687500
2033.1260              273.6525573730468750
2033.2054              273.6862487792968750
2033.2904              273.3787536621093750
2033.3726              273.0769348144531250
2033.4575              272.9720764160156250
2033.5397              272.9501953125000000
2033.6246              272.9604797363281250
2033.7096              273.0136718750000000
2033.7917              272.9366455078125000
2033.8767              272.9724121093750000
2033.9589              272.9772644042968750
2034.0438              273.2381286621093750
2034.1260              273.6522216796875000
2034.2054              273.7256469726562500
2034.2904              273.4421691894531250
2034.3726              273.0402832031250000
2034.4575              273.0242004394531250
2034.5397              272.9532470703125000
2034.6246              272.9246215820312500
2034.7096              272.9430541992187500
2034.7917              272.9043273925781250
2034.8767              272.9739379882812500
2034.9589              273.0979003906250000
2035.0438              273.4655456542968750
2035.1260              273.8905639648437500
2035.2054              273.8670349121093750
2035.2904              273.5536499023437500
2035.3726              273.1491699218750000
2035.4575              273.0556640625000000
2035.5397              273.0081176757812500
2035.6246              273.0648193359375000
2035.7096              273.0664978027343750
2035.7917              273.1097412109375000
2035.8767              273.1549682617187500
2035.9589              273.1829833984375000
2036.0437              273.5816955566406250
2036.1257              273.9756469726562500
2036.2076              274.0187988281250000
2036.2924              273.5911865234375000
2036.3743              273.2808532714843750
2036.4590              272.7295532226562500
2036.5410              272.5425720214843750
2036.6257              272.5314025878906250
2036.7103              272.6083679199218750
2036.7924              272.6900329589843750
2036.8771              272.7814025878906250
2036.9590              272.9606628417968750
2037.0438              273.6296691894531250
2037.1260              274.0267639160156250
2037.2054              273.9166870117187500
2037.2904              273.5738525390625000
2037.3726              273.4429016113281250
2037.4575              273.0420227050781250
2037.5397              272.8472595214843750
2037.6246              272.7202453613281250
2037.7096              272.7161865234375000
2037.7917              272.7312316894531250
2037.8767              272.7794494628906250
2037.9589              273.0896301269531250
2038.0438              273.7562561035156250
2038.1260              274.1776123046875000
2038.2054              274.1060180664062500
2038.2904              273.7731018066406250
2038.3726              273.5735778808593750
2038.4575              272.9988403320312500
2038.5397              272.7806091308593750
2038.6246              272.7426452636718750
2038.7096              272.8098449707031250
2038.7917              272.8211059570312500
2038.8767              272.8533630371093750
2038.9589              273.0124511718750000
2039.0438              273.6214599609375000
2039.1260              273.9815368652343750
2039.2054              273.9793090820312500
2039.2904              273.6057739257812500
2039.3726              273.1051330566406250
2039.4575              272.7014465332031250
2039.5397              272.4090576171875000
2039.6246              272.4112854003906250
2039.7096              272.5129394531250000
2039.7917              272.6538696289062500
2039.8767              272.7454833984375000
2039.9589              273.0925903320312500
2040.0437              273.6080932617187500
2040.1257              273.8714599609375000
2040.2076              273.8298034667968750
2040.2924              273.4905090332031250
2040.3743              273.3327941894531250
2040.4590              272.9350891113281250
2040.5410              272.7185058593750000
2040.6257              272.6564636230468750
2040.7103              272.7335205078125000
2040.7924              272.7609863281250000
2040.8771              272.7816162109375000
2040.9590              272.9999084472656250
2041.0438              273.6735534667968750
2041.1260              273.9863586425781250
2041.2054              273.9976501464843750
2041.2904              273.6885375976562500
2041.3726              273.2794494628906250
2041.4575              272.8517761230468750
2041.5397              272.7740478515625000
2041.6246              272.7922363281250000
2041.7096              272.8337402343750000
2041.7917              272.8013305664062500
2041.8767              272.8137817382812500
2041.9589              272.8574218750000000
2042.0438              272.9803771972656250
2042.1260              273.3710327148437500
2042.2054              273.5752868652343750
2042.2904              273.3488769531250000
2042.3726              273.0099182128906250
2042.4575              272.8545227050781250
2042.5397              272.8351745605468750
2042.6246              272.8354187011718750
2042.7096              272.8591308593750000
2042.7917              272.9044189453125000
2042.8767              272.9540710449218750
2042.9589              273.0220642089843750
2043.0438              273.3892211914062500
2043.1260              273.7767333984375000
2043.2054              273.8386230468750000
2043.2904              273.6131286621093750
2043.3726              273.1354370117187500
2043.4575              272.9371948242187500
2043.5397              272.9183044433593750
2043.6246              272.8633728027343750
2043.7096              272.9072875976562500
2043.7917              272.8765258789062500
2043.8767              272.8728637695312500
2043.9589              272.8980102539062500
2044.0437              273.0729064941406250
2044.1257              273.4960021972656250
2044.2076              273.6387634277343750
2044.2924              273.4142150878906250
2044.3743              272.9133605957031250
2044.4590              272.8413696289062500
2044.5410              272.8544311523437500
2044.6257              272.8323974609375000
2044.7103              272.8378601074218750
2044.7924              272.9133300781250000
2044.8771              272.9849853515625000
2044.9590              273.0298767089843750
2045.0438              273.1986999511718750
2045.1260              273.6012878417968750
2045.2054              273.5726013183593750
2045.2904              273.0685119628906250
2045.3726              272.9792175292968750
2045.4575              272.9754333496093750
2045.5397              272.9188232421875000
2045.6246              272.9241943359375000
2045.7096              272.9874877929687500
2045.7917              273.0083923339843750
2045.8767              273.0136718750000000
2045.9589              273.0754699707031250
2046.0438              273.2269592285156250
2046.1260              273.6563720703125000
2046.2054              273.7082214355468750
2046.2904              273.4711303710937500
2046.3726              273.0475463867187500
2046.4575              273.0200195312500000
2046.5397              272.9972839355468750
2046.6246              272.9948120117187500
2046.7096              272.9619750976562500
2046.7917              273.0204467773437500
2046.8767              273.0857849121093750
2046.9589              273.1394348144531250
2047.0438              273.4364929199218750
2047.1260              273.8178100585937500
2047.2054              273.8345642089843750
2047.2904              273.4097290039062500
2047.3726              273.0654602050781250
2047.4575              273.0396118164062500
2047.5397              272.9895629882812500
2047.6246              272.9573669433593750
2047.7096              272.9531555175781250
2047.7917              272.9174499511718750
2047.8767              272.9714965820312500
2047.9589              273.0570983886718750
2048.0437              273.4093933105468750
2048.1257              273.8491210937500000
2048.2078              273.8583679199218750
2048.2922              273.4606323242187500
2048.3743              272.9981689453125000
2048.4590              273.0147399902343750
2048.5410              272.9826965332031250
2048.6257              273.0192871093750000
2048.7104              273.0624084472656250
2048.7922              273.0315246582031250
2048.8770              273.0897216796875000
2048.9590              273.1837463378906250
2049.0439              273.7041625976562500
2049.1260              274.1951293945312500
2049.2056              274.2111206054687500
2049.2905              273.8570556640625000
2049.3726              273.3423461914062500
2049.4575              272.8695373535156250
2049.5398              272.7991333007812500
2049.6248              272.7784118652343750
2049.7095              272.8262023925781250
2049.7917              272.9182128906250000
2049.8767              272.9679565429687500
2049.9590              272.9628295898437500
2050.0439              273.1175231933593750
2050.1260              273.5836181640625000
2050.2056              273.6740417480468750
2050.2905              273.4871826171875000
2050.3726              273.0176086425781250
2050.4575              272.9750061035156250
2050.5398              272.9556884765625000
2050.6248              272.9987182617187500
2050.7095              273.0259399414062500
2050.7917              273.0429687500000000
2050.8767              273.0168762207031250
2050.9590              273.0584716796875000
2051.0439              273.2847290039062500
2051.1260              273.7441406250000000
2051.2056              273.7586364746093750
2051.2905              273.4111022949218750
2051.3726              273.0614929199218750
2051.4575              272.9559326171875000
2051.5398              272.9279785156250000
2051.6248              272.9490356445312500
2051.7095              272.9470520019531250
2051.7917              272.9491577148437500
2051.8767              272.9769287109375000
2051.9590              273.0923156738281250
2052.0437              273.6342468261718750
2052.1257              274.0378723144531250
2052.2078              273.9748535156250000
2052.2922              273.7164916992187500
2052.3743              273.2709655761718750
2052.4590              273.0031127929687500
2052.5410              272.9349975585937500
2052.6257              272.9592285156250000
2052.7104              273.0209350585937500
2052.7922              273.0274353027343750
2052.8770              273.0965270996093750
2052.9590              273.2668762207031250
2053.0439              273.8592529296875000
2053.1260              274.1337280273437500
2053.2056              274.0982055664062500
2053.2905              273.7628173828125000
2053.3726              273.3564453125000000
2053.4575              273.0504760742187500
2053.5398              272.8847961425781250
2053.6248              272.8356323242187500
2053.7095              272.8812255859375000
2053.7917              272.9166259765625000
2053.8767              272.9841003417968750
2053.9590              273.0747375488281250
2054.0439              273.5301208496093750
2054.1260              273.9084472656250000
2054.2056              273.8934631347656250
2054.2905              273.6380310058593750
2054.3726              273.3632202148437500
2054.4575              272.9815063476562500
2054.5398              272.8614807128906250
2054.6248              272.8283081054687500
2054.7095              272.9173889160156250
2054.7917              272.9283447265625000
2054.8767              273.0024414062500000
2054.9590              272.9934387207031250
2055.0439              273.2961120605468750
2055.1260              273.6871948242187500
2055.2056              273.7172851562500000
2055.2905              273.5127258300781250
2055.3726              273.1701049804687500
2055.4575              272.9943542480468750
2055.5398              272.9900817871093750
2055.6248              273.0070190429687500
2055.7095              273.0842895507812500
2055.7917              273.1091613769531250
2055.8767              273.1470031738281250
2055.9590              273.1892395019531250
2056.0437              273.6414794921875000
2056.1257              274.0655517578125000
2056.2078              274.0820312500000000
2056.2922              273.8722839355468750
2056.3743              273.4356689453125000
2056.4590              273.0273132324218750
2056.5410              272.8948974609375000
2056.6257              272.7977600097656250
2056.7104              272.9126281738281250
2056.7922              273.0032348632812500
2056.8770              273.0910644531250000
2056.9590              273.2361450195312500
2057.0439              273.7794799804687500
2057.1260              274.0682067871093750
2057.2056              274.0905151367187500
2057.2905              273.7049865722656250
2057.3726              273.3829650878906250
2057.4575              273.0338745117187500
2057.5398              272.7624816894531250
2057.6248              272.7282104492187500
2057.7095              272.7708129882812500
2057.7917              272.8211975097656250
2057.8767              272.9253540039062500
2057.9590              273.1478271484375000
2058.0439              273.7837829589843750
2058.1260              274.1873168945312500
2058.2056              274.1733093261718750
2058.2905              273.8107604980468750
2058.3726              273.5786743164062500
2058.4575              273.2183837890625000
2058.5398              272.9453125000000000
2058.6248              272.7890319824218750
2058.7095              272.8032836914062500
2058.7917              272.8567199707031250
2058.8767              272.8819274902343750
2058.9590              272.9418334960937500
2059.0439              273.4768066406250000
2059.1260              273.8819274902343750
2059.2056              273.9375610351562500
2059.2905              273.7571411132812500
2059.3726              273.3692016601562500
2059.4575              272.9948425292968750
2059.5398              272.8425292968750000
2059.6248              272.7817993164062500
2059.7095              272.8549804687500000
2059.7917              272.8890686035156250
2059.8767              272.9086303710937500
2059.9590              272.9385681152343750
2060.0437              273.4234924316406250
2060.1257              273.9111022949218750
2060.2078              273.8665771484375000
2060.2922              273.4436950683593750
2060.3743              273.1323852539062500
2060.4590              272.6108398437500000
2060.5410              272.4762268066406250
2060.6257              272.4895935058593750
2060.7104              272.5422973632812500
2060.7922              272.6965332031250000
2060.8770              272.7840270996093750
2060.9590              272.8650512695312500
2061.0439              273.5302124023437500
2061.1260              273.8722534179687500
2061.2056              273.8284606933593750
2061.2905              273.5093994140625000
2061.3726              273.2770080566406250
2061.4575              272.9535827636718750
2061.5398              272.8486938476562500
2061.6248              272.7929382324218750
2061.7095              272.8891601562500000
2061.7917              272.9371948242187500
2061.8767              272.9999389648437500
2061.9590              273.1340026855468750
2062.0439              273.6579589843750000
2062.1260              273.9942321777343750
2062.2056              274.0435791015625000
2062.2905              273.8533020019531250
2062.3726              273.5467529296875000
2062.4575              273.0005493164062500
2062.5398              273.0047912597656250
2062.6248              272.9817810058593750
2062.7095              273.0092468261718750
2062.7917              273.0599060058593750
2062.8767              273.1233825683593750
2062.9590              273.2534484863281250
2063.0439              273.8519592285156250
2063.1260              274.1513671875000000
2063.2056              274.1106262207031250
2063.2905              273.7773742675781250
2063.3726              273.4934387207031250
2063.4575              273.0611877441406250
2063.5398              272.8753967285156250
2063.6248              272.7963867187500000
2063.7095              272.8090515136718750
2063.7917              272.8523864746093750
2063.8767              272.9588012695312500
2063.9590              273.1053161621093750
2064.0437              273.6538696289062500
2064.1257              274.0263977050781250
2064.2078              274.0638427734375000
2064.2922              273.8148498535156250
2064.3743              273.6474304199218750
2064.4590              273.1581726074218750
2064.5410              272.8863525390625000
2064.6257              272.7646179199218750
2064.7104              272.7999877929687500
2064.7922              272.9067077636718750
2064.8770              272.9794006347656250
2064.9590              273.1242980957031250
2065.0439              273.8030700683593750
2065.1260              274.1965942382812500
2065.2056              274.1406250000000000
2065.2905              273.9489135742187500
2065.3726              273.7593078613281250
2065.4575              273.1102294921875000
2065.5398              272.9499511718750000
2065.6248              273.0217285156250000
2065.7095              273.0812072753906250
2065.7917              273.0341186523437500
2065.8767              273.0705261230468750
2065.9590              273.2112121582031250
2066.0439              273.7631225585937500
2066.1260              274.0528564453125000
2066.2056              274.0345764160156250
2066.2905              273.7698059082031250
2066.3726              273.4120178222656250
2066.4575              272.9343566894531250
2066.5398              272.8648071289062500
2066.6248              272.9880065917968750
2066.7095              273.0600585937500000
2066.7917              273.0845336914062500
2066.8767              273.1448364257812500
2066.9590              273.3125610351562500
2067.0439              273.9085693359375000
2067.1260              274.2952880859375000
2067.2056              274.3013305664062500
2067.2905              273.9646911621093750
2067.3726              273.4913330078125000
2067.4575              273.0325927734375000
2067.5398              272.7987976074218750
2067.6248              272.7450561523437500
2067.7095              272.7495422363281250
2067.7917              272.7326965332031250
2067.8767              272.8468933105468750
2067.9590              272.9039306640625000
2068.0437              273.2044982910156250
2068.1257              273.6296997070312500
2068.2078              273.6680297851562500
2068.2922              273.3291320800781250
2068.3743              273.0867614746093750
2068.4590              272.8382568359375000
2068.5410              272.8302612304687500
2068.6257              272.7853698730468750
2068.7104              272.8638610839843750
2068.7922              272.9468078613281250
2068.8770              272.9982299804687500
2068.9590              273.0763549804687500
2069.0439              273.4401855468750000
2069.1260              273.8705139160156250
2069.2056              273.9316711425781250
2069.2905              273.5932006835937500
2069.3726              273.3460998535156250
2069.4575              273.0748596191406250
2069.5398              273.0106811523437500
2069.6248              273.0195007324218750
2069.7095              273.0686340332031250
2069.7917              273.1246948242187500
2069.8767              273.1353454589843750
2069.9590              273.2706604003906250
2070.0439              273.9225158691406250
2070.1260              274.2557067871093750
2070.2056              274.2150573730468750
2070.2905              273.9724426269531250
2070.3726              273.8062744140625000
2070.4575              273.2936401367187500
2070.5398              272.7426757812500000
2070.6248              272.6784973144531250
2070.7095              272.7175903320312500
2070.7917              272.7672424316406250
2070.8767              272.8153381347656250
2070.9590              272.9319152832031250
2071.0439              273.3927001953125000
2071.1260              273.8060913085937500
2071.2056              273.8320617675781250
2071.2905              273.6878967285156250
2071.3726              273.6731567382812500
2071.4575              273.1882934570312500
2071.5398              273.0113220214843750
2071.6248              273.0173034667968750
2071.7095              273.0739746093750000
2071.7917              273.0621337890625000
2071.8767              273.0658569335937500
2071.9590              273.1218261718750000
2072.0437              273.6309814453125000
2072.1257              273.9854125976562500
2072.2078              274.0385437011718750
2072.2922              273.7970275878906250
2072.3743              273.4304809570312500
2072.4590              273.0102844238281250
2072.5410              272.9219970703125000
2072.6257              272.9176635742187500
2072.7104              272.9113159179687500
2072.7922              272.9682006835937500
2072.8770              273.0652160644531250
2072.9590              273.1578063964843750
2073.0439              273.5740661621093750
2073.1260              273.9443054199218750
2073.2056              273.9704589843750000
2073.2905              273.7296447753906250
2073.3726              273.6272277832031250
2073.4575              273.1218872070312500
2073.5398              273.0099487304687500
2073.6248              273.0414733886718750
2073.7095              273.1095886230468750
2073.7917              273.1336975097656250
2073.8767              273.1286315917968750
2073.9590              273.1754760742187500
2074.0439              273.5967712402343750
2074.1260              273.9651184082031250
2074.2056              273.9327697753906250
2074.2905              273.6348266601562500
2074.3726              273.5123596191406250
2074.4575              273.1343078613281250
2074.5398              273.0063171386718750
2074.6248              272.9922180175781250
2074.7095              273.0049133300781250
2074.7917              273.0688171386718750
2074.8767              273.1612243652343750
2074.9590              273.3273010253906250
2075.0439              273.9869689941406250
2075.1260              274.2075195312500000
2075.2056              274.1712951660156250
2075.2905              273.8845520019531250
2075.3726              273.5952453613281250
2075.4575              273.0603332519531250
2075.5398              272.9237670898437500
2075.6248              272.8859558105468750
2075.7095              272.8816528320312500
2075.7917              272.8898620605468750
2075.8767              272.9615478515625000
2075.9590              273.0790100097656250
2076.0437              273.5494689941406250
2076.1257              273.8412475585937500
2076.2078              273.8296203613281250
2076.2922              273.5335388183593750
2076.3743              273.3191528320312500
2076.4590              272.7496948242187500
2076.5410              272.5670166015625000
2076.6257              272.5780334472656250
2076.7104              272.6582946777343750
2076.7922              272.7598266601562500
2076.8770              272.8592224121093750
2076.9590              272.9448242187500000
2077.0439              273.4516296386718750
2077.1260              273.8094787597656250
2077.2056              273.8729553222656250
2077.2905              273.7280273437500000
2077.3726              273.6448364257812500
2077.4575              273.1183166503906250
2077.5398              272.9550781250000000
2077.6248              272.9986267089843750
2077.7095              273.0293273925781250
2077.7917              273.0215759277343750
2077.8767              273.0263671875000000
2077.9590              273.1879577636718750
2078.0439              273.6953125000000000
2078.1260              274.0775451660156250
2078.2056              274.1468200683593750
2078.2905              273.8280029296875000
2078.3726              273.5231628417968750
2078.4575              273.0425720214843750
2078.5398              272.9769287109375000
2078.6248              272.9805297851562500
2078.7095              273.0481872558593750
2078.7917              273.0198059082031250
2078.8767              273.0668945312500000
2078.9590              273.2492065429687500
2079.0439              273.9388732910156250
2079.1260              274.3115844726562500
2079.2056              274.2875976562500000
2079.2905              274.0013122558593750
2079.3726              273.5711669921875000
2079.4575              273.1904907226562500
2079.5398              272.9613647460937500
2079.6248              272.9012451171875000
2079.7095              272.9163513183593750
2079.7917              272.9070129394531250
2079.8767              273.0102539062500000
2079.9590              273.0895080566406250
2080.0437              273.5709228515625000
2080.1257              274.0328979492187500
2080.2078              274.0776977539062500
2080.2922              273.8572998046875000
2080.3743              273.6618347167968750
2080.4590              273.1962280273437500
2080.5410              273.0148925781250000
2080.6257              273.0674438476562500
2080.7104              273.1468200683593750
2080.7922              273.1690979003906250
2080.8770              273.1440429687500000
2080.9590              273.2031860351562500
2081.0439              273.8325500488281250
2081.1260              274.2739868164062500
2081.2056              274.2737121582031250
2081.2905              273.9594726562500000
2081.3726              273.4844055175781250
2081.4575              272.9710083007812500
2081.5398              272.7511901855468750
2081.6248              272.6810913085937500
2081.7095              272.7752075195312500
2081.7917              272.8162841796875000
2081.8767              272.9451904296875000
2081.9590              273.0791625976562500
2082.0439              273.5664978027343750
2082.1260              273.9603271484375000
2082.2056              273.9286193847656250
2082.2905              273.6137084960937500
2082.3726              273.3448181152343750
2082.4575              272.9366760253906250
2082.5398              272.7829589843750000
2082.6248              272.7610778808593750
2082.7095              272.7897338867187500
2082.7917              272.8317871093750000
2082.8767              272.9140930175781250
2082.9590              273.0267944335937500
2083.0439              273.5263366699218750
2083.1260              273.8632812500000000
2083.2056              273.8162841796875000
2083.2905              273.4401855468750000
2083.3726              273.3060607910156250
2083.4575              273.0477294921875000
2083.5398              272.6037292480468750
2083.6248              272.5635681152343750
2083.7095              272.6640930175781250
2083.7917              272.7602233886718750
2083.8767              272.8687438964843750
2083.9590              273.1740417480468750
2084.0437              273.8684387207031250
2084.1257              274.1827087402343750
2084.2078              274.1759643554687500
2084.2922              273.8200988769531250
2084.3743              273.4879455566406250
2084.4590              273.0741271972656250
2084.5410              272.6988830566406250
2084.6257              272.6354675292968750
2084.7104              272.7020568847656250
2084.7922              272.8055419921875000
2084.8770              272.9637451171875000
2084.9590              273.4405517578125000
2085.0439              274.0747680664062500
2085.1260              274.3819580078125000
2085.2056              274.4068908691406250
2085.2905              274.0912780761718750
2085.3726              273.7589721679687500
2085.4575              273.2079467773437500
2085.5398              272.8482666015625000
2085.6248              272.7921142578125000
2085.7095              272.8903198242187500
2085.7917              272.9769897460937500
2085.8767              273.1096496582031250
2085.9590              273.5421447753906250
2086.0439              274.2295532226562500
2086.1260              274.3679809570312500
2086.2056              274.3311157226562500
2086.2905              274.0851440429687500
2086.3726              273.7173461914062500
2086.4575              273.2517395019531250
2086.5398              272.8484802246093750
2086.6248              272.8393554687500000
2086.7095              272.8615722656250000
2086.7917              272.9024963378906250
2086.8767              273.0224914550781250
2086.9590              273.1936645507812500
2087.0439              273.7509765625000000
2087.1260              274.0422973632812500
2087.2056              274.0690307617187500
2087.2905              273.7450561523437500
2087.3726              273.6026000976562500
2087.4575              273.2096862792968750
2087.5398              273.0436401367187500
2087.6248              273.0170898437500000
2087.7095              273.0516357421875000
2087.7917              273.0892333984375000
2087.8767              273.1140747070312500
2087.9590              273.2471618652343750
2088.0437              273.8782958984375000
2088.1257              274.2556152343750000
2088.2078              274.2429809570312500
2088.2922              273.9447326660156250
2088.3743              273.6828308105468750
2088.4590              273.2419128417968750
2088.5410              273.1264953613281250
2088.6257              273.1057434082031250
2088.7104              273.1634521484375000
2088.7922              273.1088562011718750
2088.8770              273.1502075195312500
2088.9590              273.2967224121093750
2089.0439              273.8850402832031250
2089.1260              274.2192687988281250
2089.2056              274.1736145019531250
2089.2905              273.9328308105468750
2089.3726              273.5821228027343750
2089.4575              273.0918273925781250
2089.5398              273.0044250488281250
2089.6248              273.0131835937500000
2089.7095              273.0436096191406250
2089.7917              273.0794067382812500
2089.8767              273.1155395507812500
2089.9590              273.2793273925781250
2090.0439              273.9449768066406250
2090.1260              274.2731323242187500
2090.2056              274.2435913085937500
2090.2905              273.9272766113281250
2090.3726              273.6603088378906250
2090.4575              273.0479125976562500
2090.5398              272.9990234375000000
2090.6248              272.9877929687500000
2090.7095              273.0463562011718750
2090.7917              273.1039428710937500
2090.8767              273.1717834472656250
2090.9590              273.4561157226562500
2091.0439              274.0952453613281250
2091.1260              274.3135986328125000
2091.2056              274.2794494628906250
2091.2905              274.0589904785156250
2091.3726              273.7408447265625000
2091.4575              273.2296142578125000
2091.5398              272.9801330566406250
2091.6248              272.9125671386718750
2091.7095              272.9613952636718750
2091.7917              273.0083312988281250
2091.8767              273.0612182617187500
2091.9590              273.5136108398437500
2092.0437              274.0663146972656250
2092.1257              274.3815002441406250
2092.2078              274.3837280273437500
2092.2922              274.1334838867187500
2092.3743              273.9521484375000000
2092.4590              273.4721069335937500
2092.5410              273.0394287109375000
2092.6257              273.0225830078125000
2092.7104              273.0697021484375000
2092.7922              273.0650939941406250
2092.8770              273.1716613769531250
2092.9590              273.7359313964843750
2093.0439              274.3591003417968750
2093.1260              274.5904541015625000
2093.2056              274.4803161621093750
2093.2905              274.1111450195312500
2093.3726              273.8303222656250000
2093.4575              273.3827819824218750
2093.5398              273.0647583007812500
2093.6248              273.0940246582031250
2093.7095              273.1863098144531250
2093.7917              273.2178039550781250
2093.8767              273.2589111328125000
2093.9590              273.7810974121093750
2094.0439              274.4622497558593750
2094.1260              274.7300720214843750
2094.2056              274.6483459472656250
2094.2905              274.3829040527343750
2094.3726              274.0306701660156250
2094.4575              273.5084228515625000
2094.5398              273.0645141601562500
2094.6248              272.9581909179687500
2094.7095              273.0205993652343750
2094.7917              273.1056213378906250
2094.8767              273.1759643554687500
2094.9590              273.7611694335937500
2095.0439              274.4036560058593750
2095.1260              274.7374267578125000
2095.2056              274.6485900878906250
2095.2905              274.3235778808593750
2095.3726              273.8721313476562500
2095.4575              273.2455139160156250
2095.5398              272.9687194824218750
2095.6248              272.9737548828125000
2095.7095              273.0363464355468750
2095.7917              273.0777893066406250
2095.8767              273.0917053222656250
2095.9590              273.1971130371093750
2096.0437              273.8284912109375000
2096.1257              274.1560058593750000
2096.2078              274.1551513671875000
2096.2922              274.0128173828125000
2096.3743              273.8002929687500000
2096.4590              273.1574096679687500
2096.5410              273.0892639160156250
2096.6257              273.0431823730468750
2096.7104              273.0231933593750000
2096.7922              273.0732116699218750
2096.8770              273.1661987304687500
2096.9590              273.3075866699218750
2097.0439              273.8077697753906250
2097.1260              274.1606750488281250
2097.2056              274.1959838867187500
2097.2905              273.9680175781250000
2097.3726              273.6569519042968750
2097.4575              273.1430053710937500
2097.5398              272.9830932617187500
2097.6248              272.9036560058593750
2097.7095              272.9741516113281250
2097.7917              273.0305480957031250
2097.8767              273.0811462402343750
2097.9590              273.2187194824218750
2098.0439              273.8416137695312500
2098.1260              274.2856445312500000
2098.2056              274.2416992187500000
2098.2905              273.9715270996093750
2098.3726              273.5435791015625000
2098.4575              273.1107788085937500
2098.5398              273.0719299316406250
2098.6248              273.0722351074218750
2098.7095              273.0510864257812500
2098.7917              273.0690307617187500
2098.8767              273.1783447265625000
2098.9590              273.4878234863281250
2099.0439              274.1995239257812500
2099.1260              274.4870300292968750
2099.2056              274.3665466308593750
2099.2905              274.0100402832031250
2099.3726              273.6844177246093750
2099.4575              273.3243103027343750
2099.5398              273.0487060546875000
2099.6248              273.0496520996093750
2099.7095              273.0547485351562500
2099.7917              273.0873107910156250
2099.8767              273.0889282226562500
2099.9590              273.2002868652343750
2100.0439              273.7076416015625000
2100.1260              274.0900268554687500
2100.2056              274.1332397460937500
2100.2905              273.8558654785156250
2100.3726              273.7165832519531250
2100.4575              273.3493957519531250
2100.5398              272.9711608886718750
2100.6248              272.8931884765625000
2100.7095              272.9483032226562500
2100.7917              272.9944458007812500
2100.8767              273.0783386230468750
2100.9590              273.4017333984375000
